2.708999999999999742e-01 2.597999999999999754e-01 8.970000000000000195e-02 2.535999999999999921e-01
2.545000000000000040e-01 2.572999999999999732e-01 1.139000000000000012e-01 2.019999999999999921e-02
2.970000000000000070e-02 1.760000000000000106e-02 1.728000000000000091e-01 2.005000000000000115e-01
9.349999999999999978e-02 2.910000000000000087e-02 3.490000000000000047e-02 6.079999999999999988e-02
2.759999999999999953e-02 5.260000000000000092e-02 1.409999999999999969e-02 2.670000000000000151e-02
2.620000000000000107e-02 9.900000000000000813e-03 4.800000000000000100e-02 2.869999999999999982e-02
4.649999999999999967e-02 1.340000000000000045e-02 9.400000000000000369e-03 2.089999999999999844e-02
8.800000000000000530e-03 9.700000000000000289e-03 1.190000000000000085e-02 6.199999999999999782e-03
3.799999999999999992e-03 1.469999999999999953e-02 3.799999999999999906e-02 2.000000000000000042e-03
1.060000000000000005e-02 2.089999999999999844e-02 5.799999999999999600e-03 1.420000000000000082e-02
3.399999999999999811e-03 1.119999999999999989e-02 7.000000000000000146e-03 1.060000000000000005e-02
1.100000000000000066e-03 4.499999999999999660e-03 2.899999999999999800e-03 6.799999999999999621e-03
2.599999999999999881e-02 3.700000000000000164e-03 7.499999999999999722e-03 5.700000000000000205e-03
6.000000000000000125e-03 1.199999999999999895e-03 2.099999999999999870e-03 2.399999999999999790e-03
2.000000000000000042e-03 5.799999999999999600e-03 4.100000000000000346e-03 5.899999999999999863e-03
