7.200000000000000000e+01 7.000000000000000000e+01 6.800000000000000000e+01 7.200000000000000000e+01
1.300000000000000000e+02 1.280000000000000000e+02 1.180000000000000000e+02 1.340000000000000000e+02
1.760000000000000000e+02 1.780000000000000000e+02 1.760000000000000000e+02 1.900000000000000000e+02
2.380000000000000000e+02 2.240000000000000000e+02 2.240000000000000000e+02 2.380000000000000000e+02
2.660000000000000000e+02 2.600000000000000000e+02 2.680000000000000000e+02 2.820000000000000000e+02
3.420000000000000000e+02 3.240000000000000000e+02 3.380000000000000000e+02 3.440000000000000000e+02
3.820000000000000000e+02 3.960000000000000000e+02 3.760000000000000000e+02 3.820000000000000000e+02
4.360000000000000000e+02 4.220000000000000000e+02 4.400000000000000000e+02 4.580000000000000000e+02
4.960000000000000000e+02 4.780000000000000000e+02 4.820000000000000000e+02 4.720000000000000000e+02
5.540000000000000000e+02 5.520000000000000000e+02 5.500000000000000000e+02 5.340000000000000000e+02
