8.808880888088809202e-01 8.301830183018301668e-01 7.965796579657965504e-01 9.000900090009000820e-01 8.502850285028502597e-01 8.190819081908190524e-01 8.946894689468947170e-01 8.481848184818482350e-01 8.043804380438044355e-01 8.844884488448845339e-01 8.367836783678367363e-01 7.968796879687969348e-01
7.965796579657965504e-01 6.876687668766876538e-01 5.925592559255925540e-01 8.301830183018301668e-01 7.356735673567357248e-01 6.570657065706571043e-01 8.136813681368136875e-01 7.158715871587159052e-01 6.342634263426342178e-01 8.331833183318332336e-01 7.563756375637563645e-01 6.897689768976897895e-01
7.989798979897989595e-01 6.852685268526852447e-01 5.778577857785778260e-01 7.395739573957396118e-01 6.045604560456045995e-01 4.761476147614761567e-01 7.818781878187819334e-01 6.318631863186318087e-01 5.316531653165316174e-01 7.824782478247824802e-01 6.600660066006600601e-01 5.664566456645664383e-01
6.828682868286828356e-01 5.172517251725172738e-01 4.047404740474047635e-01 7.164716471647164520e-01 5.406540654065407070e-01 4.299429942994299481e-01 6.948694869486948811e-01 5.121512151215121822e-01 4.017401740174017521e-01 7.239723972397239526e-01 5.631563156315632090e-01 4.587458745874587462e-01
6.702670267026702433e-01 4.899489948994899535e-01 3.711371137113711471e-01 6.483648364836483990e-01 4.758475847584758278e-01 3.297329732973297567e-01 6.600660066006600601e-01 4.707470747074707362e-01 3.513351335133513276e-01 6.429642964296429231e-01 4.764476447644764301e-01 3.423342334233423490e-01
6.045604560456045995e-01 4.209420942094209694e-01 2.841284128412841503e-01 6.288628862886288529e-01 4.293429342934293458e-01 3.144314431443144264e-01 5.493549354935493012e-01 3.396339633963396110e-01 2.229222922292229125e-01 6.081608160816082131e-01 4.107410741074107308e-01 2.715271527152715025e-01
5.913591359135913494e-01 3.813381338133813303e-01 2.643264326432643307e-01 5.592559255925592110e-01 3.573357335733573503e-01 2.571257125712571034e-01 5.778577857785778260e-01 4.119411941194119353e-01 2.676267626762676155e-01 5.232523252325232965e-01 3.027302730273027098e-01 1.782178217821782096e-01
5.142514251425142069e-01 2.982298229822982205e-01 1.917191719171917330e-01 4.932493249324932383e-01 2.913291329132913221e-01 1.776177617761776073e-01 5.379537953795379135e-01 3.447344734473447581e-01 2.190219021902190255e-01 4.884488448844884756e-01 2.643264326432643307e-01 1.578157815781578155e-01
5.043504350435042971e-01 2.928292829282928555e-01 1.854185418541854091e-01 4.386438643864386533e-01 2.547254725472547499e-01 1.449144914491449221e-01 4.455445544554455517e-01 2.376237623762376128e-01 1.542154215421542018e-01 4.938493849384938406e-01 2.940294029402940046e-01 1.710171017101710100e-01
3.888388838883888310e-01 1.992199219921992337e-01 1.107110711071107173e-01 4.815481548154815217e-01 2.802280228022802078e-01 1.863186318631863125e-01 3.897389738973897622e-01 1.971197119711971257e-01 1.185118511851185052e-01 4.212421242124212428e-01 2.037203720372037230e-01 1.242124212421242130e-01
4.182418241824182314e-01 2.148214821482148096e-01 1.467146714671467012e-01 3.819381938193819326e-01 1.734173417341734191e-01 1.002100210021002052e-01 3.936393639363936492e-01 1.899189918991899262e-01 1.209120912091209143e-01 4.068406840684068437e-01 1.869186918691869148e-01 1.155115511551155077e-01
3.237323732373237339e-01 1.542154215421542018e-01 8.490849084908490274e-02 3.237323732373237339e-01 1.362136213621362169e-01 7.830783078307830547e-02 4.161416141614161512e-01 2.055205520552055298e-01 1.257125712571257048e-01 4.026402640264026278e-01 2.202220222022202301e-01 1.281128112811281139e-01
3.348334833483348483e-01 1.497149714971497125e-01 9.180918091809181503e-02 3.858385838583858196e-01 1.899189918991899262e-01 1.098109810981098139e-01 3.699369936993699426e-01 1.872187218721872159e-01 1.104110411041104162e-01 3.264326432643264164e-01 1.509150915091509171e-01 8.730873087308731184e-02
2.949294929492949358e-01 1.359135913591359157e-01 8.190819081908190524e-02 3.123312331233123462e-01 1.374137413741374214e-01 9.030903090309030934e-02 3.423342334233423490e-01 1.551155115511551053e-01 1.080108010801080071e-01 3.633363336333633176e-01 1.833183318331833289e-01 1.089108910891089105e-01
3.120312031203120173e-01 1.416141614161416096e-01 8.820882088208821525e-02 3.099309930993099371e-01 1.239123912391239118e-01 7.920792079207920888e-02 3.198319831983198469e-01 1.428142814281428141e-01 9.180918091809181503e-02 3.021302130213021075e-01 1.380138013801380237e-01 8.850885088508850251e-02
2.778277827782778542e-01 1.308130813081308241e-01 7.980798079807981116e-02 2.781278127812781276e-01 1.323132313231323021e-01 7.320732073207321389e-02 2.958295829582958114e-01 1.305130513051305230e-01 8.850885088508850251e-02 2.844284428442844237e-01 1.284128412841284150e-01 8.880888088808880365e-02
2.523252325232523408e-01 1.098109810981098139e-01 7.710771077107710092e-02 2.466246624662466191e-01 1.011101110111011087e-01 7.020702070207020251e-02 2.379237923792379139e-01 1.194119411941194087e-01 7.170717071707170820e-02 2.463246324632463180e-01 9.750975097509750888e-02 6.960696069606960024e-02
2.475247524752475226e-01 1.095109510951095128e-01 8.130813081308130297e-02 2.313231323132313166e-01 1.092109210921092116e-01 6.840684068406840956e-02 2.487248724872487271e-01 1.053105310531053107e-01 8.580858085808580615e-02 2.817281728172817412e-01 1.257125712571257048e-01 8.580858085808580615e-02
1.869186918691869148e-01 8.370837083708371207e-02 6.600660066006600046e-02 2.289228922892289353e-01 9.540954095409541480e-02 7.260726072607261161e-02 2.487248724872487271e-01 1.032103210321032166e-01 7.680768076807681366e-02 2.094209420942094169e-01 7.920792079207920888e-02 7.020702070207020251e-02
2.049204920492049276e-01 9.390939093909390911e-02 6.090609060906090888e-02 2.049204920492049276e-01 8.550855085508550502e-02 6.540654065406541207e-02 2.388238823882388173e-01 1.161116111611161100e-01 7.530753075307530797e-02 1.935193519351935121e-01 8.670867086708670957e-02 6.570657065706571320e-02
1.614161416141614291e-01 7.770777077707770319e-02 6.660666066606660274e-02 1.881188118811881194e-01 8.580858085808580615e-02 6.360636063606360524e-02 1.788178817881788119e-01 7.860786078607860661e-02 6.300630063006300297e-02 1.809180918091809198e-01 8.130813081308130297e-02 6.360636063606360524e-02
2.241224122412241171e-01 1.002100210021002052e-01 6.930693069306931298e-02 1.947194719471947166e-01 7.920792079207920888e-02 6.960696069606960024e-02 1.794179417941794141e-01 8.310831083108310979e-02 6.360636063606360524e-02 1.851185118511851080e-01 8.040804080408041343e-02 6.150615061506150422e-02
1.668166816681668219e-01 7.710771077107710092e-02 5.970597059705970433e-02 1.617161716171617025e-01 7.140714071407140706e-02 6.390639063906390638e-02 1.848184818481848068e-01 7.830783078307830547e-02 6.990699069906990137e-02 1.812181218121812210e-01 8.340834083408341093e-02 6.600660066006600046e-02
1.473147314731473034e-01 6.990699069906990137e-02 5.760576057605760331e-02 1.701170117011701066e-01 7.740774077407740206e-02 6.630663066306630160e-02 1.587158715871587189e-01 7.140714071407140706e-02 7.050705070507050365e-02 1.500150015001500137e-01 7.560756075607560911e-02 6.630663066306630160e-02
1.461146114611461266e-01 7.440744074407440456e-02 6.600660066006600046e-02 1.476147614761476046e-01 6.690669066906690388e-02 6.840684068406840956e-02 1.509150915091509171e-01 6.960696069606960024e-02 6.360636063606360524e-02 1.605160516051605257e-01 8.010801080108011230e-02 5.550555055505550228e-02
1.251125112511251025e-01 7.050705070507050365e-02 6.300630063006300297e-02 1.353135313531353134e-01 6.330633063306330410e-02 6.300630063006300297e-02 1.713171317131713112e-01 7.650765076507651252e-02 6.780678067806780729e-02 1.725172517251725157e-01 7.770777077707770319e-02 5.760576057605760331e-02
1.659165916591659184e-01 8.610861086108610729e-02 6.780678067806780729e-02 1.275127512751275116e-01 6.960696069606960024e-02 6.630663066306630160e-02 1.134113411341134137e-01 6.630663066306630160e-02 5.820582058205820558e-02 1.494149414941494114e-01 7.260726072607261161e-02 6.750675067506750615e-02
1.152115211521152066e-01 6.330633063306330410e-02 6.090609060906090888e-02 1.116111611161116068e-01 6.750675067506750615e-02 6.840684068406840956e-02 1.299129912991299207e-01 6.600660066006600046e-02 6.270627062706270183e-02 1.341134113411341089e-01 6.960696069606960024e-02 5.790579057905790444e-02
1.323132313231323021e-01 7.260726072607261161e-02 6.180618061806180535e-02 1.191119111911191075e-01 6.450645064506450865e-02 6.390639063906390638e-02 1.191119111911191075e-01 7.140714071407140706e-02 5.430543054305430467e-02 1.221122112211221189e-01 6.540654065406541207e-02 6.180618061806180535e-02
1.365136513651365180e-01 6.750675067506750615e-02 5.970597059705970433e-02 1.137113711371137148e-01 6.300630063006300297e-02 6.210621062106210649e-02 1.299129912991299207e-01 7.200720072007200934e-02 6.120612061206120308e-02 1.326132613261326032e-01 7.620762076207621138e-02 6.060606060606060774e-02
1.119111911191119080e-01 6.630663066306630160e-02 5.910591059105910899e-02 1.107110711071107173e-01 7.500750075007500683e-02 6.720672067206720501e-02 1.002100210021002052e-01 6.600660066006600046e-02 5.820582058205820558e-02 1.320132013201320009e-01 6.330633063306330410e-02 6.870687068706871070e-02
1.017101710171017109e-01 6.090609060906090888e-02 6.390639063906390638e-02 1.029102910291029155e-01 7.020702070207020251e-02 6.360636063606360524e-02 1.083108310831083082e-01 7.080708070807080479e-02 6.510651065106511093e-02 1.206120612061206132e-01 6.450645064506450865e-02 6.360636063606360524e-02
1.077107710771077059e-01 5.700570057005700797e-02 5.670567056705670683e-02 9.630963096309630433e-02 7.410741074107410342e-02 6.330633063306330410e-02 1.077107710771077059e-01 6.810681068106810843e-02 5.970597059705970433e-02 1.041104110411041062e-01 5.970597059705970433e-02 6.180618061806180535e-02
9.330933093309330684e-02 6.330633063306330410e-02 7.140714071407140706e-02 1.029102910291029155e-01 5.880588058805880786e-02 5.040504050405040376e-02 1.266126612661266082e-01 6.780678067806780729e-02 7.110711071107110592e-02 9.810981098109811116e-02 7.320732073207321389e-02 6.360636063606360524e-02
8.790879087908791412e-02 5.940594059405940319e-02 6.750675067506750615e-02 9.870987098709871344e-02 6.690669066906690388e-02 6.960696069606960024e-02 1.032103210321032166e-01 5.880588058805880786e-02 5.550555055505550228e-02 9.330933093309330684e-02 6.900690069006901184e-02 7.140714071407140706e-02
9.540954095409541480e-02 6.180618061806180535e-02 6.300630063006300297e-02 1.200120012001200109e-01 6.720672067206720501e-02 6.270627062706270183e-02 9.510951095109511366e-02 5.730573057305730911e-02 6.210621062106210649e-02 9.060906090609061048e-02 6.180618061806180535e-02 6.540654065406541207e-02
9.630963096309630433e-02 6.570657065706571320e-02 5.310531053105310706e-02 1.194119411941194087e-01 7.800780078007800433e-02 6.450645064506450865e-02 9.690969096909690661e-02 6.660666066606660274e-02 6.120612061206120308e-02 9.330933093309330684e-02 6.450645064506450865e-02 6.060606060606060774e-02
1.074107410741074048e-01 6.810681068106810843e-02 6.540654065406541207e-02 7.950795079507951002e-02 7.410741074107410342e-02 6.420642064206420752e-02 7.860786078607860661e-02 6.420642064206420752e-02 5.640564056405640569e-02 8.760876087608761298e-02 6.480648064806480979e-02 7.080708070807080479e-02
8.820882088208821525e-02 6.240624062406240763e-02 6.390639063906390638e-02 8.010801080108011230e-02 5.730573057305730911e-02 5.070507050705070490e-02 9.270927092709270456e-02 6.030603060306030661e-02 6.510651065106511093e-02 1.200120012001200109e-01 6.720672067206720501e-02 5.850585058505850672e-02
9.060906090609061048e-02 5.460546054605460581e-02 6.060606060606060774e-02 7.080708070807080479e-02 6.270627062706270183e-02 6.420642064206420752e-02 8.940894089408940593e-02 6.390639063906390638e-02 6.750675067506750615e-02 8.250825082508250752e-02 5.880588058805880786e-02 6.360636063606360524e-02
8.220822082208220638e-02 5.910591059105910899e-02 6.270627062706270183e-02 8.340834083408341093e-02 6.390639063906390638e-02 5.730573057305730911e-02 8.730873087308731184e-02 6.120612061206120308e-02 6.660666066606660274e-02 7.830783078307830547e-02 6.540654065406541207e-02 5.940594059405940319e-02
8.280828082808280866e-02 6.090609060906090888e-02 6.150615061506150422e-02 8.040804080408041343e-02 6.390639063906390638e-02 6.090609060906090888e-02 7.260726072607261161e-02 6.360636063606360524e-02 6.510651065106511093e-02 8.670867086708670957e-02 5.970597059705970433e-02 6.840684068406840956e-02
7.890789078907890775e-02 6.000600060006000547e-02 5.850585058505850672e-02 7.110711071107110592e-02 5.820582058205820558e-02 6.840684068406840956e-02 7.560756075607560911e-02 6.000600060006000547e-02 6.600660066006600046e-02 8.280828082808280866e-02 6.810681068106810843e-02 6.480648064806480979e-02
7.080708070807080479e-02 6.420642064206420752e-02 6.120612061206120308e-02 7.710771077107710092e-02 5.340534053405340820e-02 5.220522052205220365e-02 6.840684068406840956e-02 5.550555055505550228e-02 6.600660066006600046e-02 7.410741074107410342e-02 6.690669066906690388e-02 6.390639063906390638e-02
8.100810081008100183e-02 6.960696069606960024e-02 6.150615061506150422e-02 6.900690069006901184e-02 5.760576057605760331e-02 6.510651065106511093e-02 7.200720072007200934e-02 6.720672067206720501e-02 5.880588058805880786e-02 7.320732073207321389e-02 5.430543054305430467e-02 5.010501050105010262e-02
7.320732073207321389e-02 6.480648064806480979e-02 5.550555055505550228e-02 7.590759075907591025e-02 6.330633063306330410e-02 6.720672067206720501e-02 7.080708070807080479e-02 6.450645064506450865e-02 7.350735073507350115e-02 7.020702070207020251e-02 6.630663066306630160e-02 5.730573057305730911e-02
6.870687068706871070e-02 6.780678067806780729e-02 6.060606060606060774e-02 8.130813081308130297e-02 6.270627062706270183e-02 6.510651065106511093e-02 6.270627062706270183e-02 7.050705070507050365e-02 7.140714071407140706e-02 6.330633063306330410e-02 5.910591059105910899e-02 6.630663066306630160e-02
6.450645064506450865e-02 6.540654065406541207e-02 6.360636063606360524e-02 7.320732073207321389e-02 7.350735073507350115e-02 5.880588058805880786e-02 6.630663066306630160e-02 6.570657065706571320e-02 5.700570057005700797e-02 7.050705070507050365e-02 6.120612061206120308e-02 6.540654065406541207e-02
6.810681068106810843e-02 6.540654065406541207e-02 6.930693069306931298e-02 6.750675067506750615e-02 6.660666066606660274e-02 6.570657065706571320e-02 7.860786078607860661e-02 5.850585058505850672e-02 6.990699069906990137e-02 7.170717071707170820e-02 6.480648064806480979e-02 6.450645064506450865e-02
7.320732073207321389e-02 6.630663066306630160e-02 5.880588058805880786e-02 7.620762076207621138e-02 5.790579057905790444e-02 6.540654065406541207e-02 7.980798079807981116e-02 6.600660066006600046e-02 6.930693069306931298e-02 6.660666066606660274e-02 7.230723072307231047e-02 6.270627062706270183e-02
7.410741074107410342e-02 5.730573057305730911e-02 5.970597059705970433e-02 7.080708070807080479e-02 6.780678067806780729e-02 6.750675067506750615e-02 6.570657065706571320e-02 6.300630063006300297e-02 6.390639063906390638e-02 7.110711071107110592e-02 6.870687068706871070e-02 6.780678067806780729e-02
6.510651065106511093e-02 6.330633063306330410e-02 7.500750075007500683e-02 6.960696069606960024e-02 6.780678067806780729e-02 5.580558055805580342e-02 6.480648064806480979e-02 6.120612061206120308e-02 6.270627062706270183e-02 6.570657065706571320e-02 6.510651065106511093e-02 6.660666066606660274e-02
7.200720072007200934e-02 6.330633063306330410e-02 6.450645064506450865e-02 6.360636063606360524e-02 7.050705070507050365e-02 6.420642064206420752e-02 6.570657065706571320e-02 6.180618061806180535e-02 6.210621062106210649e-02 6.900690069006901184e-02 6.030603060306030661e-02 6.180618061806180535e-02
6.960696069606960024e-02 6.450645064506450865e-02 6.330633063306330410e-02 7.350735073507350115e-02 5.850585058505850672e-02 6.180618061806180535e-02 6.630663066306630160e-02 6.090609060906090888e-02 6.030603060306030661e-02 6.060606060606060774e-02 6.180618061806180535e-02 5.880588058805880786e-02
7.290729072907291275e-02 6.780678067806780729e-02 6.930693069306931298e-02 7.050705070507050365e-02 5.970597059705970433e-02 6.300630063006300297e-02 6.390639063906390638e-02 6.120612061206120308e-02 6.360636063606360524e-02 5.970597059705970433e-02 6.450645064506450865e-02 5.670567056705670683e-02
7.410741074107410342e-02 6.870687068706871070e-02 6.480648064806480979e-02 7.110711071107110592e-02 6.060606060606060774e-02 5.430543054305430467e-02 6.930693069306931298e-02 6.270627062706270183e-02 6.240624062406240763e-02 7.350735073507350115e-02 6.120612061206120308e-02 6.600660066006600046e-02
7.410741074107410342e-02 5.820582058205820558e-02 6.450645064506450865e-02 5.940594059405940319e-02 6.060606060606060774e-02 5.880588058805880786e-02 6.780678067806780729e-02 7.320732073207321389e-02 6.090609060906090888e-02 6.420642064206420752e-02 5.220522052205220365e-02 5.970597059705970433e-02
7.110711071107110592e-02 5.910591059105910899e-02 6.060606060606060774e-02 6.360636063606360524e-02 5.550555055505550228e-02 5.880588058805880786e-02 6.360636063606360524e-02 7.110711071107110592e-02 6.300630063006300297e-02 7.170717071707170820e-02 6.360636063606360524e-02 5.910591059105910899e-02
7.020702070207020251e-02 6.930693069306931298e-02 5.910591059105910899e-02 6.660666066606660274e-02 5.370537053705370240e-02 6.000600060006000547e-02 6.660666066606660274e-02 5.940594059405940319e-02 6.840684068406840956e-02 6.720672067206720501e-02 6.060606060606060774e-02 6.390639063906390638e-02
6.270627062706270183e-02 7.260726072607261161e-02 6.630663066306630160e-02 6.600660066006600046e-02 7.140714071407140706e-02 6.930693069306931298e-02 6.120612061206120308e-02 6.900690069006901184e-02 5.400540054005400353e-02 5.490549054905490695e-02 5.370537053705370240e-02 5.970597059705970433e-02
7.050705070507050365e-02 6.690669066906690388e-02 6.390639063906390638e-02 7.170717071707170820e-02 5.910591059105910899e-02 5.670567056705670683e-02 6.570657065706571320e-02 5.610561056105610456e-02 6.480648064806480979e-02 6.090609060906090888e-02 6.480648064806480979e-02 6.300630063006300297e-02
5.580558055805580342e-02 5.640564056405640569e-02 6.330633063306330410e-02 6.210621062106210649e-02 5.820582058205820558e-02 6.420642064206420752e-02 6.540654065406541207e-02 6.000600060006000547e-02 6.630663066306630160e-02 6.990699069906990137e-02 6.840684068406840956e-02 6.090609060906090888e-02
7.170717071707170820e-02 6.990699069906990137e-02 7.380738073807380228e-02 6.330633063306330410e-02 5.820582058205820558e-02 5.880588058805880786e-02 6.330633063306330410e-02 5.940594059405940319e-02 6.240624062406240763e-02 6.660666066606660274e-02 5.580558055805580342e-02 6.870687068706871070e-02
6.360636063606360524e-02 5.940594059405940319e-02 6.210621062106210649e-02 6.630663066306630160e-02 6.660666066606660274e-02 6.090609060906090888e-02 6.600660066006600046e-02 5.970597059705970433e-02 6.270627062706270183e-02 6.480648064806480979e-02 6.360636063606360524e-02 6.000600060006000547e-02
5.850585058505850672e-02 6.420642064206420752e-02 6.930693069306931298e-02 6.750675067506750615e-02 6.510651065106511093e-02 6.180618061806180535e-02 6.120612061206120308e-02 6.600660066006600046e-02 6.210621062106210649e-02 7.260726072607261161e-02 6.630663066306630160e-02 6.210621062106210649e-02
6.540654065406541207e-02 6.120612061206120308e-02 5.910591059105910899e-02 5.940594059405940319e-02 6.630663066306630160e-02 6.150615061506150422e-02 6.570657065706571320e-02 6.300630063006300297e-02 6.540654065406541207e-02 5.550555055505550228e-02 6.570657065706571320e-02 5.670567056705670683e-02
6.840684068406840956e-02 7.320732073207321389e-02 5.700570057005700797e-02 6.690669066906690388e-02 5.880588058805880786e-02 6.540654065406541207e-02 6.570657065706571320e-02 6.570657065706571320e-02 5.970597059705970433e-02 5.370537053705370240e-02 6.570657065706571320e-02 5.910591059105910899e-02
6.330633063306330410e-02 5.610561056105610456e-02 6.180618061806180535e-02 6.780678067806780729e-02 6.930693069306931298e-02 6.510651065106511093e-02 6.810681068106810843e-02 6.000600060006000547e-02 6.510651065106511093e-02 7.020702070207020251e-02 6.090609060906090888e-02 6.300630063006300297e-02
6.210621062106210649e-02 6.300630063006300297e-02 5.940594059405940319e-02 6.540654065406541207e-02 5.880588058805880786e-02 6.240624062406240763e-02 5.730573057305730911e-02 5.970597059705970433e-02 6.540654065406541207e-02 6.960696069606960024e-02 6.210621062106210649e-02 6.390639063906390638e-02
5.910591059105910899e-02 5.490549054905490695e-02 5.400540054005400353e-02 6.090609060906090888e-02 5.520552055205520808e-02 5.940594059405940319e-02 6.000600060006000547e-02 5.760576057605760331e-02 6.120612061206120308e-02 6.600660066006600046e-02 6.690669066906690388e-02 6.210621062106210649e-02
6.570657065706571320e-02 6.180618061806180535e-02 7.200720072007200934e-02 6.210621062106210649e-02 5.910591059105910899e-02 7.020702070207020251e-02 6.450645064506450865e-02 6.420642064206420752e-02 6.150615061506150422e-02 5.700570057005700797e-02 5.940594059405940319e-02 5.610561056105610456e-02
6.120612061206120308e-02 5.580558055805580342e-02 6.210621062106210649e-02 6.150615061506150422e-02 6.120612061206120308e-02 6.330633063306330410e-02 6.600660066006600046e-02 6.360636063606360524e-02 6.630663066306630160e-02 5.760576057605760331e-02 6.030603060306030661e-02 6.900690069006901184e-02
6.240624062406240763e-02 6.000600060006000547e-02 6.120612061206120308e-02 5.670567056705670683e-02 5.880588058805880786e-02 6.060606060606060774e-02 6.120612061206120308e-02 5.820582058205820558e-02 5.460546054605460581e-02 6.930693069306931298e-02 6.360636063606360524e-02 6.630663066306630160e-02
6.060606060606060774e-02 5.970597059705970433e-02 5.490549054905490695e-02 6.240624062406240763e-02 6.060606060606060774e-02 5.550555055505550228e-02 6.810681068106810843e-02 6.150615061506150422e-02 5.790579057905790444e-02 6.330633063306330410e-02 6.120612061206120308e-02 6.300630063006300297e-02
6.510651065106511093e-02 5.700570057005700797e-02 6.210621062106210649e-02 5.970597059705970433e-02 6.150615061506150422e-02 5.970597059705970433e-02 6.420642064206420752e-02 6.240624062406240763e-02 6.570657065706571320e-02 6.000600060006000547e-02 6.060606060606060774e-02 6.240624062406240763e-02
