8.620999999999999774e-01 8.920000000000000151e-01 8.914999999999999591e-01 8.967000000000000526e-01
7.557000000000000384e-01 7.569000000000000172e-01 7.541999999999999815e-01 7.653999999999999693e-01
6.480000000000000204e-01 6.088999999999999968e-01 6.444999999999999618e-01 6.209000000000000075e-01
5.320000000000000284e-01 5.600000000000000533e-01 5.514999999999999902e-01 5.484999999999999876e-01
4.711000000000000187e-01 5.052999999999999714e-01 4.711000000000000187e-01 4.878000000000000114e-01
3.892999999999999794e-01 3.674000000000000044e-01 3.991000000000000103e-01 3.976999999999999980e-01
3.444999999999999729e-01 3.180999999999999939e-01 3.427999999999999936e-01 3.422000000000000042e-01
2.867000000000000104e-01 3.081999999999999740e-01 2.755000000000000226e-01 2.968000000000000083e-01
2.937000000000000166e-01 2.162999999999999923e-01 2.192999999999999949e-01 2.232000000000000095e-01
2.011000000000000010e-01 2.235999999999999932e-01 1.955000000000000071e-01 2.054999999999999882e-01
1.718000000000000083e-01 1.567999999999999949e-01 1.647000000000000131e-01 1.698000000000000065e-01
1.325000000000000067e-01 1.229999999999999982e-01 1.449000000000000010e-01 1.310999999999999943e-01
1.340999999999999970e-01 1.184999999999999942e-01 1.280999999999999917e-01 1.141999999999999960e-01
9.099999999999999756e-02 1.018000000000000016e-01 9.510000000000000397e-02 1.020999999999999963e-01
8.590000000000000413e-02 9.009999999999999953e-02 8.129999999999999727e-02 8.359999999999999376e-02
6.119999999999999746e-02 7.870000000000000606e-02 7.599999999999999811e-02 7.929999999999999549e-02
5.530000000000000193e-02 5.310000000000000137e-02 6.550000000000000266e-02 5.469999999999999862e-02
4.769999999999999934e-02 4.920000000000000068e-02 4.689999999999999725e-02 5.290000000000000258e-02
3.799999999999999906e-02 4.039999999999999841e-02 3.980000000000000204e-02 4.359999999999999987e-02
3.339999999999999913e-02 3.590000000000000135e-02 3.479999999999999760e-02 3.119999999999999857e-02
2.929999999999999966e-02 2.709999999999999909e-02 2.280000000000000082e-02 2.869999999999999982e-02
2.089999999999999844e-02 2.800000000000000058e-02 2.999999999999999889e-02 2.489999999999999852e-02
1.839999999999999969e-02 1.799999999999999864e-02 1.990000000000000102e-02 1.980000000000000163e-02
1.549999999999999989e-02 1.559999999999999928e-02 1.629999999999999852e-02 1.559999999999999928e-02
1.269999999999999948e-02 1.460000000000000013e-02 1.260000000000000009e-02 1.129999999999999928e-02
1.250000000000000069e-02 1.159999999999999920e-02 1.359999999999999924e-02 1.050000000000000065e-02
8.000000000000000167e-03 7.499999999999999722e-03 1.110000000000000049e-02 1.200000000000000025e-02
6.899999999999999883e-03 7.700000000000000247e-03 7.400000000000000328e-03 7.300000000000000065e-03
9.799999999999999684e-03 6.799999999999999621e-03 7.400000000000000328e-03 1.000000000000000021e-02
6.300000000000000044e-03 4.000000000000000083e-03 6.000000000000000125e-03 5.300000000000000024e-03
