8.637863786378637831e-01 7.581758175817582268e-01 7.098709870987098824e-01 8.892889288928892411e-01 8.586858685868586916e-01 7.758775877587759107e-01 8.838883888388838761e-01 8.508850885088509175e-01 7.803780378037803445e-01 8.919891989198920346e-01 8.619861986198620318e-01 7.890789078907890497e-01
7.611761176117611827e-01 6.186618661866186697e-01 4.809480948094809749e-01 7.758775877587759107e-01 6.012601260126012592e-01 4.875487548754875444e-01 7.587758775877587736e-01 5.691569156915691208e-01 4.884488448844884756e-01 7.584758475847585002e-01 6.090609060906090333e-01 5.028502850285028192e-01
6.564656465646564465e-01 4.374437443744374487e-01 3.075307530753075280e-01 5.994599459945995079e-01 3.987398739873987408e-01 2.505250525052505339e-01 6.225622562256225567e-01 4.254425442544254587e-01 2.940294029402940046e-01 6.438643864386438542e-01 4.434443444344434715e-01 2.808280828082808100e-01
5.376537653765376401e-01 2.937293729372937312e-01 1.638163816381638105e-01 5.598559855985598688e-01 3.246324632463246096e-01 2.034203420342034219e-01 5.538553855385538460e-01 3.348334833483348483e-01 1.800180018001800164e-01 5.646564656465646870e-01 3.513351335133513276e-01 2.112211221122112237e-01
4.569456945694569394e-01 2.277227722772277307e-01 1.128112811281128114e-01 5.157515751575157958e-01 2.724272427242724337e-01 1.476147614761476046e-01 4.812481248124812483e-01 2.184218421842184232e-01 1.068106810681068164e-01 5.007500750075007945e-01 2.511251125112511362e-01 1.407140714071407062e-01
3.894389438943894333e-01 1.656165616561656173e-01 7.440744074407440456e-02 3.669366936693669312e-01 1.410141014101410073e-01 5.550555055505550228e-02 3.993399339933993430e-01 1.914191419141914319e-01 8.550855085508550502e-02 4.041404140414041612e-01 1.692169216921692032e-01 7.770777077707770319e-02
3.441344134413441558e-01 1.200120012001200109e-01 4.800480048004800160e-02 3.216321632163216537e-01 1.191119111911191075e-01 4.350435043504350535e-02 3.330333033303330414e-01 1.317131713171316998e-01 5.160516051605160831e-02 3.630363036303630442e-01 1.176117611761176157e-01 5.400540054005400353e-02
2.814281428142814123e-01 8.580858085808580615e-02 2.730273027302730290e-02 3.240324032403240073e-01 1.203120312031203121e-01 3.450345034503450592e-02 2.769276927692769230e-01 7.410741074107410342e-02 2.940294029402940393e-02 2.973297329732973449e-01 9.600960096009600320e-02 2.880288028802880165e-02
2.994299429942994251e-01 7.740774077407740206e-02 3.270327032703270603e-02 2.184218421842184232e-01 5.250525052505250478e-02 1.500150015001500137e-02 2.259225922592259239e-01 6.000600060006000547e-02 1.590159015901590131e-02 2.139213921392139339e-01 5.310531053105310706e-02 1.320132013201320148e-02
1.998199819981998082e-01 5.430543054305430467e-02 1.020102010201020051e-02 2.307230723072307144e-01 5.910591059105910899e-02 1.380138013801380202e-02 1.857185718571857103e-01 4.710471047104710512e-02 6.900690069006901010e-03 1.947194719471947166e-01 4.110411041104110319e-02 1.260126012601260094e-02
1.542154215421542018e-01 2.370237023702370313e-02 5.100510051005100257e-03 1.635163516351635093e-01 3.060306030603060154e-02 6.900690069006901010e-03 1.794179417941794141e-01 2.940294029402940393e-02 4.200420042004200313e-03 1.605160516051605257e-01 3.960396039603960444e-02 4.800480048004800854e-03
1.209120912091209143e-01 1.800180018001800233e-02 2.400240024002400427e-03 1.314131413141314264e-01 1.860186018601860114e-02 3.000300030003000100e-03 1.302130213021302219e-01 2.130213021302130097e-02 5.400540054005400527e-03 1.209120912091209143e-01 1.920192019201920341e-02 2.400240024002400427e-03
1.335133513351335066e-01 2.640264026402640296e-02 3.300330033003300370e-03 1.287128712871287162e-01 1.890189018901890228e-02 4.500450045004500584e-03 1.236123612361236107e-01 2.370237023702370313e-02 2.400240024002400427e-03 1.137113711371137148e-01 1.290129012901290208e-02 1.800180018001800103e-03
9.330933093309330684e-02 1.110111011101110046e-02 1.200120012001200213e-03 1.014101410141014098e-01 1.170117011701170100e-02 1.500150015001500050e-03 9.810981098109811116e-02 1.410141014101410142e-02 1.800180018001800103e-03 9.900990099009901457e-02 1.410141014101410142e-02 1.500150015001500050e-03
8.100810081008100183e-02 7.800780078007800954e-03 9.000900090009000517e-04 8.190819081908190524e-02 9.600960096009601707e-03 1.200120012001200213e-03 8.670867086708670957e-02 9.600960096009601707e-03 1.500150015001500050e-03 9.450945094509451139e-02 1.020102010201020051e-02 6.000600060006001067e-04
7.290729072907291275e-02 4.800480048004800854e-03 9.000900090009000517e-04 7.650765076507651252e-02 6.600660066006600740e-03 9.000900090009000517e-04 7.800780078007800433e-02 6.900690069006901010e-03 9.000900090009000517e-04 7.980798079807981116e-02 7.800780078007800954e-03 1.200120012001200213e-03
5.400540054005400353e-02 3.300330033003300370e-03 0.000000000000000000e+00 5.670567056705670683e-02 3.300330033003300370e-03 6.000600060006001067e-04 6.630663066306630160e-02 6.600660066006600740e-03 6.000600060006001067e-04 4.980498049804980842e-02 3.300330033003300370e-03 3.000300030003000534e-04
4.980498049804980842e-02 3.900390039003900477e-03 3.000300030003000534e-04 4.950495049504950729e-02 7.500750075007500683e-03 9.000900090009000517e-04 5.010501050105010262e-02 2.100210021002100157e-03 3.000300030003000534e-04 4.110411041104110319e-02 3.300330033003300370e-03 0.000000000000000000e+00
3.990399039903990558e-02 2.400240024002400427e-03 3.000300030003000534e-04 5.010501050105010262e-02 1.500150015001500050e-03 3.000300030003000534e-04 3.930393039303930330e-02 1.500150015001500050e-03 0.000000000000000000e+00 3.480348034803480012e-02 1.200120012001200213e-03 0.000000000000000000e+00
3.210321032103210376e-02 3.000300030003000100e-03 0.000000000000000000e+00 3.540354035403540239e-02 3.000300030003000100e-03 0.000000000000000000e+00 3.750375037503750342e-02 2.400240024002400427e-03 0.000000000000000000e+00 2.670267026702670410e-02 1.500150015001500050e-03 0.000000000000000000e+00
3.600360036003600467e-02 1.500150015001500050e-03 0.000000000000000000e+00 2.940294029402940393e-02 6.000600060006001067e-04 0.000000000000000000e+00 2.400240024002400080e-02 3.000300030003000534e-04 0.000000000000000000e+00 2.850285028502850398e-02 9.000900090009000517e-04 0.000000000000000000e+00
2.190219021902190324e-02 1.200120012001200213e-03 0.000000000000000000e+00 2.940294029402940393e-02 1.200120012001200213e-03 0.000000000000000000e+00 2.850285028502850398e-02 1.800180018001800103e-03 0.000000000000000000e+00 2.490249024902490421e-02 3.000300030003000534e-04 0.000000000000000000e+00
2.010201020102010336e-02 9.000900090009000517e-04 3.000300030003000534e-04 1.800180018001800233e-02 0.000000000000000000e+00 0.000000000000000000e+00 1.680168016801680125e-02 3.000300030003000534e-04 0.000000000000000000e+00 2.010201020102010336e-02 6.000600060006001067e-04 0.000000000000000000e+00
1.380138013801380202e-02 0.000000000000000000e+00 0.000000000000000000e+00 1.620162016201620245e-02 6.000600060006001067e-04 0.000000000000000000e+00 1.950195019501950108e-02 1.200120012001200213e-03 0.000000000000000000e+00 1.500150015001500137e-02 6.000600060006001067e-04 3.000300030003000534e-04
1.200120012001200040e-02 6.000600060006001067e-04 0.000000000000000000e+00 1.530153015301530077e-02 3.000300030003000534e-04 0.000000000000000000e+00 1.260126012601260094e-02 6.000600060006001067e-04 0.000000000000000000e+00 9.300930093009300570e-03 0.000000000000000000e+00 0.000000000000000000e+00
1.410141014101410142e-02 6.000600060006001067e-04 0.000000000000000000e+00 8.700870087008700030e-03 0.000000000000000000e+00 0.000000000000000000e+00 1.710171017101710239e-02 6.000600060006001067e-04 0.000000000000000000e+00 1.200120012001200040e-02 0.000000000000000000e+00 0.000000000000000000e+00
1.140114011401140159e-02 0.000000000000000000e+00 0.000000000000000000e+00 9.900990099009901110e-03 0.000000000000000000e+00 0.000000000000000000e+00 1.200120012001200040e-02 3.000300030003000534e-04 0.000000000000000000e+00 1.110111011101110046e-02 9.000900090009000517e-04 0.000000000000000000e+00
7.500750075007500683e-03 0.000000000000000000e+00 0.000000000000000000e+00 6.300630063006300470e-03 0.000000000000000000e+00 0.000000000000000000e+00 6.900690069006901010e-03 0.000000000000000000e+00 0.000000000000000000e+00 8.700870087008700030e-03 3.000300030003000534e-04 0.000000000000000000e+00
7.200720072007200413e-03 0.000000000000000000e+00 0.000000000000000000e+00 4.200420042004200313e-03 0.000000000000000000e+00 0.000000000000000000e+00 5.700570057005700797e-03 0.000000000000000000e+00 0.000000000000000000e+00 7.500750075007500683e-03 6.000600060006001067e-04 0.000000000000000000e+00
6.000600060006000200e-03 0.000000000000000000e+00 0.000000000000000000e+00 2.700270027002700263e-03 0.000000000000000000e+00 0.000000000000000000e+00 5.700570057005700797e-03 0.000000000000000000e+00 0.000000000000000000e+00 4.500450045004500584e-03 3.000300030003000534e-04 6.000600060006001067e-04
