1.080000000000000000e+02 1.040000000000000000e+02 1.020000000000000000e+02 1.160000000000000000e+02
2.000000000000000000e+02 2.080000000000000000e+02 1.980000000000000000e+02 2.040000000000000000e+02
2.800000000000000000e+02 2.640000000000000000e+02 2.840000000000000000e+02 2.740000000000000000e+02
3.640000000000000000e+02 3.600000000000000000e+02 3.580000000000000000e+02 3.700000000000000000e+02
4.700000000000000000e+02 4.480000000000000000e+02 4.280000000000000000e+02 4.720000000000000000e+02
5.240000000000000000e+02 5.080000000000000000e+02 5.180000000000000000e+02 5.420000000000000000e+02
5.920000000000000000e+02 6.260000000000000000e+02 5.700000000000000000e+02 6.000000000000000000e+02
7.380000000000000000e+02 7.540000000000000000e+02 7.060000000000000000e+02 7.200000000000000000e+02
7.520000000000000000e+02 7.560000000000000000e+02 7.660000000000000000e+02 7.440000000000000000e+02
8.720000000000000000e+02 8.420000000000000000e+02 8.920000000000000000e+02 8.740000000000000000e+02
9.400000000000000000e+02 9.320000000000000000e+02 9.540000000000000000e+02 9.840000000000000000e+02
1.000000000000000000e+03 1.016000000000000000e+03 1.050000000000000000e+03 1.040000000000000000e+03
1.140000000000000000e+03 1.142000000000000000e+03 1.120000000000000000e+03 1.078000000000000000e+03
1.172000000000000000e+03 1.222000000000000000e+03 1.132000000000000000e+03 1.132000000000000000e+03
1.248000000000000000e+03 1.240000000000000000e+03 1.236000000000000000e+03 1.288000000000000000e+03
1.352000000000000000e+03 1.360000000000000000e+03 1.396000000000000000e+03 1.346000000000000000e+03
1.392000000000000000e+03 1.432000000000000000e+03 1.428000000000000000e+03 1.372000000000000000e+03
1.482000000000000000e+03 1.514000000000000000e+03 1.538000000000000000e+03 1.564000000000000000e+03
1.556000000000000000e+03 1.634000000000000000e+03 1.596000000000000000e+03 1.630000000000000000e+03
1.684000000000000000e+03 1.654000000000000000e+03 1.634000000000000000e+03 1.666000000000000000e+03
1.754000000000000000e+03 1.782000000000000000e+03 1.740000000000000000e+03 1.724000000000000000e+03
1.808000000000000000e+03 1.798000000000000000e+03 1.798000000000000000e+03 1.822000000000000000e+03
1.890000000000000000e+03 1.942000000000000000e+03 1.930000000000000000e+03 1.924000000000000000e+03
1.978000000000000000e+03 2.002000000000000000e+03 2.052000000000000000e+03 2.002000000000000000e+03
2.118000000000000000e+03 2.082000000000000000e+03 2.010000000000000000e+03 2.074000000000000000e+03
2.188000000000000000e+03 2.188000000000000000e+03 2.132000000000000000e+03 2.128000000000000000e+03
2.210000000000000000e+03 2.250000000000000000e+03 2.234000000000000000e+03 2.288000000000000000e+03
2.310000000000000000e+03 2.348000000000000000e+03 2.340000000000000000e+03 2.346000000000000000e+03
2.380000000000000000e+03 2.454000000000000000e+03 2.484000000000000000e+03 2.406000000000000000e+03
2.474000000000000000e+03 2.448000000000000000e+03 2.516000000000000000e+03 2.488000000000000000e+03
