1.026702670267025885e+00 8.676867686768666710e-01 8.793879387938788872e-01 8.790879087908778367e-01
9.084908490849085139e-01 1.011401140114011055e+00 1.057305730573057989e+00 9.510951095109511089e-01
9.645964596459642992e-01 8.526852685268528909e-01 8.853885388538847989e-01 8.820882088208820138e-01
8.955895589558963144e-01 9.090909090909097268e-01 8.370837083708370097e-01 8.511851185118517460e-01
8.004800480048014366e-01 8.775877587758782461e-01 8.952895289528959299e-01 8.895889588958897365e-01
7.458745874587464630e-01 7.332733273327343149e-01 7.092709270927097798e-01 7.824782478247830353e-01
7.203720372037212272e-01 6.510651065106518587e-01 6.555655565556561815e-01 7.902790279027912534e-01
6.141614161416149020e-01 6.456645664566462717e-01 6.378637863786389417e-01 6.327632763276336281e-01
6.987698769877001004e-01 5.127512751275136171e-01 5.136513651365143263e-01 4.956495649564966466e-01
4.467446744674470893e-01 5.286528652865294386e-01 4.227422742274233314e-01 4.734473447344740848e-01
3.966396639663971602e-01 4.056405640564061943e-01 4.542454245424550341e-01 3.675367536753678666e-01
3.111311131113116968e-01 3.414341434143418619e-01 3.321332133213325544e-01 3.075307530753079166e-01
3.246324632463252757e-01 3.339333933393343057e-01 3.021302130213026071e-01 3.042304230423047429e-01
2.478247824782481845e-01 2.706270627062709599e-01 2.538253825382541518e-01 2.562256225622567274e-01
2.205220522052208643e-01 2.181218121812185107e-01 2.328232823282332664e-01 2.535253525352539894e-01
2.052205220522055618e-01 2.106210621062109267e-01 2.142214221422145404e-01 2.172217221722176628e-01
1.521152115211523992e-01 1.608160816081611044e-01 1.797179717971799651e-01 1.398139813981400525e-01
1.380138013801382180e-01 1.269126912691270759e-01 1.443144314431445141e-01 1.134113411341136357e-01
1.128112811281129779e-01 1.461146114611463764e-01 1.134113411341136080e-01 1.008100810081009741e-01
8.730873087308743674e-02 9.720972097209733265e-02 1.053105310531054772e-01 7.560756075607576177e-02
1.035103510351036982e-01 8.640864086408661660e-02 7.110711071107124470e-02 8.280828082808298907e-02
6.210621062106221058e-02 8.460846084608476814e-02 8.010801080108023720e-02 7.380738073807394106e-02
5.790579057905800159e-02 5.400540054005409374e-02 4.950495049504959749e-02 5.850585058505861774e-02
4.140414041404146678e-02 4.680468046804689419e-02 5.490549054905498327e-02 4.350435043504357474e-02
3.420342034203426723e-02 4.500450045004508737e-02 3.600360036003605324e-02 2.790279027902795375e-02
4.050405040504054949e-02 2.610261026102615387e-02 4.950495049504959749e-02 3.600360036003604630e-02
3.420342034203425335e-02 2.970297029702975364e-02 3.510351035103514289e-02 3.060306030603065705e-02
2.250225022502254368e-02 1.890189018901894044e-02 2.070207020702073339e-02 2.520252025202524351e-02
2.160216021602164374e-02 1.260126012601262176e-02 1.710171017101712668e-02 2.070207020702074727e-02
1.800180018001802315e-02 8.100810081008118571e-03 1.710171017101712668e-02 1.320132013201322056e-02
