1.037000000000000005e-01 3.065999999999999837e-01 3.084999999999999964e-01 9.950000000000000511e-02
1.363000000000000045e-01 4.639999999999999680e-02 8.240000000000000102e-02 2.810000000000000275e-01
4.469999999999999668e-02 1.282999999999999974e-01 6.560000000000000553e-02 4.809999999999999692e-02
1.171999999999999986e-01 2.019999999999999921e-02 1.058000000000000052e-01 1.313999999999999890e-01
1.213000000000000050e-01 3.760000000000000148e-02 1.669999999999999957e-02 6.320000000000000617e-02
4.599999999999999922e-03 3.370000000000000079e-02 5.949999999999999734e-02 9.139999999999999514e-02
1.460000000000000013e-02 1.940000000000000058e-02 1.009999999999999960e-02 4.929999999999999660e-02
1.020000000000000073e-02 8.600000000000000006e-03 1.409999999999999969e-02 3.830000000000000071e-02
1.629999999999999852e-02 3.899999999999999994e-02 1.370000000000000037e-02 4.490000000000000241e-02
5.899999999999999863e-03 2.239999999999999977e-02 9.400000000000000369e-03 5.840000000000000052e-02
1.569999999999999868e-02 2.429999999999999868e-02 2.400000000000000050e-02 6.899999999999999883e-03
3.000000000000000062e-03 1.549999999999999989e-02 1.480000000000000066e-02 1.080000000000000057e-02
7.000000000000000146e-03 2.000000000000000042e-03 3.700000000000000164e-03 1.710000000000000062e-02
6.199999999999999782e-03 1.039999999999999952e-02 2.299999999999999961e-03 4.400000000000000265e-03
1.349999999999999985e-02 4.199999999999999740e-03 1.699999999999999905e-03 7.499999999999999722e-03
4.899999999999999842e-03 2.899999999999999800e-03 1.140000000000000041e-02 4.000000000000000083e-03
4.899999999999999842e-03 3.700000000000000164e-03 2.419999999999999929e-02 1.400000000000000029e-02
1.510000000000000057e-02 9.299999999999999239e-03 6.199999999999999782e-03 9.900000000000000813e-03
2.099999999999999870e-03 1.600000000000000033e-02 9.400000000000000369e-03 1.179999999999999973e-02
1.430000000000000021e-02 9.499999999999999764e-03 2.700000000000000143e-03 2.700000000000000143e-03
