9.270927092709270456e-02 8.580858085808580615e-02 8.280828082808280866e-02 3.063306330633063235e-01 2.970297029702970160e-01 2.658265826582658087e-01 2.859285928592859016e-01 2.757275727572757185e-01 2.541254125412541476e-01 1.023102310231023132e-01 9.330933093309330684e-02 8.460846084608460160e-02
1.410141014101410073e-01 1.176117611761176157e-01 9.420942094209421025e-02 5.010501050105010262e-02 4.350435043504350535e-02 3.510351035103510126e-02 8.280828082808280866e-02 6.870687068706871070e-02 6.240624062406240763e-02 2.895289528952895153e-01 2.241224122412241171e-01 2.082208220822082123e-01
4.950495049504950729e-02 3.630363036303630581e-02 2.910291029102910279e-02 1.356135613561356146e-01 9.780978097809781002e-02 7.080708070807080479e-02 6.570657065706571320e-02 5.580558055805580342e-02 4.170417041704170547e-02 4.320432043204320421e-02 3.540354035403540239e-02 3.480348034803480012e-02
1.170117011701170134e-01 8.340834083408341093e-02 6.330633063306330410e-02 2.370237023702370313e-02 1.560156015601560191e-02 1.650165016501650012e-02 9.750975097509750888e-02 6.930693069306931298e-02 5.130513051305130717e-02 1.386138613861386260e-01 9.990999099909990411e-02 7.470747074707470570e-02
1.194119411941194087e-01 7.830783078307830547e-02 6.030603060306030661e-02 3.870387038703870103e-02 2.310231023102310086e-02 1.230123012301230154e-02 1.950195019501950108e-02 1.320132013201320148e-02 1.170117011701170100e-02 7.170717071707170820e-02 4.770477047704770740e-02 3.090309030903090268e-02
6.300630063006300470e-03 3.600360036003600207e-03 3.300330033003300370e-03 3.060306030603060154e-02 1.950195019501950108e-02 1.170117011701170100e-02 5.670567056705670683e-02 4.320432043204320421e-02 2.460246024602460307e-02 9.570957095709571594e-02 5.070507050705070490e-02 2.940294029402940393e-02
2.100210021002100330e-02 9.600960096009601707e-03 5.400540054005400527e-03 1.890189018901890228e-02 1.140114011401140159e-02 1.050105010501050165e-02 8.700870087008700030e-03 8.700870087008700030e-03 6.300630063006300470e-03 4.830483048304830274e-02 3.510351035103510126e-02 2.010201020102010336e-02
1.050105010501050165e-02 8.400840084008400627e-03 4.800480048004800854e-03 9.900990099009901110e-03 4.800480048004800854e-03 5.100510051005100257e-03 1.590159015901590131e-02 7.500750075007500683e-03 6.600660066006600740e-03 3.750375037503750342e-02 2.040204020402040103e-02 1.530153015301530077e-02
1.590159015901590131e-02 9.900990099009901110e-03 6.300630063006300470e-03 3.690369036903690114e-02 2.310231023102310086e-02 1.410141014101410142e-02 1.380138013801380202e-02 6.000600060006000200e-03 3.600360036003600207e-03 4.680468046804680399e-02 2.490249024902490421e-02 2.190219021902190324e-02
9.300930093009300570e-03 3.300330033003300370e-03 1.800180018001800103e-03 2.250225022502250205e-02 1.050105010501050165e-02 2.400240024002400427e-03 1.350135013501350088e-02 5.700570057005700797e-03 5.700570057005700797e-03 5.670567056705670683e-02 2.400240024002400080e-02 1.080108010801080105e-02
2.010201020102010336e-02 9.900990099009901110e-03 7.200720072007200413e-03 2.400240024002400080e-02 1.200120012001200040e-02 9.600960096009601707e-03 2.400240024002400080e-02 1.560156015601560191e-02 9.900990099009901110e-03 4.200420042004200313e-03 3.300330033003300370e-03 1.800180018001800103e-03
2.400240024002400427e-03 3.600360036003600207e-03 1.500150015001500050e-03 1.800180018001800233e-02 9.600960096009601707e-03 6.900690069006901010e-03 1.440144014401440083e-02 9.000900090009001167e-03 7.800780078007800954e-03 9.900990099009901110e-03 3.000300030003000100e-03 2.700270027002700263e-03
6.600660066006600740e-03 5.100510051005100257e-03 2.700270027002700263e-03 2.100210021002100157e-03 9.000900090009000517e-04 3.000300030003000100e-03 4.800480048004800854e-03 4.200420042004200313e-03 3.000300030003000100e-03 1.560156015601560191e-02 1.290129012901290208e-02 5.100510051005100257e-03
3.900390039003900477e-03 3.300330033003300370e-03 1.200120012001200213e-03 9.300930093009300570e-03 6.900690069006901010e-03 6.000600060006000200e-03 1.800180018001800103e-03 0.000000000000000000e+00 1.800180018001800103e-03 2.700270027002700263e-03 1.200120012001200213e-03 1.200120012001200213e-03
1.200120012001200040e-02 7.800780078007800954e-03 5.700570057005700797e-03 3.600360036003600207e-03 3.600360036003600207e-03 3.000300030003000100e-03 2.400240024002400427e-03 2.100210021002100157e-03 9.000900090009000517e-04 9.300930093009300570e-03 4.800480048004800854e-03 4.800480048004800854e-03
3.900390039003900477e-03 2.100210021002100157e-03 2.100210021002100157e-03 3.000300030003000100e-03 4.500450045004500584e-03 2.100210021002100157e-03 1.290129012901290208e-02 7.800780078007800954e-03 8.700870087008700030e-03 4.500450045004500584e-03 2.700270027002700263e-03 2.700270027002700263e-03
6.300630063006300470e-03 3.900390039003900477e-03 2.400240024002400427e-03 4.500450045004500584e-03 3.000300030003000100e-03 1.200120012001200213e-03 2.010201020102010336e-02 1.020102010201020051e-02 8.400840084008400627e-03 1.050105010501050165e-02 1.230123012301230154e-02 5.400540054005400527e-03
2.010201020102010336e-02 6.000600060006000200e-03 9.300930093009300570e-03 1.020102010201020051e-02 6.600660066006600740e-03 6.900690069006901010e-03 6.600660066006600740e-03 8.700870087008700030e-03 7.800780078007800954e-03 9.000900090009001167e-03 6.000600060006000200e-03 6.600660066006600740e-03
1.800180018001800103e-03 3.600360036003600207e-03 5.100510051005100257e-03 1.620162016201620245e-02 8.700870087008700030e-03 7.200720072007200413e-03 5.100510051005100257e-03 7.500750075007500683e-03 6.000600060006000200e-03 1.380138013801380202e-02 9.900990099009901110e-03 8.100810081008101224e-03
1.650165016501650012e-02 6.900690069006901010e-03 3.900390039003900477e-03 7.500750075007500683e-03 8.400840084008400627e-03 8.100810081008101224e-03 2.700270027002700263e-03 1.200120012001200213e-03 4.200420042004200313e-03 2.100210021002100157e-03 3.300330033003300370e-03 2.700270027002700263e-03
