6.200000000000000000e+01 5.800000000000000000e+01 4.600000000000000000e+01 5.400000000000000000e+01
9.400000000000000000e+01 9.800000000000000000e+01 8.800000000000000000e+01 1.080000000000000000e+02
1.340000000000000000e+02 1.340000000000000000e+02 1.520000000000000000e+02 1.540000000000000000e+02
2.140000000000000000e+02 1.980000000000000000e+02 1.920000000000000000e+02 2.000000000000000000e+02
2.460000000000000000e+02 2.120000000000000000e+02 2.220000000000000000e+02 2.020000000000000000e+02
2.740000000000000000e+02 2.580000000000000000e+02 2.700000000000000000e+02 2.460000000000000000e+02
3.260000000000000000e+02 2.840000000000000000e+02 3.000000000000000000e+02 2.980000000000000000e+02
3.480000000000000000e+02 3.700000000000000000e+02 3.200000000000000000e+02 3.820000000000000000e+02
3.940000000000000000e+02 3.760000000000000000e+02 4.060000000000000000e+02 4.280000000000000000e+02
4.120000000000000000e+02 4.160000000000000000e+02 4.240000000000000000e+02 4.540000000000000000e+02
4.760000000000000000e+02 4.480000000000000000e+02 4.780000000000000000e+02 5.100000000000000000e+02
5.200000000000000000e+02 5.060000000000000000e+02 5.200000000000000000e+02 5.020000000000000000e+02
5.960000000000000000e+02 5.040000000000000000e+02 5.860000000000000000e+02 5.600000000000000000e+02
5.820000000000000000e+02 6.000000000000000000e+02 6.060000000000000000e+02 5.780000000000000000e+02
6.460000000000000000e+02 6.440000000000000000e+02 6.560000000000000000e+02 6.160000000000000000e+02
6.960000000000000000e+02 6.760000000000000000e+02 6.800000000000000000e+02 6.760000000000000000e+02
7.180000000000000000e+02 7.320000000000000000e+02 7.480000000000000000e+02 7.540000000000000000e+02
7.980000000000000000e+02 7.980000000000000000e+02 7.640000000000000000e+02 7.780000000000000000e+02
7.540000000000000000e+02 7.940000000000000000e+02 8.120000000000000000e+02 8.080000000000000000e+02
8.680000000000000000e+02 8.280000000000000000e+02 8.280000000000000000e+02 8.780000000000000000e+02
