1.035103510351034345e-01 2.937293729372935647e-01 2.847284728472843085e-01 1.116111611161113987e-01
1.644164416441643850e-01 5.490549054905488613e-02 1.047104710471046807e-01 4.044404440444042126e-01
6.870687068706871070e-02 1.842184218421842323e-01 7.140714071407133767e-02 5.820582058205828885e-02
1.641164116411641116e-01 4.080408040804080899e-02 1.359135913591359712e-01 1.908190819081910516e-01
1.836183618361836578e-01 5.910591059105908124e-02 3.060306030603063276e-02 1.029102910291029571e-01
1.140114011401141027e-02 4.500450045004502492e-02 6.510651065106508317e-02 1.644164416441645793e-01
3.960396039603964607e-02 3.300330033003304880e-02 6.300630063006298735e-03 5.970597059705965576e-02
1.110111011101108137e-02 2.040204020402042878e-02 3.180318031803183731e-02 6.660666066606667213e-02
2.430243024302431235e-02 5.550555055505550228e-02 2.700270027002703299e-02 8.760876087608768237e-02
1.980198019801982998e-02 3.840384038403841377e-02 2.910291029102913402e-02 1.089108910891090354e-01
3.780378037803783231e-02 4.560456045604566883e-02 3.510351035103510819e-02 4.500450045004498849e-03
-2.100210021002116203e-03 3.210321032103212457e-02 2.400240024002402162e-02 2.340234023402344710e-02
7.200720072007198679e-03 6.600660066006618087e-03 4.800480048004795650e-03 1.320132013201318240e-02
3.000300030002992294e-03 1.320132013201321536e-02 7.200720072007219495e-03 5.700570057005708603e-03
1.830183018301831388e-02 3.000300030002993161e-03 1.800180018001794682e-03 1.830183018301831388e-02
7.500750075007507622e-03 -2.400240024002425147e-03 2.400240024002403202e-02 8.100810081008108163e-03
9.600960096009599973e-03 5.700570057005699062e-03 3.810381038103814733e-02 -5.208023942288818978e-17
5.160516051605170545e-02 1.770177017701770814e-02 1.500150015001475113e-03 1.560156015601562446e-02
-3.000300030003066128e-04 2.970297029702973976e-02 -1.200120012001226451e-03 1.980198019801982651e-02
3.270327032703274073e-02 5.400540054005381445e-03 8.700870087008719111e-03 -9.000900090009099179e-04
