9.585958595859586096e-01 9.396939693969397212e-01 9.126912691269126743e-01 9.585958595859586096e-01 9.483948394839484264e-01 9.225922592259225841e-01 9.552955295529552693e-01 9.423942394239424036e-01 9.093909390939094450e-01 9.528952895289528602e-01 9.171917191719172191e-01 8.871887188718872164e-01
9.129912991299129477e-01 8.460846084608460993e-01 7.941794179417941413e-01 8.697869786978698059e-01 7.788778877887788665e-01 6.873687368736873804e-01 8.799879987998799891e-01 7.935793579357935945e-01 7.050705070507050642e-01 9.045904590459046268e-01 8.559855985598560091e-01 7.734773477347735016e-01
8.505850585058505331e-01 7.566756675667566379e-01 6.546654665466546952e-01 8.526852685268526688e-01 7.602760276027602515e-01 6.576657665766576510e-01 8.631863186318632364e-01 7.431743174317432254e-01 6.687668766876687654e-01 8.853885388538853540e-01 7.914791479147914588e-01 7.104710471047104292e-01
7.884788478847885029e-01 6.402640264026402406e-01 5.223522352235223654e-01 7.743774377437744327e-01 6.162616261626162606e-01 4.857485748574857376e-01 8.196819681968197102e-01 6.780678067806780174e-01 5.694569456945695052e-01 8.205820582058205304e-01 6.945694569456946077e-01 5.784578457845784838e-01
7.530753075307530242e-01 5.781578157815782104e-01 4.632463246324632355e-01 7.389738973897389540e-01 5.481548154815482077e-01 4.443444344434443471e-01 7.491749174917491372e-01 5.658565856585658915e-01 4.512451245124512456e-01 7.884788478847885029e-01 6.363636363636363535e-01 4.968496849684968519e-01
7.635763576357635918e-01 5.925592559255925540e-01 4.887488748874887490e-01 7.107710771077108136e-01 5.142514251425142069e-01 3.738373837383738296e-01 7.326732673267326579e-01 5.445544554455445940e-01 4.011401140114011499e-01 6.969696969696970168e-01 5.217521752175217076e-01 3.870387038703870242e-01
6.822682268226822888e-01 4.809480948094809749e-01 3.474347434743474405e-01 6.801680168016801531e-01 4.677467746774677249e-01 3.261326132613261430e-01 6.702670267026702433e-01 4.749474947494749522e-01 3.297329732973297567e-01 6.369636963696370113e-01 4.326432643264326305e-01 2.859285928592859016e-01
6.156615661566157138e-01 4.194419441944194360e-01 2.952295229522952091e-01 6.351635163516351490e-01 4.056405640564056392e-01 2.727272727272727071e-01 6.555655565556555153e-01 4.527452745274527235e-01 3.009300930093009030e-01 6.210621062106210788e-01 3.945394539453945248e-01 2.466246624662466191e-01
5.982598259825983034e-01 3.810381038103810569e-01 2.385238523852385162e-01 5.871587158715871890e-01 3.717371737173717494e-01 2.385238523852385162e-01 6.231623162316232145e-01 4.080408040804080483e-01 2.700270027002700246e-01 6.291629162916291262e-01 4.158415841584158223e-01 2.655265526552655353e-01
5.163516351635163426e-01 2.838283828382838214e-01 1.488148814881488091e-01 5.574557455745574597e-01 3.297329732973297567e-01 2.133213321332133316e-01 5.592559255925592110e-01 3.186318631863186424e-01 1.854185418541854091e-01 5.754575457545754169e-01 3.564356435643564192e-01 2.328232823282328223e-01
5.151515151515151381e-01 2.994299429942994251e-01 1.767176717671767039e-01 5.139513951395139335e-01 3.039303930393039144e-01 1.803180318031803175e-01 5.241524152415241167e-01 2.967296729672967426e-01 1.815181518151815221e-01 5.436543654365436629e-01 3.312331233123312346e-01 1.785178517851785107e-01
4.833483348334833285e-01 2.373237323732373116e-01 1.206120612061206132e-01 4.629462946294629622e-01 2.295229522952295098e-01 1.272127212721272105e-01 4.761476147614761567e-01 2.250225022502250205e-01 1.200120012001200109e-01 5.268526852685267992e-01 2.757275727572757185e-01 1.566156615661566109e-01
4.533453345334533258e-01 2.145214521452145084e-01 1.065106510651065153e-01 4.614461446144614287e-01 2.229222922292229125e-01 1.266126612661266082e-01 4.422442244224422669e-01 2.067206720672067344e-01 1.068106810681068164e-01 4.140414041404140155e-01 1.953195319531953189e-01 1.146114611461146182e-01
4.365436543654365176e-01 1.890189018901890228e-01 1.140114011401140159e-01 4.281428142814281412e-01 1.956195619561956200e-01 9.330933093309330684e-02 4.443444344434443471e-01 2.238223822382238160e-01 1.146114611461146182e-01 4.368436843684368465e-01 2.193219321932193266e-01 9.060906090609061048e-02
4.182418241824182314e-01 1.773177317731773062e-01 9.240924092409240342e-02 4.545454545454545303e-01 2.235223522352235148e-01 1.119111911191119080e-01 4.365436543654365176e-01 1.980198019801980291e-01 1.074107410741074048e-01 3.915391539153915135e-01 1.674167416741674241e-01 8.130813081308130297e-02
4.080408040804080483e-01 2.028202820282028196e-01 9.870987098709871344e-02 3.999399939993999453e-01 1.857185718571857103e-01 8.520852085208520388e-02 3.621362136213621130e-01 1.548154815481548041e-01 7.800780078007800433e-02 4.155415541554155490e-01 1.866186618661866137e-01 9.660966096609660547e-02
3.402340234023402132e-01 1.431143114311431153e-01 6.870687068706871070e-02 3.396339633963396110e-01 1.335133513351335066e-01 6.180618061806180535e-02 3.264326432643264164e-01 1.299129912991299207e-01 6.630663066306630160e-02 3.414341434143414178e-01 1.413141314131413084e-01 5.580558055805580342e-02
3.099309930993099371e-01 1.176117611761176157e-01 4.140414041404140433e-02 3.225322532253225294e-01 1.275127512751275116e-01 4.980498049804980842e-02 3.078307830783078569e-01 1.146114611461146182e-01 5.430543054305430467e-02 3.123312331233123462e-01 1.023102310231023132e-01 4.410441044104410763e-02
3.024302430243024364e-01 1.035103510351035039e-01 3.780378037803780455e-02 2.976297629762976182e-01 9.810981098109811116e-02 4.680468046804680399e-02 3.306330633063306323e-01 1.323132313231323021e-01 5.160516051605160831e-02 3.093309330933093348e-01 1.068106810681068164e-01 5.190519051905190251e-02
3.027302730273027098e-01 1.050105010501050096e-01 5.550555055505550228e-02 2.775277527752775253e-01 1.002100210021002052e-01 4.140414041404140433e-02 2.964296429642964137e-01 9.480948094809481252e-02 3.120312031203120381e-02 2.700270027002700246e-01 8.310831083108310979e-02 3.720372037203720228e-02
2.643264326432643307e-01 8.880888088808880365e-02 2.970297029702970160e-02 3.255325532553255408e-01 1.527152715271527239e-01 8.250825082508250752e-02 2.583258325832583080e-01 8.190819081908190524e-02 3.630363036303630581e-02 2.802280228022802078e-01 8.130813081308130297e-02 4.260426042604260194e-02
2.589258925892589103e-01 8.580858085808580615e-02 3.180318031803180262e-02 2.868286828682868328e-01 9.600960096009600320e-02 5.640564056405640569e-02 2.130213021302130305e-01 6.540654065406541207e-02 2.640264026402640296e-02 3.264326432643264164e-01 1.215121512151215166e-01 5.850585058505850672e-02
2.724272427242724337e-01 8.340834083408341093e-02 4.110411041104110319e-02 2.625262526252625239e-01 7.440744074407440456e-02 3.390339033903390364e-02 2.871287128712871062e-01 1.017101710171017109e-01 5.100510051005100604e-02 2.502250225022502050e-01 8.250825082508250752e-02 3.810381038103810569e-02
1.917191719171917330e-01 5.100510051005100604e-02 2.220222022202220091e-02 2.283228322832283330e-01 6.510651065106511093e-02 2.280228022802280319e-02 2.124212421242124282e-01 6.270627062706270183e-02 2.610261026102610182e-02 2.556255625562556255e-01 9.120912091209121275e-02 4.770477047704770740e-02
2.256225622562256228e-01 5.340534053405340820e-02 3.270327032703270603e-02 1.857185718571857103e-01 4.770477047704770740e-02 2.310231023102310086e-02 2.016201620162016150e-01 5.520552055205520808e-02 2.400240024002400080e-02 1.920192019201920064e-01 4.770477047704770740e-02 1.770177017701770120e-02
2.040204020402040241e-01 5.490549054905490695e-02 2.610261026102610182e-02 2.361236123612361348e-01 7.260726072607261161e-02 3.330333033303330137e-02 1.980198019801980291e-01 5.670567056705670683e-02 2.370237023702370313e-02 2.115211521152115248e-01 5.250525052505250478e-02 2.490249024902490421e-02
1.833183318331833289e-01 5.160516051605160831e-02 2.130213021302130097e-02 2.073207320732073089e-01 5.430543054305430467e-02 1.980198019801980222e-02 1.767176717671767039e-01 3.900390039003900217e-02 2.100210021002100330e-02 1.629162916291629071e-01 4.350435043504350535e-02 2.460246024602460307e-02
1.782178217821782096e-01 4.710471047104710512e-02 2.100210021002100330e-02 1.980198019801980291e-01 4.920492049204920615e-02 2.940294029402940393e-02 1.902190219021902273e-01 5.550555055505550228e-02 1.980198019801980222e-02 1.425142514251425130e-01 3.720372037203720228e-02 1.830183018301830347e-02
1.590159015901590200e-01 3.840384038403840683e-02 1.740174017401740006e-02 1.686168616861686287e-01 3.750375037503750342e-02 2.160216021602160211e-02 1.581158115811581166e-01 3.120312031203120381e-02 1.860186018601860114e-02 1.782178217821782096e-01 4.590459045904590751e-02 1.500150015001500137e-02
1.953195319531953189e-01 5.610561056105610456e-02 2.340234023402340199e-02 1.368136813681368191e-01 2.970297029702970160e-02 1.710171017101710239e-02 1.305130513051305230e-01 3.000300030003000273e-02 1.680168016801680125e-02 1.641164116411641116e-01 4.410441044104410763e-02 2.160216021602160211e-02
1.347134713471347112e-01 2.880288028802880165e-02 1.860186018601860114e-02 1.251125112511251025e-01 3.000300030003000273e-02 1.770177017701770120e-02 1.353135313531353134e-01 3.690369036903690114e-02 1.770177017701770120e-02 1.587158715871587189e-01 3.150315031503150148e-02 1.740174017401740006e-02
1.194119411941194087e-01 2.760276027602760404e-02 1.560156015601560191e-02 1.329132913291329043e-01 2.820282028202820285e-02 1.920192019201920341e-02 1.446144614461446209e-01 3.450345034503450592e-02 1.800180018001800233e-02 1.296129612961296196e-01 2.850285028502850398e-02 1.260126012601260094e-02
1.182118211821182180e-01 2.670267026702670410e-02 2.040204020402040103e-02 2.001200120012001094e-01 6.330633063306330410e-02 2.580258025802580416e-02 1.302130213021302219e-01 2.700270027002700177e-02 1.740174017401740006e-02 1.203120312031203121e-01 3.060306030603060154e-02 1.290129012901290208e-02
1.416141614161416096e-01 3.480348034803480012e-02 1.800180018001800233e-02 1.407140714071407062e-01 3.030303030303030387e-02 1.530153015301530077e-02 1.308130813081308241e-01 4.110411041104110319e-02 1.920192019201920341e-02 1.251125112511251025e-01 3.420342034203420478e-02 2.100210021002100330e-02
1.230123012301230084e-01 3.000300030003000273e-02 1.740174017401740006e-02 1.248124812481248153e-01 3.480348034803480012e-02 2.520252025202520188e-02 1.146114611461146182e-01 2.970297029702970160e-02 1.620162016201620245e-02 1.101110111011101150e-01 2.850285028502850398e-02 2.190219021902190324e-02
1.089108910891089105e-01 2.610261026102610182e-02 1.830183018301830347e-02 1.023102310231023132e-01 2.400240024002400080e-02 1.560156015601560191e-02 1.197119711971197098e-01 2.310231023102310086e-02 1.530153015301530077e-02 1.026102610261026143e-01 2.040204020402040103e-02 1.620162016201620245e-02
8.490849084908490274e-02 2.190219021902190324e-02 1.200120012001200040e-02 8.910891089108910479e-02 2.460246024602460307e-02 1.560156015601560191e-02 9.930993099309931571e-02 2.730273027302730290e-02 1.410141014101410142e-02 1.032103210321032166e-01 2.250225022502250205e-02 1.410141014101410142e-02
9.750975097509750888e-02 2.220222022202220091e-02 1.470147014701470196e-02 9.480948094809481252e-02 2.430243024302430194e-02 1.680168016801680125e-02 1.179117911791179169e-01 3.120312031203120381e-02 1.560156015601560191e-02 9.480948094809481252e-02 2.520252025202520188e-02 1.770177017701770120e-02
8.910891089108910479e-02 2.160216021602160211e-02 2.010201020102010336e-02 9.300930093009300570e-02 2.580258025802580416e-02 2.220222022202220091e-02 8.670867086708670957e-02 1.920192019201920341e-02 1.860186018601860114e-02 9.450945094509451139e-02 2.100210021002100330e-02 1.380138013801380202e-02
9.390939093909390911e-02 2.970297029702970160e-02 1.710171017101710239e-02 8.190819081908190524e-02 2.250225022502250205e-02 1.650165016501650012e-02 7.740774077407740206e-02 1.440144014401440083e-02 1.770177017701770120e-02 8.100810081008100183e-02 2.040204020402040103e-02 1.350135013501350088e-02
7.650765076507651252e-02 2.070207020702070216e-02 1.740174017401740006e-02 8.280828082808280866e-02 2.040204020402040103e-02 1.320132013201320148e-02 7.620762076207621138e-02 2.190219021902190324e-02 1.740174017401740006e-02 6.630663066306630160e-02 2.010201020102010336e-02 2.130213021302130097e-02
7.470747074707470570e-02 2.160216021602160211e-02 1.290129012901290208e-02 9.030903090309030934e-02 2.280228022802280319e-02 1.800180018001800233e-02 6.660666066606660274e-02 2.010201020102010336e-02 1.770177017701770120e-02 7.290729072907291275e-02 1.710171017101710239e-02 1.410141014101410142e-02
6.360636063606360524e-02 1.860186018601860114e-02 1.710171017101710239e-02 7.200720072007200934e-02 2.160216021602160211e-02 1.770177017701770120e-02 6.750675067506750615e-02 1.800180018001800233e-02 1.530153015301530077e-02 8.130813081308130297e-02 1.920192019201920341e-02 1.800180018001800233e-02
7.710771077107710092e-02 2.130213021302130097e-02 1.740174017401740006e-02 6.000600060006000547e-02 2.220222022202220091e-02 2.190219021902190324e-02 6.450645064506450865e-02 1.410141014101410142e-02 1.500150015001500137e-02 7.470747074707470570e-02 2.070207020702070216e-02 1.770177017701770120e-02
7.200720072007200934e-02 1.980198019801980222e-02 1.050105010501050165e-02 6.360636063606360524e-02 1.950195019501950108e-02 1.530153015301530077e-02 5.520552055205520808e-02 1.440144014401440083e-02 1.710171017101710239e-02 6.030603060306030661e-02 1.620162016201620245e-02 1.560156015601560191e-02
5.730573057305730911e-02 1.590159015901590131e-02 1.860186018601860114e-02 7.140714071407140706e-02 1.680168016801680125e-02 1.680168016801680125e-02 6.060606060606060774e-02 1.560156015601560191e-02 1.500150015001500137e-02 6.720672067206720501e-02 1.860186018601860114e-02 1.500150015001500137e-02
6.030603060306030661e-02 1.740174017401740006e-02 1.350135013501350088e-02 5.520552055205520808e-02 2.010201020102010336e-02 1.440144014401440083e-02 6.300630063006300297e-02 1.590159015901590131e-02 1.800180018001800233e-02 5.490549054905490695e-02 1.710171017101710239e-02 1.530153015301530077e-02
5.400540054005400353e-02 1.800180018001800233e-02 1.830183018301830347e-02 4.920492049204920615e-02 1.560156015601560191e-02 1.290129012901290208e-02 4.860486048604860387e-02 2.490249024902490421e-02 1.740174017401740006e-02 3.930393039303930330e-02 1.890189018901890228e-02 1.800180018001800233e-02
5.460546054605460581e-02 2.190219021902190324e-02 1.560156015601560191e-02 4.500450045004500410e-02 1.080108010801080105e-02 1.350135013501350088e-02 4.980498049804980842e-02 1.530153015301530077e-02 1.890189018901890228e-02 5.640564056405640569e-02 1.590159015901590131e-02 1.530153015301530077e-02
3.960396039603960444e-02 1.920192019201920341e-02 1.650165016501650012e-02 4.590459045904590751e-02 1.590159015901590131e-02 1.650165016501650012e-02 4.260426042604260194e-02 1.800180018001800233e-02 1.590159015901590131e-02 5.190519051905190251e-02 1.440144014401440083e-02 1.410141014101410142e-02
4.680468046804680399e-02 1.530153015301530077e-02 1.650165016501650012e-02 5.340534053405340820e-02 2.220222022202220091e-02 1.560156015601560191e-02 4.800480048004800160e-02 1.620162016201620245e-02 1.440144014401440083e-02 6.240624062406240763e-02 1.890189018901890228e-02 1.590159015901590131e-02
4.200420042004200660e-02 1.890189018901890228e-02 1.410141014101410142e-02 4.350435043504350535e-02 1.890189018901890228e-02 1.860186018601860114e-02 4.470447044704470296e-02 1.860186018601860114e-02 1.860186018601860114e-02 4.590459045904590751e-02 1.560156015601560191e-02 1.500150015001500137e-02
3.870387038703870103e-02 1.800180018001800233e-02 1.560156015601560191e-02 4.410441044104410763e-02 1.350135013501350088e-02 1.560156015601560191e-02 3.750375037503750342e-02 1.350135013501350088e-02 1.590159015901590131e-02 4.170417041704170547e-02 1.770177017701770120e-02 1.320132013201320148e-02
4.500450045004500410e-02 1.560156015601560191e-02 1.950195019501950108e-02 3.900390039003900217e-02 1.590159015901590131e-02 1.620162016201620245e-02 4.770477047704770740e-02 1.680168016801680125e-02 1.290129012901290208e-02 3.990399039903990558e-02 1.950195019501950108e-02 1.740174017401740006e-02
4.050405040504050092e-02 1.830183018301830347e-02 1.230123012301230154e-02 3.990399039903990558e-02 1.530153015301530077e-02 1.410141014101410142e-02 3.600360036003600467e-02 1.380138013801380202e-02 1.920192019201920341e-02 4.350435043504350535e-02 1.890189018901890228e-02 1.380138013801380202e-02
3.630363036303630581e-02 1.560156015601560191e-02 1.590159015901590131e-02 4.440444044404440183e-02 1.740174017401740006e-02 1.410141014101410142e-02 3.720372037203720228e-02 1.770177017701770120e-02 1.530153015301530077e-02 4.050405040504050092e-02 1.410141014101410142e-02 1.110111011101110046e-02
3.270327032703270603e-02 1.830183018301830347e-02 1.680168016801680125e-02 3.240324032403240490e-02 1.830183018301830347e-02 1.740174017401740006e-02 4.140414041404140433e-02 1.560156015601560191e-02 1.710171017101710239e-02 4.230423042304230080e-02 1.650165016501650012e-02 1.590159015901590131e-02
4.620462046204620171e-02 1.710171017101710239e-02 1.590159015901590131e-02 3.390339033903390364e-02 1.770177017701770120e-02 1.620162016201620245e-02 3.930393039303930330e-02 1.440144014401440083e-02 1.350135013501350088e-02 3.120312031203120381e-02 1.560156015601560191e-02 1.620162016201620245e-02
3.840384038403840683e-02 1.950195019501950108e-02 1.680168016801680125e-02 3.270327032703270603e-02 1.560156015601560191e-02 1.710171017101710239e-02 3.300330033003300023e-02 1.470147014701470196e-02 1.710171017101710239e-02 3.870387038703870103e-02 1.800180018001800233e-02 1.650165016501650012e-02
3.720372037203720228e-02 1.320132013201320148e-02 1.590159015901590131e-02 3.660366036603660694e-02 1.920192019201920341e-02 1.770177017701770120e-02 3.930393039303930330e-02 1.710171017101710239e-02 1.470147014701470196e-02 3.660366036603660694e-02 1.290129012901290208e-02 1.830183018301830347e-02
3.630363036303630581e-02 1.740174017401740006e-02 1.530153015301530077e-02 3.420342034203420478e-02 1.230123012301230154e-02 1.800180018001800233e-02 3.450345034503450592e-02 1.530153015301530077e-02 1.770177017701770120e-02 2.610261026102610182e-02 1.260126012601260094e-02 1.740174017401740006e-02
2.820282028202820285e-02 2.220222022202220091e-02 1.620162016201620245e-02 3.240324032403240490e-02 1.830183018301830347e-02 1.290129012901290208e-02 3.150315031503150148e-02 1.140114011401140159e-02 2.040204020402040103e-02 2.880288028802880165e-02 2.130213021302130097e-02 1.320132013201320148e-02
2.520252025202520188e-02 1.740174017401740006e-02 1.500150015001500137e-02 2.580258025802580416e-02 1.170117011701170100e-02 1.500150015001500137e-02 3.060306030603060154e-02 1.560156015601560191e-02 1.890189018901890228e-02 2.730273027302730290e-02 1.170117011701170100e-02 1.560156015601560191e-02
2.730273027302730290e-02 1.620162016201620245e-02 1.470147014701470196e-02 3.090309030903090268e-02 9.900990099009901110e-03 1.470147014701470196e-02 2.790279027902790171e-02 1.800180018001800233e-02 1.410141014101410142e-02 2.820282028202820285e-02 1.590159015901590131e-02 1.350135013501350088e-02
3.330333033303330137e-02 1.860186018601860114e-02 1.440144014401440083e-02 3.030303030303030387e-02 1.950195019501950108e-02 1.230123012301230154e-02 2.340234023402340199e-02 1.650165016501650012e-02 1.380138013801380202e-02 2.670267026702670410e-02 1.470147014701470196e-02 1.410141014101410142e-02
