1.000000000000000000e+01 1.200000000000000000e+01 1.200000000000000000e+01 1.000000000000000000e+01
3.200000000000000000e+01 3.200000000000000000e+01 3.400000000000000000e+01 3.400000000000000000e+01
5.600000000000000000e+01 5.800000000000000000e+01 5.600000000000000000e+01 5.600000000000000000e+01
7.400000000000000000e+01 7.400000000000000000e+01 8.000000000000000000e+01 7.600000000000000000e+01
9.600000000000000000e+01 1.020000000000000000e+02 1.020000000000000000e+02 9.800000000000000000e+01
1.160000000000000000e+02 1.240000000000000000e+02 1.180000000000000000e+02 1.220000000000000000e+02
1.420000000000000000e+02 1.420000000000000000e+02 1.320000000000000000e+02 1.400000000000000000e+02
1.640000000000000000e+02 1.600000000000000000e+02 1.640000000000000000e+02 1.620000000000000000e+02
1.860000000000000000e+02 1.920000000000000000e+02 1.880000000000000000e+02 1.880000000000000000e+02
2.060000000000000000e+02 2.080000000000000000e+02 2.040000000000000000e+02 2.080000000000000000e+02
2.300000000000000000e+02 2.380000000000000000e+02 2.260000000000000000e+02 2.280000000000000000e+02
2.580000000000000000e+02 2.540000000000000000e+02 2.580000000000000000e+02 2.580000000000000000e+02
2.680000000000000000e+02 2.720000000000000000e+02 2.800000000000000000e+02 2.760000000000000000e+02
2.900000000000000000e+02 2.880000000000000000e+02 2.840000000000000000e+02 2.920000000000000000e+02
3.120000000000000000e+02 3.160000000000000000e+02 3.160000000000000000e+02 3.220000000000000000e+02
3.420000000000000000e+02 3.400000000000000000e+02 3.480000000000000000e+02 3.340000000000000000e+02
3.660000000000000000e+02 3.520000000000000000e+02 3.600000000000000000e+02 3.680000000000000000e+02
3.840000000000000000e+02 3.860000000000000000e+02 3.800000000000000000e+02 3.860000000000000000e+02
4.080000000000000000e+02 4.100000000000000000e+02 3.940000000000000000e+02 4.060000000000000000e+02
4.180000000000000000e+02 4.220000000000000000e+02 4.180000000000000000e+02 4.140000000000000000e+02
4.520000000000000000e+02 4.560000000000000000e+02 4.600000000000000000e+02 4.460000000000000000e+02
4.780000000000000000e+02 4.780000000000000000e+02 4.760000000000000000e+02 4.760000000000000000e+02
5.060000000000000000e+02 5.020000000000000000e+02 4.980000000000000000e+02 4.940000000000000000e+02
5.100000000000000000e+02 5.060000000000000000e+02 5.140000000000000000e+02 5.200000000000000000e+02
5.360000000000000000e+02 5.220000000000000000e+02 5.300000000000000000e+02 5.300000000000000000e+02
5.560000000000000000e+02 5.660000000000000000e+02 5.640000000000000000e+02 5.700000000000000000e+02
5.760000000000000000e+02 5.820000000000000000e+02 5.820000000000000000e+02 5.780000000000000000e+02
6.000000000000000000e+02 6.060000000000000000e+02 6.000000000000000000e+02 6.100000000000000000e+02
6.320000000000000000e+02 6.220000000000000000e+02 6.400000000000000000e+02 6.280000000000000000e+02
6.580000000000000000e+02 6.460000000000000000e+02 6.480000000000000000e+02 6.400000000000000000e+02
6.720000000000000000e+02 6.780000000000000000e+02 6.720000000000000000e+02 6.660000000000000000e+02
6.960000000000000000e+02 7.120000000000000000e+02 6.900000000000000000e+02 6.820000000000000000e+02
7.200000000000000000e+02 7.160000000000000000e+02 7.060000000000000000e+02 7.200000000000000000e+02
7.380000000000000000e+02 7.260000000000000000e+02 7.460000000000000000e+02 7.360000000000000000e+02
7.460000000000000000e+02 7.560000000000000000e+02 7.560000000000000000e+02 7.640000000000000000e+02
7.700000000000000000e+02 7.900000000000000000e+02 7.780000000000000000e+02 7.800000000000000000e+02
8.200000000000000000e+02 8.080000000000000000e+02 7.900000000000000000e+02 7.980000000000000000e+02
8.120000000000000000e+02 8.300000000000000000e+02 8.200000000000000000e+02 8.300000000000000000e+02
8.420000000000000000e+02 8.420000000000000000e+02 8.760000000000000000e+02 8.400000000000000000e+02
8.780000000000000000e+02 8.820000000000000000e+02 8.680000000000000000e+02 8.740000000000000000e+02
