9.201920192019201750e-01 8.664866486648664656e-01 8.172817281728173011e-01 9.090909090909090606e-01 8.463846384638463727e-01 7.926792679267926633e-01 8.970897089708971262e-01 8.478847884788478506e-01 7.605760576057605249e-01 9.228922892289228574e-01 8.850885088508850806e-01 8.427842784278427590e-01
8.262826282628262797e-01 7.173717371737173831e-01 6.057605760576058040e-01 8.079807980798079381e-01 6.459645964596459899e-01 5.283528352835283881e-01 7.962796279627962770e-01 6.648664866486648783e-01 5.499549954995499590e-01 7.953795379537953458e-01 6.708670867086709011e-01 5.649564956495649604e-01
7.230723072307230215e-01 5.622562256225622779e-01 4.209420942094209694e-01 7.041704170417041331e-01 5.220522052205220920e-01 3.762376237623762387e-01 7.338733873387338624e-01 5.124512451245124556e-01 4.065406540654065148e-01 7.176717671767176565e-01 5.058505850585058861e-01 3.912391239123912401e-01
6.315631563156315353e-01 4.218421842184218451e-01 2.877287728772877085e-01 6.483648364836483990e-01 4.029402940294029567e-01 2.889288928892889130e-01 5.943594359435943053e-01 3.891389138913891599e-01 2.505250525052505339e-01 6.918691869186918142e-01 4.773477347734773613e-01 3.345334533453345194e-01
5.703570357035703253e-01 3.489348934893489185e-01 2.085208520852085134e-01 5.604560456045604155e-01 3.039303930393039144e-01 1.776177617761776073e-01 5.523552355235523681e-01 3.093309330933093348e-01 1.824182418241824255e-01 5.466546654665466187e-01 3.045304530453045166e-01 1.809180918091809198e-01
5.592559255925592110e-01 3.417341734173417467e-01 2.031203120312031207e-01 4.821482148214821239e-01 2.634263426342633996e-01 1.278127812781278128e-01 5.148514851485148647e-01 2.658265826582658087e-01 1.407140714071407062e-01 4.869486948694869421e-01 2.232223222322232137e-01 1.470147014701470023e-01
4.203420342034203672e-01 1.821182118211821244e-01 8.880888088808880365e-02 4.413441344134413358e-01 2.055205520552055298e-01 9.810981098109811116e-02 4.878487848784878733e-01 2.577257725772577057e-01 1.227122712271227073e-01 4.023402340234023544e-01 1.920192019201920064e-01 7.950795079507951002e-02
3.909390939093909667e-01 1.665166516651665207e-01 7.590759075907591025e-02 4.215421542154215162e-01 1.752175217521752260e-01 8.220822082208220638e-02 3.642364236423642487e-01 1.425142514251425130e-01 5.490549054905490695e-02 4.167416741674167535e-01 1.641164116411641116e-01 8.190819081908190524e-02
3.291329132913291544e-01 1.152115211521152066e-01 3.810381038103810569e-02 3.069306930693069257e-01 1.101110111011101150e-01 3.630363036303630581e-02 3.273327332733273476e-01 1.188118811881188064e-01 4.050405040504050092e-02 3.060306030603060501e-01 1.182118211821182180e-01 4.020402040204020672e-02
3.381338133813381330e-01 1.017101710171017109e-01 4.200420042004200660e-02 2.931293129312931289e-01 9.570957095709571594e-02 3.630363036303630581e-02 3.045304530453045166e-01 1.023102310231023132e-01 4.290429042904290308e-02 2.994299429942994251e-01 9.690969096909690661e-02 2.670267026702670410e-02
2.724272427242724337e-01 8.640864086408640843e-02 2.520252025202520188e-02 2.334233423342334246e-01 5.220522052205220365e-02 1.410141014101410142e-02 2.646264626462646041e-01 8.430843084308431434e-02 2.130213021302130097e-02 2.688268826882688201e-01 8.520852085208520388e-02 2.730273027302730290e-02
1.770177017701770050e-01 3.420342034203420478e-02 6.600660066006600740e-03 2.046204620462046264e-01 4.140414041404140433e-02 1.380138013801380202e-02 2.322232223222322200e-01 4.800480048004800160e-02 1.620162016201620245e-02 2.181218121812181221e-01 4.680468046804680399e-02 1.680168016801680125e-02
2.073207320732073089e-01 4.680468046804680399e-02 1.080108010801080105e-02 1.905190519051905285e-01 3.900390039003900217e-02 9.600960096009601707e-03 1.821182118211821244e-01 3.030303030303030387e-02 9.300930093009300570e-03 2.016201620162016150e-01 4.230423042304230080e-02 1.350135013501350088e-02
1.782178217821782096e-01 3.360336033603360251e-02 1.170117011701170100e-02 1.848184818481848068e-01 4.080408040804080205e-02 9.000900090009001167e-03 1.770177017701770050e-01 3.540354035403540239e-02 8.100810081008101224e-03 1.671167116711671230e-01 3.420342034203420478e-02 7.200720072007200413e-03
1.740174017401740214e-01 3.870387038703870103e-02 8.400840084008400627e-03 1.677167716771677253e-01 3.300330033003300023e-02 5.700570057005700797e-03 1.842184218421842046e-01 3.420342034203420478e-02 8.400840084008400627e-03 1.554155415541554064e-01 2.580258025802580416e-02 6.300630063006300470e-03
1.269126912691269093e-01 1.590159015901590131e-02 2.100210021002100157e-03 1.215121512151215166e-01 1.620162016201620245e-02 1.800180018001800103e-03 1.287128712871287162e-01 2.310231023102310086e-02 4.200420042004200313e-03 1.356135613561356146e-01 2.520252025202520188e-02 5.100510051005100257e-03
1.101110111011101150e-01 1.380138013801380202e-02 2.400240024002400427e-03 1.155115511551155077e-01 1.170117011701170100e-02 3.600360036003600207e-03 1.314131413141314264e-01 1.860186018601860114e-02 4.200420042004200313e-03 1.191119111911191075e-01 1.920192019201920341e-02 2.100210021002100157e-03
9.030903090309030934e-02 1.140114011401140159e-02 1.500150015001500050e-03 1.119111911191119080e-01 1.620162016201620245e-02 2.700270027002700263e-03 1.056105610561056118e-01 1.470147014701470196e-02 2.100210021002100157e-03 9.690969096909690661e-02 9.000900090009001167e-03 6.000600060006001067e-04
8.130813081308130297e-02 6.300630063006300470e-03 9.000900090009000517e-04 9.510951095109511366e-02 1.410141014101410142e-02 1.800180018001800103e-03 9.360936093609360797e-02 1.050105010501050165e-02 1.500150015001500050e-03 1.011101110111011087e-01 1.110111011101110046e-02 1.500150015001500050e-03
9.510951095109511366e-02 9.900990099009901110e-03 1.500150015001500050e-03 7.890789078907890775e-02 8.100810081008101224e-03 1.800180018001800103e-03 7.560756075607560911e-02 5.400540054005400527e-03 9.000900090009000517e-04 8.940894089408940593e-02 8.100810081008101224e-03 2.400240024002400427e-03
7.410741074107410342e-02 5.700570057005700797e-03 9.000900090009000517e-04 6.450645064506450865e-02 6.000600060006000200e-03 0.000000000000000000e+00 6.060606060606060774e-02 4.800480048004800854e-03 3.000300030003000534e-04 7.650765076507651252e-02 8.400840084008400627e-03 3.000300030003000534e-04
5.610561056105610456e-02 2.100210021002100157e-03 3.000300030003000534e-04 5.430543054305430467e-02 5.700570057005700797e-03 3.000300030003000534e-04 4.860486048604860387e-02 3.000300030003000100e-03 3.000300030003000534e-04 7.740774077407740206e-02 6.300630063006300470e-03 9.000900090009000517e-04
5.550555055505550228e-02 3.900390039003900477e-03 9.000900090009000517e-04 5.100510051005100604e-02 2.100210021002100157e-03 1.200120012001200213e-03 4.710471047104710512e-02 1.500150015001500050e-03 0.000000000000000000e+00 3.600360036003600467e-02 1.200120012001200213e-03 3.000300030003000534e-04
4.410441044104410763e-02 2.100210021002100157e-03 0.000000000000000000e+00 6.180618061806180535e-02 5.100510051005100257e-03 1.200120012001200213e-03 3.960396039603960444e-02 3.000300030003000100e-03 0.000000000000000000e+00 3.450345034503450592e-02 2.700270027002700263e-03 6.000600060006001067e-04
3.840384038403840683e-02 3.600360036003600207e-03 0.000000000000000000e+00 4.320432043204320421e-02 2.100210021002100157e-03 9.000900090009000517e-04 3.960396039603960444e-02 1.500150015001500050e-03 0.000000000000000000e+00 4.380438043804380649e-02 1.200120012001200213e-03 6.000600060006001067e-04
4.860486048604860387e-02 1.800180018001800103e-03 3.000300030003000534e-04 2.520252025202520188e-02 1.800180018001800103e-03 0.000000000000000000e+00 3.780378037803780455e-02 5.100510051005100257e-03 3.000300030003000534e-04 3.900390039003900217e-02 2.400240024002400427e-03 3.000300030003000534e-04
3.150315031503150148e-02 9.000900090009000517e-04 0.000000000000000000e+00 2.910291029102910279e-02 3.000300030003000534e-04 3.000300030003000534e-04 3.090309030903090268e-02 2.700270027002700263e-03 0.000000000000000000e+00 2.400240024002400080e-02 1.500150015001500050e-03 0.000000000000000000e+00
2.280228022802280319e-02 9.000900090009000517e-04 6.000600060006001067e-04 2.760276027602760404e-02 1.500150015001500050e-03 6.000600060006001067e-04 3.000300030003000273e-02 1.800180018001800103e-03 6.000600060006001067e-04 2.280228022802280319e-02 9.000900090009000517e-04 0.000000000000000000e+00
2.280228022802280319e-02 9.000900090009000517e-04 3.000300030003000534e-04 2.520252025202520188e-02 6.000600060006001067e-04 0.000000000000000000e+00 1.830183018301830347e-02 9.000900090009000517e-04 6.000600060006001067e-04 2.850285028502850398e-02 1.200120012001200213e-03 3.000300030003000534e-04
1.980198019801980222e-02 6.000600060006001067e-04 0.000000000000000000e+00 2.190219021902190324e-02 6.000600060006001067e-04 0.000000000000000000e+00 1.680168016801680125e-02 3.000300030003000534e-04 0.000000000000000000e+00 2.340234023402340199e-02 1.500150015001500050e-03 0.000000000000000000e+00
2.070207020702070216e-02 9.000900090009000517e-04 0.000000000000000000e+00 1.380138013801380202e-02 3.000300030003000534e-04 0.000000000000000000e+00 1.530153015301530077e-02 9.000900090009000517e-04 0.000000000000000000e+00 1.440144014401440083e-02 3.000300030003000534e-04 3.000300030003000534e-04
9.600960096009601707e-03 1.200120012001200213e-03 0.000000000000000000e+00 1.260126012601260094e-02 3.000300030003000534e-04 0.000000000000000000e+00 1.410141014101410142e-02 6.000600060006001067e-04 0.000000000000000000e+00 1.260126012601260094e-02 0.000000000000000000e+00 3.000300030003000534e-04
1.410141014101410142e-02 0.000000000000000000e+00 0.000000000000000000e+00 1.140114011401140159e-02 0.000000000000000000e+00 0.000000000000000000e+00 1.560156015601560191e-02 6.000600060006001067e-04 0.000000000000000000e+00 1.560156015601560191e-02 1.200120012001200213e-03 0.000000000000000000e+00
1.110111011101110046e-02 3.000300030003000534e-04 3.000300030003000534e-04 1.380138013801380202e-02 3.000300030003000534e-04 9.000900090009000517e-04 1.020102010201020051e-02 3.000300030003000534e-04 0.000000000000000000e+00 1.020102010201020051e-02 3.000300030003000534e-04 3.000300030003000534e-04
8.400840084008400627e-03 0.000000000000000000e+00 3.000300030003000534e-04 8.700870087008700030e-03 0.000000000000000000e+00 0.000000000000000000e+00 1.080108010801080105e-02 3.000300030003000534e-04 0.000000000000000000e+00 7.200720072007200413e-03 3.000300030003000534e-04 3.000300030003000534e-04
9.600960096009601707e-03 3.000300030003000534e-04 6.000600060006001067e-04 9.000900090009001167e-03 3.000300030003000534e-04 0.000000000000000000e+00 1.200120012001200040e-02 0.000000000000000000e+00 3.000300030003000534e-04 1.080108010801080105e-02 0.000000000000000000e+00 3.000300030003000534e-04
7.800780078007800954e-03 0.000000000000000000e+00 0.000000000000000000e+00 6.600660066006600740e-03 3.000300030003000534e-04 9.000900090009000517e-04 8.400840084008400627e-03 6.000600060006001067e-04 0.000000000000000000e+00 9.600960096009601707e-03 3.000300030003000534e-04 0.000000000000000000e+00
6.900690069006901010e-03 6.000600060006001067e-04 0.000000000000000000e+00 8.700870087008700030e-03 6.000600060006001067e-04 3.000300030003000534e-04 6.900690069006901010e-03 0.000000000000000000e+00 6.000600060006001067e-04 6.600660066006600740e-03 3.000300030003000534e-04 0.000000000000000000e+00
6.300630063006300470e-03 0.000000000000000000e+00 0.000000000000000000e+00 5.700570057005700797e-03 6.000600060006001067e-04 0.000000000000000000e+00 2.700270027002700263e-03 6.000600060006001067e-04 0.000000000000000000e+00 5.400540054005400527e-03 0.000000000000000000e+00 3.000300030003000534e-04
7.200720072007200413e-03 0.000000000000000000e+00 0.000000000000000000e+00 5.700570057005700797e-03 3.000300030003000534e-04 0.000000000000000000e+00 5.700570057005700797e-03 0.000000000000000000e+00 0.000000000000000000e+00 5.400540054005400527e-03 0.000000000000000000e+00 0.000000000000000000e+00
