9.193999999999999950e-01 9.052000000000000046e-01 8.987000000000000544e-01 9.291000000000000369e-01
8.235000000000000098e-01 8.074999999999999956e-01 7.963999999999999968e-01 8.073000000000000176e-01
7.307000000000000162e-01 7.126000000000000112e-01 7.292999999999999483e-01 7.106999999999999984e-01
6.350000000000000089e-01 6.445999999999999508e-01 6.007000000000000117e-01 6.722000000000000197e-01
5.786999999999999922e-01 5.471000000000000307e-01 5.614999999999999991e-01 5.523000000000000131e-01
5.674000000000000155e-01 4.863000000000000100e-01 5.046000000000000485e-01 4.895999999999999797e-01
4.127000000000000113e-01 4.423000000000000265e-01 5.057000000000000384e-01 4.097999999999999976e-01
3.966000000000000081e-01 4.064999999999999725e-01 3.690999999999999837e-01 4.052999999999999936e-01
3.251000000000000001e-01 3.171999999999999820e-01 3.260000000000000120e-01 3.123000000000000220e-01
3.286999999999999922e-01 3.027000000000000246e-01 3.286000000000000032e-01 2.884999999999999787e-01
2.748999999999999777e-01 2.250999999999999945e-01 2.781000000000000139e-01 2.712999999999999856e-01
1.756000000000000061e-01 2.018999999999999961e-01 2.253999999999999893e-01 2.237999999999999989e-01
2.121999999999999997e-01 1.975000000000000089e-01 1.850999999999999868e-01 1.993000000000000049e-01
1.733999999999999986e-01 1.867000000000000048e-01 1.756999999999999951e-01 1.731000000000000039e-01
1.766999999999999960e-01 1.633000000000000007e-01 1.819000000000000061e-01 1.656999999999999862e-01
1.307000000000000106e-01 1.159000000000000030e-01 1.292999999999999983e-01 1.472999999999999865e-01
1.155999999999999944e-01 1.142999999999999988e-01 1.280999999999999917e-01 1.188000000000000028e-01
8.780000000000000304e-02 1.087000000000000050e-01 1.100000000000000006e-01 9.370000000000000551e-02
8.179999999999999771e-02 9.639999999999999958e-02 9.099999999999999756e-02 9.929999999999999938e-02
1.013000000000000012e-01 7.380000000000000449e-02 8.100000000000000255e-02 9.009999999999999953e-02
6.880000000000000004e-02 6.149999999999999911e-02 6.310000000000000331e-02 6.740000000000000158e-02
6.360000000000000375e-02 5.439999999999999697e-02 4.769999999999999934e-02 6.619999999999999496e-02
5.650000000000000161e-02 4.880000000000000310e-02 4.220000000000000140e-02 4.669999999999999846e-02
4.950000000000000233e-02 5.580000000000000238e-02 4.220000000000000140e-02 4.030000000000000249e-02
4.089999999999999886e-02 4.519999999999999712e-02 4.179999999999999688e-02 5.040000000000000036e-02
4.259999999999999898e-02 3.300000000000000155e-02 3.699999999999999817e-02 3.479999999999999760e-02
3.180000000000000188e-02 2.900000000000000147e-02 2.610000000000000167e-02 2.620000000000000107e-02
2.309999999999999901e-02 2.610000000000000167e-02 2.489999999999999852e-02 2.520000000000000018e-02
2.179999999999999993e-02 2.649999999999999925e-02 2.199999999999999872e-02 2.270000000000000143e-02
1.899999999999999953e-02 1.949999999999999997e-02 1.499999999999999944e-02 2.469999999999999973e-02
1.710000000000000062e-02 1.710000000000000062e-02 1.569999999999999868e-02 1.640000000000000138e-02
1.389999999999999916e-02 1.039999999999999952e-02 1.299999999999999940e-02 1.409999999999999969e-02
1.200000000000000025e-02 1.110000000000000049e-02 1.310000000000000053e-02 1.209999999999999964e-02
9.599999999999999159e-03 1.230000000000000017e-02 1.119999999999999989e-02 8.800000000000000530e-03
1.190000000000000085e-02 7.400000000000000328e-03 1.009999999999999960e-02 8.000000000000000167e-03
1.030000000000000013e-02 8.800000000000000530e-03 8.800000000000000530e-03 1.230000000000000017e-02
5.899999999999999863e-03 5.100000000000000366e-03 7.000000000000000146e-03 8.300000000000000086e-03
6.499999999999999702e-03 7.400000000000000328e-03 6.199999999999999782e-03 5.400000000000000286e-03
5.100000000000000366e-03 5.599999999999999943e-03 4.300000000000000003e-03 6.599999999999999964e-03
5.199999999999999761e-03 5.000000000000000104e-03 5.700000000000000205e-03 4.899999999999999842e-03
