9.300000000000000000e+01 8.100000000000000000e+01 7.900000000000000000e+01 9.500000000000000000e+01
1.710000000000000000e+02 1.690000000000000000e+02 1.590000000000000000e+02 1.590000000000000000e+02
2.210000000000000000e+02 2.070000000000000000e+02 2.310000000000000000e+02 2.170000000000000000e+02
3.190000000000000000e+02 3.070000000000000000e+02 2.910000000000000000e+02 3.090000000000000000e+02
3.630000000000000000e+02 3.550000000000000000e+02 3.410000000000000000e+02 3.690000000000000000e+02
4.450000000000000000e+02 4.310000000000000000e+02 4.510000000000000000e+02 4.250000000000000000e+02
5.050000000000000000e+02 4.830000000000000000e+02 5.350000000000000000e+02 5.030000000000000000e+02
5.670000000000000000e+02 5.830000000000000000e+02 5.830000000000000000e+02 5.830000000000000000e+02
6.430000000000000000e+02 6.130000000000000000e+02 6.050000000000000000e+02 6.310000000000000000e+02
6.990000000000000000e+02 7.110000000000000000e+02 7.170000000000000000e+02 6.910000000000000000e+02
7.530000000000000000e+02 7.230000000000000000e+02 7.870000000000000000e+02 7.750000000000000000e+02
7.970000000000000000e+02 8.110000000000000000e+02 8.170000000000000000e+02 8.090000000000000000e+02
9.310000000000000000e+02 9.190000000000000000e+02 8.630000000000000000e+02 8.950000000000000000e+02
9.710000000000000000e+02 9.890000000000000000e+02 1.031000000000000000e+03 9.990000000000000000e+02
1.059000000000000000e+03 1.023000000000000000e+03 1.037000000000000000e+03 1.009000000000000000e+03
1.087000000000000000e+03 1.079000000000000000e+03 1.077000000000000000e+03 1.121000000000000000e+03
1.153000000000000000e+03 1.199000000000000000e+03 1.175000000000000000e+03 1.143000000000000000e+03
1.223000000000000000e+03 1.245000000000000000e+03 1.223000000000000000e+03 1.225000000000000000e+03
1.301000000000000000e+03 1.271000000000000000e+03 1.357000000000000000e+03 1.289000000000000000e+03
1.407000000000000000e+03 1.397000000000000000e+03 1.397000000000000000e+03 1.427000000000000000e+03
1.419000000000000000e+03 1.421000000000000000e+03 1.395000000000000000e+03 1.415000000000000000e+03
1.483000000000000000e+03 1.477000000000000000e+03 1.511000000000000000e+03 1.495000000000000000e+03
1.505000000000000000e+03 1.553000000000000000e+03 1.557000000000000000e+03 1.581000000000000000e+03
1.697000000000000000e+03 1.675000000000000000e+03 1.657000000000000000e+03 1.597000000000000000e+03
1.713000000000000000e+03 1.753000000000000000e+03 1.739000000000000000e+03 1.729000000000000000e+03
1.787000000000000000e+03 1.733000000000000000e+03 1.715000000000000000e+03 1.723000000000000000e+03
1.861000000000000000e+03 1.855000000000000000e+03 1.797000000000000000e+03 1.839000000000000000e+03
1.913000000000000000e+03 1.883000000000000000e+03 1.905000000000000000e+03 1.865000000000000000e+03
1.945000000000000000e+03 2.001000000000000000e+03 1.917000000000000000e+03 1.951000000000000000e+03
1.971000000000000000e+03 2.061000000000000000e+03 2.027000000000000000e+03 2.053000000000000000e+03
2.085000000000000000e+03 2.095000000000000000e+03 2.073000000000000000e+03 2.143000000000000000e+03
2.155000000000000000e+03 2.103000000000000000e+03 2.169000000000000000e+03 2.205000000000000000e+03
2.227000000000000000e+03 2.221000000000000000e+03 2.259000000000000000e+03 2.217000000000000000e+03
2.337000000000000000e+03 2.327000000000000000e+03 2.241000000000000000e+03 2.289000000000000000e+03
2.413000000000000000e+03 2.387000000000000000e+03 2.355000000000000000e+03 2.347000000000000000e+03
2.473000000000000000e+03 2.385000000000000000e+03 2.435000000000000000e+03 2.429000000000000000e+03
2.421000000000000000e+03 2.497000000000000000e+03 2.545000000000000000e+03 2.483000000000000000e+03
2.619000000000000000e+03 2.521000000000000000e+03 2.601000000000000000e+03 2.551000000000000000e+03
2.659000000000000000e+03 2.625000000000000000e+03 2.517000000000000000e+03 2.669000000000000000e+03
2.661000000000000000e+03 2.659000000000000000e+03 2.689000000000000000e+03 2.669000000000000000e+03
