9.783978397839774299e-01 9.807980798079802831e-01 9.081908190819079074e-01 9.561956195619556453e-01
9.324932493249324938e-01 1.014401440144014011e+00 9.441944194419444880e-01 9.384938493849376284e-01
9.033903390339027561e-01 9.225922592259214738e-01 1.070807080708070957e+00 1.026702670267026773e+00
9.168916891689171678e-01 1.025202520252024962e+00 8.661866186618665253e-01 9.780978097809777116e-01
8.727872787278728728e-01 9.471947194719478880e-01 9.114911491149118028e-01 9.072907290729077534e-01
8.556855685568561798e-01 7.839783978397844022e-01 8.877887788778880962e-01 9.381938193819391314e-01
8.034803480348041704e-01 8.055805580558066392e-01 8.130813081308135848e-01 7.104710471047109843e-01
7.491749174917500254e-01 8.211821182118214102e-01 7.200720072007211758e-01 8.397839783978406913e-01
6.798679867986809899e-01 6.267626762676272723e-01 6.660666066606668601e-01 6.036603660366041124e-01
7.512751275127524941e-01 6.285628562856293566e-01 6.495649564956501587e-01 6.342634263426348840e-01
5.832583258325843012e-01 5.577557755775582882e-01 5.622562256225628330e-01 5.781578157815789876e-01
4.350435043504355948e-01 5.034503450345042541e-01 5.688568856885692915e-01 5.307530753075315744e-01
4.923492349234930288e-01 4.641464146414648884e-01 4.647464746474654351e-01 4.914491449144923196e-01
4.455445544554461623e-01 4.410441044104416175e-01 4.329432943294336811e-01 4.059405940594064122e-01
4.143414341434148995e-01 4.098409840984102992e-01 4.584458445844590835e-01 3.951395139513955712e-01
3.351335133513357323e-01 3.177317731773183218e-01 3.210321032103214955e-01 3.363336333633368813e-01
2.913291329132917662e-01 3.150315031503154173e-01 3.426342634263432885e-01 3.018301830183023338e-01
2.382238223822386314e-01 2.898289828982902883e-01 2.748274827482752869e-01 2.643264326432647748e-01
2.259225922592262847e-01 2.448244824482451731e-01 2.508250825082513069e-01 2.715271527152720021e-01
2.571257125712576030e-01 2.142214221422145404e-01 2.115211521152118301e-01 2.463246324632466233e-01
2.061206120612065207e-01 1.755175517551758324e-01 1.677167716771679751e-01 2.046204620462050427e-01
1.623162316231626379e-01 1.461146114611463764e-01 1.371137113711373146e-01 2.142214221422145959e-01
1.557155715571559296e-01 1.479147914791481833e-01 1.368136813681370412e-01 1.047104710471049305e-01
1.260126012601262280e-01 1.713171317131715332e-01 1.098109810981099804e-01 9.600960096009618361e-02
1.044104410441045599e-01 1.242124212421243795e-01 1.143114311431145530e-01 1.284128412841286648e-01
1.407140714071409837e-01 7.020702070207031353e-02 9.840984098409853720e-02 1.101110111011102399e-01
9.180918091809193993e-02 8.670867086708688998e-02 8.460846084608475426e-02 6.750675067506761717e-02
6.630663066306639875e-02 7.890789078907901877e-02 8.520852085208534266e-02 6.570657065706582423e-02
6.600660066006612536e-02 7.380738073807394106e-02 5.280528052805290307e-02 8.220822082208237291e-02
5.760576057605770045e-02 6.390639063906401740e-02 4.950495049504959749e-02 6.570657065706579647e-02
5.940594059405950034e-02 4.050405040504057030e-02 4.320432043204327360e-02 4.260426042604267133e-02
2.520252025202525045e-02 3.690369036903697053e-02 4.050405040504054949e-02 3.810381038103818896e-02
4.230423042304238407e-02 3.420342034203425335e-02 4.500450045004509431e-02 4.320432043204327360e-02
3.270327032703274767e-02 4.140414041404148066e-02 2.970297029702975711e-02 3.000300030003005478e-02
2.550255025502554812e-02 2.610261026102615387e-02 3.150315031503155699e-02 2.100210021002104493e-02
2.850285028502854909e-02 2.610261026102615040e-02 3.630363036303636132e-02 3.270327032703276154e-02
2.340234023402345404e-02 1.980198019801984385e-02 2.340234023402344710e-02 2.790279027902794334e-02
1.890189018901893350e-02 2.460246024602464124e-02 2.130213021302134954e-02 1.890189018901892656e-02
1.890189018901894044e-02 1.530153015301532679e-02 6.300630063006308276e-03 1.650165016501653481e-02
2.160216021602164374e-02 1.620162016201622673e-02 1.710171017101712668e-02 1.620162016201623714e-02
