9.030903090309030379e-01 8.523852385238523954e-01 7.860786078607860938e-01 8.874887488748874897e-01 8.238823882388238706e-01 7.917791779177917322e-01 8.808880888088809202e-01 8.229822982298229395e-01 7.482748274827483170e-01 9.030903090309030379e-01 8.373837383738373941e-01 7.764776477647764574e-01
7.410741074107410897e-01 6.018601860186018060e-01 4.554455445544554615e-01 7.806780678067807289e-01 6.051605160516051463e-01 5.097509750975097731e-01 7.545754575457546132e-01 5.847584758475847799e-01 4.905490549054905558e-01 7.614761476147614561e-01 5.958595859585958943e-01 4.761476147614761567e-01
6.393639363936393094e-01 4.497449744974497676e-01 3.060306030603060501e-01 6.528652865286528328e-01 4.431443144314431426e-01 3.177317731773177112e-01 6.525652565256525595e-01 4.221422142214221185e-01 3.153315331533153576e-01 6.609660966096609913e-01 4.725472547254725431e-01 3.249324932493249385e-01
5.751575157515751435e-01 3.465346534653465094e-01 2.139213921392139339e-01 5.502550255025502324e-01 3.471347134713471116e-01 2.106210621062106214e-01 5.931593159315932118e-01 3.402340234023402132e-01 2.238223822382238160e-01 5.946594659465946897e-01 3.567356735673567480e-01 2.265226522652265262e-01
5.262526252625262524e-01 2.766276627662766496e-01 1.614161416141614291e-01 5.325532553255325485e-01 2.793279327932793321e-01 1.710171017101710100e-01 4.539453945394539280e-01 2.145214521452145084e-01 1.104110411041104162e-01 4.773477347734773613e-01 2.382238223822382150e-01 1.218121812181218178e-01
4.200420042004200383e-01 1.959195919591959212e-01 9.090909090909091161e-02 3.888388838883888310e-01 1.686168616861686287e-01 6.960696069606960024e-02 4.470447044704470296e-01 2.118211821182118260e-01 9.330933093309330684e-02 3.873387338733873531e-01 1.587158715871587189e-01 6.900690069006901184e-02
3.714371437143714205e-01 1.578157815781578155e-01 6.420642064206420752e-02 3.426342634263426223e-01 1.137113711371137148e-01 4.830483048304830274e-02 3.720372037203720228e-01 1.371137113711371203e-01 5.160516051605160831e-02 3.777377737773777167e-01 1.431143114311431153e-01 6.270627062706270183e-02
2.706270627062706269e-01 8.820882088208821525e-02 2.700270027002700177e-02 3.030303030303030387e-01 1.059105910591059130e-01 3.390339033903390364e-02 3.003300330033003562e-01 9.840984098409841230e-02 2.880288028802880165e-02 2.826282628262826169e-01 8.580858085808580615e-02 2.490249024902490421e-02
2.484248424842484260e-01 6.720672067206720501e-02 1.860186018601860114e-02 2.481248124812481248e-01 6.930693069306931298e-02 1.950195019501950108e-02 2.421242124212421298e-01 6.570657065706571320e-02 2.100210021002100330e-02 2.352235223522352314e-01 6.270627062706270183e-02 1.710171017101710239e-02
1.887188718871887216e-01 3.690369036903690114e-02 8.400840084008400627e-03 2.085208520852085134e-01 4.980498049804980842e-02 9.900990099009901110e-03 1.965196519651965235e-01 3.720372037203720228e-02 1.050105010501050165e-02 1.995199519951995071e-01 5.880588058805880786e-02 1.170117011701170100e-02
1.905190519051905285e-01 3.420342034203420478e-02 9.600960096009601707e-03 1.494149414941494114e-01 3.420342034203420478e-02 5.100510051005100257e-03 1.650165016501650150e-01 2.370237023702370313e-02 5.700570057005700797e-03 1.614161416141614291e-01 3.300330033003300023e-02 5.100510051005100257e-03
1.641164116411641116e-01 3.030303030303030387e-02 6.000600060006000200e-03 1.659165916591659184e-01 3.510351035103510126e-02 8.400840084008400627e-03 1.656165616561656173e-01 3.000300030003000273e-02 3.600360036003600207e-03 1.452145214521452232e-01 2.430243024302430194e-02 6.600660066006600740e-03
1.191119111911191075e-01 1.800180018001800233e-02 3.600360036003600207e-03 1.395139513951395016e-01 1.680168016801680125e-02 4.200420042004200313e-03 1.293129312931293184e-01 2.160216021602160211e-02 4.200420042004200313e-03 1.179117911791179169e-01 1.140114011401140159e-02 3.300330033003300370e-03
1.164116411641164112e-01 1.980198019801980222e-02 3.000300030003000100e-03 1.014101410141014098e-01 1.440144014401440083e-02 3.000300030003000100e-03 1.056105610561056118e-01 1.050105010501050165e-02 2.100210021002100157e-03 9.390939093909390911e-02 1.200120012001200040e-02 1.800180018001800103e-03
8.850885088508850251e-02 8.400840084008400627e-03 6.000600060006001067e-04 8.940894089408940593e-02 9.300930093009300570e-03 1.800180018001800103e-03 9.780978097809781002e-02 1.140114011401140159e-02 9.000900090009000517e-04 9.630963096309630433e-02 9.600960096009601707e-03 1.500150015001500050e-03
1.173117311731173146e-01 1.200120012001200040e-02 3.300330033003300370e-03 7.650765076507651252e-02 8.700870087008700030e-03 6.000600060006001067e-04 7.350735073507350115e-02 8.400840084008400627e-03 9.000900090009000517e-04 7.650765076507651252e-02 4.500450045004500584e-03 3.000300030003000534e-04
6.150615061506150422e-02 5.400540054005400527e-03 9.000900090009000517e-04 7.440744074407440456e-02 6.000600060006000200e-03 3.000300030003000534e-04 5.940594059405940319e-02 2.100210021002100157e-03 3.000300030003000534e-04 6.270627062706270183e-02 2.700270027002700263e-03 0.000000000000000000e+00
5.340534053405340820e-02 3.600360036003600207e-03 3.000300030003000534e-04 5.190519051905190251e-02 2.400240024002400427e-03 0.000000000000000000e+00 4.830483048304830274e-02 3.600360036003600207e-03 3.000300030003000534e-04 6.870687068706871070e-02 9.900990099009901110e-03 3.000300030003000534e-04
4.050405040504050092e-02 1.800180018001800103e-03 3.000300030003000534e-04 4.830483048304830274e-02 1.500150015001500050e-03 0.000000000000000000e+00 4.890489048904890501e-02 2.700270027002700263e-03 6.000600060006001067e-04 3.780378037803780455e-02 2.700270027002700263e-03 0.000000000000000000e+00
3.540354035403540239e-02 1.500150015001500050e-03 0.000000000000000000e+00 4.170417041704170547e-02 2.400240024002400427e-03 0.000000000000000000e+00 3.840384038403840683e-02 1.800180018001800103e-03 0.000000000000000000e+00 5.460546054605460581e-02 4.500450045004500584e-03 0.000000000000000000e+00
3.420342034203420478e-02 2.100210021002100157e-03 0.000000000000000000e+00 2.910291029102910279e-02 1.500150015001500050e-03 0.000000000000000000e+00 3.300330033003300023e-02 3.300330033003300370e-03 0.000000000000000000e+00 2.940294029402940393e-02 9.000900090009000517e-04 3.000300030003000534e-04
2.850285028502850398e-02 0.000000000000000000e+00 0.000000000000000000e+00 2.370237023702370313e-02 1.200120012001200213e-03 0.000000000000000000e+00 2.310231023102310086e-02 6.000600060006001067e-04 0.000000000000000000e+00 2.280228022802280319e-02 3.000300030003000534e-04 0.000000000000000000e+00
2.070207020702070216e-02 0.000000000000000000e+00 0.000000000000000000e+00 1.830183018301830347e-02 9.000900090009000517e-04 3.000300030003000534e-04 2.910291029102910279e-02 1.500150015001500050e-03 3.000300030003000534e-04 2.190219021902190324e-02 3.000300030003000534e-04 0.000000000000000000e+00
1.320132013201320148e-02 3.000300030003000534e-04 0.000000000000000000e+00 2.040204020402040103e-02 0.000000000000000000e+00 0.000000000000000000e+00 2.010201020102010336e-02 9.000900090009000517e-04 0.000000000000000000e+00 2.220222022202220091e-02 6.000600060006001067e-04 3.000300030003000534e-04
1.590159015901590131e-02 3.000300030003000534e-04 0.000000000000000000e+00 1.800180018001800233e-02 1.200120012001200213e-03 0.000000000000000000e+00 1.800180018001800233e-02 0.000000000000000000e+00 0.000000000000000000e+00 2.040204020402040103e-02 1.200120012001200213e-03 0.000000000000000000e+00
1.560156015601560191e-02 0.000000000000000000e+00 0.000000000000000000e+00 1.110111011101110046e-02 3.000300030003000534e-04 0.000000000000000000e+00 1.110111011101110046e-02 0.000000000000000000e+00 0.000000000000000000e+00 1.740174017401740006e-02 0.000000000000000000e+00 0.000000000000000000e+00
1.050105010501050165e-02 1.200120012001200213e-03 0.000000000000000000e+00 1.380138013801380202e-02 6.000600060006001067e-04 0.000000000000000000e+00 9.000900090009001167e-03 0.000000000000000000e+00 0.000000000000000000e+00 1.050105010501050165e-02 0.000000000000000000e+00 0.000000000000000000e+00
7.500750075007500683e-03 0.000000000000000000e+00 0.000000000000000000e+00 7.800780078007800954e-03 0.000000000000000000e+00 0.000000000000000000e+00 6.000600060006000200e-03 3.000300030003000534e-04 0.000000000000000000e+00 9.000900090009001167e-03 0.000000000000000000e+00 0.000000000000000000e+00
6.600660066006600740e-03 0.000000000000000000e+00 0.000000000000000000e+00 9.600960096009601707e-03 0.000000000000000000e+00 0.000000000000000000e+00 7.500750075007500683e-03 3.000300030003000534e-04 0.000000000000000000e+00 6.000600060006000200e-03 0.000000000000000000e+00 0.000000000000000000e+00
8.100810081008101224e-03 0.000000000000000000e+00 0.000000000000000000e+00 6.300630063006300470e-03 3.000300030003000534e-04 0.000000000000000000e+00 8.400840084008400627e-03 3.000300030003000534e-04 0.000000000000000000e+00 6.900690069006901010e-03 0.000000000000000000e+00 0.000000000000000000e+00
