8.951999999999999957e-01 8.973999999999999755e-01 8.860000000000000098e-01 8.921000000000000041e-01
7.477000000000000313e-01 7.699000000000000288e-01 7.510999999999999899e-01 7.570000000000000062e-01
6.530000000000000249e-01 6.591000000000000192e-01 6.572000000000000064e-01 6.641000000000000236e-01
5.675000000000000044e-01 5.784000000000000252e-01 5.969999999999999751e-01 5.994000000000000439e-01
5.137000000000000455e-01 5.311000000000000165e-01 4.495000000000000107e-01 4.709999999999999742e-01
4.159999999999999809e-01 3.826999999999999846e-01 4.355999999999999872e-01 3.976000000000000090e-01
3.670999999999999819e-01 3.402999999999999914e-01 3.614999999999999880e-01 3.714999999999999969e-01
2.713999999999999746e-01 3.212999999999999745e-01 2.831000000000000183e-01 2.681999999999999940e-01
2.437999999999999889e-01 2.511999999999999789e-01 2.474000000000000088e-01 2.338000000000000078e-01
1.985000000000000098e-01 2.169999999999999984e-01 2.005000000000000115e-01 2.016000000000000014e-01
1.854999999999999982e-01 1.577999999999999958e-01 1.618999999999999884e-01 1.685999999999999999e-01
1.693999999999999950e-01 1.590000000000000024e-01 1.507999999999999896e-01 1.429999999999999882e-01
1.247999999999999943e-01 1.411000000000000032e-01 1.368999999999999939e-01 1.174000000000000044e-01
1.183000000000000024e-01 9.779999999999999805e-02 1.032000000000000001e-01 9.260000000000000175e-02
8.619999999999999885e-02 9.400000000000000022e-02 9.900000000000000466e-02 9.020000000000000240e-02
1.140999999999999931e-01 7.370000000000000162e-02 7.430000000000000493e-02 7.049999999999999323e-02
6.819999999999999674e-02 7.030000000000000138e-02 5.680000000000000326e-02 6.049999999999999822e-02
5.240000000000000213e-02 5.290000000000000258e-02 5.040000000000000036e-02 6.850000000000000533e-02
3.939999999999999752e-02 4.420000000000000318e-02 4.170000000000000095e-02 4.580000000000000043e-02
3.819999999999999785e-02 3.570000000000000256e-02 3.889999999999999708e-02 5.260000000000000092e-02
3.049999999999999933e-02 3.099999999999999978e-02 3.160000000000000309e-02 2.850000000000000103e-02
2.620000000000000107e-02 2.380000000000000171e-02 2.340000000000000066e-02 2.699999999999999969e-02
2.079999999999999905e-02 2.139999999999999888e-02 2.479999999999999913e-02 2.639999999999999986e-02
1.619999999999999912e-02 1.909999999999999892e-02 1.619999999999999912e-02 1.930000000000000118e-02
1.660000000000000017e-02 1.609999999999999973e-02 1.660000000000000017e-02 1.770000000000000046e-02
1.349999999999999985e-02 1.159999999999999920e-02 1.420000000000000082e-02 1.679999999999999896e-02
1.340000000000000045e-02 1.329999999999999932e-02 1.020000000000000073e-02 8.399999999999999481e-03
1.149999999999999981e-02 8.399999999999999481e-03 9.599999999999999159e-03 9.400000000000000369e-03
6.799999999999999621e-03 9.799999999999999684e-03 6.799999999999999621e-03 8.699999999999999400e-03
5.700000000000000205e-03 7.000000000000000146e-03 7.799999999999999642e-03 6.799999999999999621e-03
