9.381938193819384653e-01 9.825982598259824785e-01 9.219921992199220373e-01 9.735973597359733889e-01
8.730873087308735903e-01 1.036303630363036410e+00 1.000000000000001110e+00 9.729972997299728421e-01
8.748874887488743424e-01 9.468946894689466154e-01 1.006600660066006458e+00 8.901890189018902833e-01
8.997899789979001417e-01 8.199819981998202056e-01 9.825982598259830336e-01 9.402940294029414892e-01
9.102910291029113754e-01 9.306930693069311866e-01 8.286828682868294660e-01 8.391839183918398115e-01
7.632763276327639845e-01 7.302730273027308039e-01 7.989798979897995146e-01 7.548754875487554417e-01
7.050705070507053973e-01 7.350735073507358441e-01 7.563756375637570306e-01 7.665766576657672138e-01
5.742574257425748785e-01 6.252625262526256833e-01 6.345634563456350463e-01 6.153615361536158845e-01
5.622562256225630550e-01 5.559555955595567589e-01 5.502550255025510095e-01 5.346534653465351283e-01
4.638463846384646150e-01 4.860486048604866216e-01 4.884488448844891417e-01 4.338433843384342792e-01
4.785478547854793430e-01 3.507350735073512804e-01 4.296429642964304518e-01 3.903390339033910861e-01
4.074407440744080566e-01 4.008400840084013761e-01 4.104410441044109015e-01 3.693369336933698399e-01
3.069306930693074253e-01 3.723372337233729623e-01 3.273327332733279027e-01 3.228322832283233579e-01
2.928292829282932996e-01 2.640264026402644459e-01 2.874287428742879902e-01 2.475247524752479389e-01
2.409240924092413139e-01 2.421242124212425462e-01 2.601260126012605589e-01 2.616261626162621479e-01
3.192319231923197997e-01 2.040204020402043850e-01 1.962196219621965554e-01 2.163216321632167316e-01
1.692169216921695363e-01 2.055205520552058351e-01 1.722172217221724366e-01 1.800180018001802940e-01
1.497149714971499901e-01 1.485148514851487578e-01 1.344134413441346043e-01 1.767176717671770092e-01
1.164116411641166055e-01 1.404140414041406826e-01 1.392139213921393948e-01 1.053105310531054911e-01
1.017101710171019052e-01 1.179117911791181250e-01 1.098109810981099943e-01 1.503150315031505369e-01
9.630963096309645699e-02 8.280828082808293356e-02 8.910891089108922969e-02 8.580858085808595881e-02
8.550855085508565767e-02 6.750675067506761717e-02 6.750675067506761717e-02 6.750675067506763105e-02
6.210621062106222445e-02 5.250525052505260193e-02 8.310831083108324857e-02 6.480648064806496245e-02
3.870387038703876348e-02 6.120612061206132798e-02 5.760576057605769351e-02 6.510651065106522195e-02
4.680468046804686644e-02 5.040504050405048703e-02 5.400540054005409374e-02 5.760576057605768657e-02
4.680468046804690807e-02 3.240324032403245347e-02 3.330333033303335688e-02 5.220522052205230773e-02
2.790279027902795028e-02 3.960396039603968077e-02 2.700270027002704687e-02 3.150315031503155699e-02
2.250225022502254368e-02 2.340234023402345404e-02 1.710171017101713362e-02 2.700270027002704687e-02
1.980198019801983345e-02 2.880288028802885716e-02 2.160216021602163333e-02 1.800180018001802315e-02
2.430243024302434010e-02 1.800180018001802662e-02 2.430243024302435051e-02 2.070207020702073339e-02
