9.523000000000000353e-01 9.423000000000000265e-01 9.360000000000000542e-01 9.569999999999999618e-01
8.665000000000000480e-01 8.718000000000000194e-01 8.689000000000000057e-01 8.854999999999999538e-01
8.014000000000000012e-01 8.225999999999999979e-01 8.137999999999999678e-01 8.491999999999999549e-01
8.228999999999999648e-01 7.795999999999999597e-01 7.704999999999999627e-01 7.984999999999999876e-01
7.768000000000000460e-01 7.509000000000000119e-01 7.159999999999999698e-01 6.860000000000000542e-01
6.714999999999999858e-01 6.661000000000000254e-01 6.578000000000000513e-01 6.525999999999999579e-01
6.252999999999999670e-01 6.282999999999999696e-01 6.373999999999999666e-01 6.217000000000000304e-01
5.986000000000000210e-01 6.028999999999999915e-01 5.402000000000000135e-01 5.904000000000000359e-01
5.704000000000000181e-01 5.302999999999999936e-01 5.582000000000000295e-01 6.428000000000000380e-01
4.742999999999999994e-01 5.131000000000000005e-01 5.181000000000000050e-01 5.417999999999999483e-01
4.933000000000000163e-01 4.746000000000000218e-01 4.809999999999999831e-01 4.776000000000000245e-01
4.520000000000000129e-01 4.411999999999999811e-01 4.559000000000000274e-01 4.536000000000000032e-01
4.512999999999999790e-01 3.435000000000000275e-01 4.530000000000000138e-01 4.290999999999999814e-01
3.459999999999999742e-01 3.693000000000000171e-01 3.837999999999999745e-01 3.531000000000000250e-01
3.479999999999999760e-01 3.553000000000000047e-01 3.138000000000000234e-01 3.160999999999999921e-01
3.116999999999999771e-01 3.487999999999999989e-01 3.255000000000000115e-01 3.336999999999999966e-01
3.098000000000000198e-01 3.024999999999999911e-01 3.164000000000000146e-01 3.311000000000000054e-01
2.899999999999999800e-01 3.010999999999999788e-01 2.790000000000000258e-01 2.640000000000000124e-01
2.535999999999999921e-01 3.039000000000000035e-01 2.605999999999999983e-01 3.113000000000000211e-01
2.767000000000000015e-01 2.346999999999999920e-01 2.344999999999999862e-01 2.298000000000000043e-01
2.172000000000000042e-01 2.111000000000000099e-01 2.109000000000000041e-01 2.308999999999999941e-01
2.379999999999999893e-01 2.063000000000000111e-01 2.111000000000000099e-01 2.204000000000000126e-01
1.648999999999999910e-01 2.265999999999999959e-01 2.134999999999999953e-01 2.210999999999999910e-01
1.728999999999999981e-01 1.635000000000000064e-01 1.711999999999999911e-01 1.938999999999999890e-01
1.512000000000000011e-01 1.812000000000000000e-01 1.600999999999999923e-01 1.827999999999999903e-01
1.474000000000000032e-01 1.373000000000000054e-01 1.769000000000000017e-01 1.426000000000000045e-01
1.516000000000000125e-01 1.292999999999999983e-01 1.237000000000000044e-01 1.501000000000000112e-01
1.398999999999999966e-01 1.305000000000000049e-01 1.527000000000000024e-01 1.285000000000000031e-01
1.193000000000000033e-01 1.140000000000000041e-01 1.355999999999999983e-01 1.185999999999999971e-01
1.071000000000000008e-01 1.125000000000000028e-01 1.227000000000000035e-01 1.348999999999999921e-01
1.174000000000000044e-01 1.108999999999999986e-01 1.074999999999999983e-01 1.048999999999999932e-01
9.370000000000000551e-02 9.410000000000000309e-02 1.001999999999999974e-01 1.035999999999999976e-01
1.030999999999999972e-01 9.940000000000000224e-02 9.260000000000000175e-02 7.920000000000000651e-02
9.249999999999999889e-02 8.659999999999999643e-02 9.810000000000000664e-02 1.048000000000000043e-01
8.119999999999999440e-02 7.850000000000000033e-02 6.790000000000000202e-02 6.980000000000000093e-02
6.539999999999999980e-02 6.729999999999999871e-02 6.489999999999999936e-02 7.620000000000000384e-02
7.729999999999999372e-02 7.280000000000000360e-02 6.239999999999999714e-02 7.220000000000000029e-02
6.410000000000000420e-02 7.130000000000000226e-02 6.590000000000000024e-02 7.389999999999999347e-02
6.809999999999999387e-02 5.800000000000000294e-02 6.640000000000000069e-02 7.309999999999999831e-02
4.989999999999999991e-02 5.009999999999999870e-02 6.460000000000000464e-02 5.199999999999999761e-02
