9.666966696669666570e-01 9.486948694869486998e-01 9.126912691269126743e-01 9.636963696369637011e-01 9.429942994299429504e-01 9.264926492649264711e-01 9.618961896189619498e-01 9.342934293429342452e-01 8.997899789978998086e-01 9.630963096309630433e-01 9.405940594059405413e-01 9.153915391539153568e-01
9.114911491149114697e-01 8.430843084308430324e-01 7.746774677467747061e-01 9.228922892289228574e-01 8.655865586558655345e-01 8.154815481548154388e-01 9.204920492049204483e-01 8.541854185418541467e-01 7.998799879987998906e-01 9.426942694269426770e-01 8.928892889288928547e-01 8.655865586558655345e-01
9.054905490549054470e-01 8.346834683468347116e-01 7.764776477647764574e-01 8.844884488448845339e-01 8.019801980198020264e-01 7.212721272127212702e-01 8.991899189918991508e-01 8.253825382538253486e-01 7.581758175817582268e-01 9.132913291329133321e-01 8.322832283228323025e-01 7.827782778277827536e-01
8.637863786378637831e-01 7.464746474647464547e-01 6.645664566456646050e-01 8.886888688868886943e-01 7.845784578457846159e-01 7.083708370837084045e-01 8.223822382238223927e-01 7.053705370537053376e-01 6.138613861386138515e-01 8.637863786378637831e-01 7.482748274827483170e-01 6.687668766876687654e-01
8.454845484548454415e-01 7.434743474347434988e-01 6.147614761476147827e-01 8.142814281428142342e-01 6.756675667566757193e-01 5.751575157515751435e-01 8.364836483648364629e-01 6.969696969696970168e-01 6.063606360636063508e-01 8.295829582958296200e-01 6.927692769276927454e-01 5.898589858985898715e-01
8.094809480948095270e-01 6.567656765676567199e-01 5.397539753975397758e-01 8.208820882088209148e-01 6.681668166816682186e-01 5.724572457245724610e-01 7.632763276327633184e-01 5.907590759075908027e-01 4.866486648664866688e-01 7.926792679267926633e-01 6.408640864086408984e-01 5.115511551155115244e-01
8.034803480348035043e-01 6.399639963996399672e-01 5.208520852085208874e-01 7.584758475847585002e-01 5.814581458145814397e-01 4.563456345634563371e-01 8.277827782778277577e-01 6.933693369336934031e-01 5.835583558355835754e-01 7.326732673267326579e-01 5.394539453945395024e-01 4.164416441644164246e-01
7.422742274227422943e-01 5.544554455445545038e-01 4.335433543354335617e-01 7.230723072307230215e-01 5.532553255325532993e-01 4.173417341734173558e-01 7.494749474947495216e-01 5.871587158715871890e-01 4.497449744974497676e-01 7.287728772877287708e-01 5.277527752775277303e-01 4.125412541254125376e-01
7.341734173417341358e-01 5.496549654965496856e-01 4.041404140414041612e-01 6.828682868286828356e-01 5.103510351035103199e-01 3.576357635763576237e-01 6.654665466546654251e-01 4.647464746474647690e-01 3.138313831383138242e-01 7.551755175517551599e-01 5.721572157215721877e-01 4.368436843684368465e-01
6.459645964596459899e-01 4.317431743174317549e-01 2.781278127812781276e-01 7.416741674167416365e-01 5.562556255625562551e-01 4.332433243324332328e-01 6.603660366036603335e-01 4.608460846084608264e-01 3.204320432043204492e-01 6.540654065406540374e-01 4.470447044704470296e-01 3.072307230723072546e-01
6.783678367836784018e-01 4.857485748574857376e-01 3.216321632163216537e-01 6.237623762376237613e-01 3.963396339633963317e-01 2.745274527452745139e-01 6.573657365736573777e-01 4.551455145514551326e-01 3.054305430543054478e-01 6.612661266126612647e-01 4.362436243624362442e-01 3.021302130213021075e-01
5.826582658265826442e-01 3.624362436243624419e-01 2.370237023702370105e-01 5.559555955595559817e-01 3.408340834083408155e-01 2.055205520552055298e-01 6.855685568556855181e-01 4.926492649264926360e-01 3.441344134413441558e-01 6.561656165616561731e-01 4.536453645364536547e-01 3.210321032103210515e-01
5.475547554755475499e-01 3.369336933693369285e-01 2.238223822382238160e-01 6.228622862286228301e-01 4.179417941794179581e-01 2.964296429642964137e-01 6.582658265826583088e-01 4.512451245124512456e-01 3.282328232823282232e-01 5.664566456645664383e-01 3.609360936093609085e-01 2.250225022502250205e-01
5.700570057005700519e-01 3.381338133813381330e-01 2.106210621062106214e-01 5.757575757575758013e-01 3.642364236423642487e-01 2.223222322232223103e-01 5.895589558955895981e-01 3.675367536753675335e-01 2.421242124212421298e-01 6.246624662466246924e-01 4.164416441644164246e-01 2.907290729072907198e-01
5.781578157815782104e-01 3.534353435343534078e-01 2.478247824782478237e-01 5.802580258025802351e-01 3.621362136213621130e-01 2.307230723072307144e-01 5.685568556855685740e-01 3.390339033903390087e-01 2.286228622862286342e-01 5.637563756375637558e-01 3.384338433843384064e-01 2.271227122712271285e-01
5.490549054905490278e-01 3.210321032103210515e-01 2.046204620462046264e-01 5.487548754875487544e-01 3.198319831983198469e-01 2.034203420342034219e-01 5.718571857185718033e-01 3.510351035103510542e-01 2.160216021602160141e-01 5.316531653165316174e-01 2.976297629762976182e-01 1.974197419741974269e-01
5.097509750975097731e-01 2.955295529552955380e-01 1.806180618061806187e-01 5.031503150315032036e-01 2.958295829582958114e-01 1.689168916891689298e-01 5.034503450345034770e-01 3.096309630963096082e-01 1.800180018001800164e-01 5.103510351035103199e-01 2.628262826282628528e-01 1.557155715571557075e-01
4.833483348334833285e-01 2.475247524752475226e-01 1.572157215721572132e-01 4.629462946294629622e-01 2.277227722772277307e-01 1.410141014101410073e-01 5.367536753675367089e-01 2.985298529852985494e-01 1.941194119411941144e-01 5.463546354635463453e-01 3.183318331833183135e-01 2.037203720372037230e-01
4.422442244224422669e-01 2.193219321932193266e-01 1.191119111911191075e-01 4.650465046504650424e-01 2.592259225922592392e-01 1.437143714371437175e-01 5.070507050705070906e-01 2.685268526852685467e-01 1.629162916291629071e-01 4.557455745574557349e-01 2.262226222622262251e-01 1.329132913291329043e-01
4.452445244524452228e-01 2.334233423342334246e-01 1.251125112511251025e-01 4.839483948394839308e-01 2.457245724572457157e-01 1.458145814581458255e-01 5.145514551455145913e-01 2.808280828082808100e-01 1.797179717971797153e-01 4.527452745274527235e-01 2.259225922592259239e-01 1.353135313531353134e-01
4.050405040504050369e-01 1.971197119711971257e-01 1.164116411641164112e-01 4.086408640864086506e-01 1.902190219021902273e-01 1.257125712571257048e-01 4.242424242424242542e-01 2.154215421542154119e-01 1.299129912991299207e-01 4.227422742274227208e-01 2.175217521752175198e-01 1.248124812481248153e-01
4.590459045904590196e-01 2.514251425142514096e-01 1.479147914791479057e-01 4.170417041704170269e-01 2.070207020702070078e-01 1.128112811281128114e-01 4.353435343534353685e-01 2.139213921392139339e-01 1.281128112811281139e-01 4.341434143414341640e-01 2.100210021002100191e-01 1.407140714071407062e-01
3.900390039003900355e-01 1.797179717971797153e-01 1.053105310531053107e-01 3.771377137713771144e-01 1.635163516351635093e-01 1.065106510651065153e-01 4.011401140114011499e-01 1.887188718871887216e-01 1.038103810381038050e-01 4.026402640264026278e-01 2.013201320132013139e-01 1.194119411941194087e-01
3.537353735373537367e-01 1.566156615661566109e-01 9.660966096609660547e-02 3.963396339633963317e-01 1.953195319531953189e-01 1.020102010201020121e-01 3.852385238523852173e-01 1.797179717971797153e-01 1.152115211521152066e-01 3.765376537653765121e-01 1.680168016801680264e-01 9.690969096909690661e-02
3.732373237323732273e-01 1.725172517251725157e-01 9.870987098709871344e-02 3.723372337233723517e-01 1.677167716771677253e-01 1.044104410441044073e-01 3.633363336333633176e-01 1.704170417041704078e-01 9.120912091209121275e-02 3.753375337533753631e-01 1.794179417941794141e-01 1.101110111011101150e-01
3.435343534353435535e-01 1.533153315331533262e-01 8.400840084008401321e-02 3.600360036003600328e-01 1.608160816081608269e-01 9.660966096609660547e-02 3.858385838583858196e-01 2.004200420042004105e-01 1.104110411041104162e-01 3.888388838883888310e-01 1.836183618361836301e-01 1.221122112211221189e-01
3.918391839183918424e-01 1.833183318331833289e-01 1.050105010501050096e-01 3.564356435643564192e-01 1.593159315931593212e-01 1.020102010201020121e-01 3.396339633963396110e-01 1.428142814281428141e-01 8.700870087008701070e-02 3.816381638163816592e-01 1.791179117911791130e-01 1.017101710171017109e-01
3.063306330633063235e-01 1.281128112811281139e-01 8.220822082208220638e-02 3.249324932493249385e-01 1.458145814581458255e-01 8.820882088208821525e-02 3.726372637263726251e-01 1.584158415841584178e-01 9.120912091209121275e-02 3.300330033003300301e-01 1.350135013501350123e-01 8.040804080408041343e-02
3.132313231323132219e-01 1.452145214521452232e-01 8.520852085208520388e-02 3.186318631863186424e-01 1.374137413741374214e-01 8.820882088208821525e-02 2.826282628262826169e-01 1.281128112811281139e-01 7.410741074107410342e-02 3.237323732373237339e-01 1.242124212421242130e-01 7.890789078907890775e-02
3.306330633063306323e-01 1.545154515451545030e-01 8.850885088508850251e-02 3.141314131413141530e-01 1.239123912391239118e-01 8.250825082508250752e-02 3.402340234023402132e-01 1.581158115811581166e-01 9.600960096009600320e-02 3.492349234923492474e-01 1.503150315031503148e-01 8.550855085508550502e-02
2.976297629762976182e-01 1.206120612061206132e-01 7.110711071107110592e-02 2.826282628262826169e-01 1.134113411341134137e-01 8.010801080108011230e-02 2.592259225922592392e-01 1.095109510951095128e-01 7.830783078307830547e-02 3.159315931593159044e-01 1.419141914191419107e-01 8.340834083408341093e-02
2.655265526552655353e-01 1.119111911191119080e-01 7.680768076807681366e-02 2.760276027602760474e-01 1.110111011101110046e-01 7.470747074707470570e-02 2.685268526852685467e-01 1.095109510951095128e-01 8.100810081008100183e-02 3.192319231923192446e-01 1.338133813381338078e-01 8.340834083408341093e-02
2.640264026402640019e-01 1.041104110411041062e-01 7.320732073207321389e-02 2.775277527752775253e-01 1.167116711671167123e-01 7.110711071107110592e-02 2.754275427542754451e-01 1.218121812181218178e-01 7.740774077407740206e-02 2.724272427242724337e-01 1.218121812181218178e-01 7.560756075607560911e-02
2.745274527452745139e-01 1.098109810981098139e-01 7.560756075607560911e-02 3.084308430843084037e-01 1.224122412241224062e-01 8.070807080708071457e-02 3.129312931293129485e-01 1.488148814881488091e-01 8.940894089408940593e-02 2.535253525352535453e-01 1.116111611161116068e-01 7.380738073807380228e-02
2.316231623162316178e-01 9.690969096909690661e-02 7.380738073807380228e-02 2.331233123312331235e-01 9.450945094509451139e-02 7.410741074107410342e-02 2.580258025802580346e-01 1.200120012001200109e-01 7.380738073807380228e-02 2.397239723972397207e-01 1.005100510051005064e-01 7.350735073507350115e-02
2.481248124812481248e-01 1.017101710171017109e-01 8.070807080708071457e-02 3.036303630363036410e-01 1.293129312931293184e-01 8.400840084008401321e-02 2.625262526252625239e-01 1.119111911191119080e-01 7.650765076507651252e-02 2.214221422142214346e-01 8.490849084908490274e-02 6.480648064806480979e-02
2.367236723672367371e-01 9.840984098409841230e-02 6.990699069906990137e-02 3.150315031503150287e-01 1.557155715571557075e-01 8.940894089408940593e-02 2.400240024002400219e-01 1.035103510351035039e-01 6.720672067206720501e-02 2.607260726072607171e-01 9.150915091509151389e-02 7.050705070507050365e-02
2.826282628262826169e-01 1.383138313831383248e-01 9.540954095409541480e-02 2.262226222622262251e-01 9.150915091509151389e-02 7.890789078907890775e-02 2.073207320732073089e-01 8.520852085208520388e-02 6.660666066606660274e-02 2.349234923492349303e-01 9.180918091809181503e-02 7.200720072007200934e-02
2.361236123612361348e-01 1.032103210321032166e-01 6.450645064506450865e-02 2.097209720972097180e-01 9.210921092109210229e-02 6.990699069906990137e-02 2.154215421542154119e-01 1.029102910291029155e-01 7.200720072007200934e-02 2.679267926792679444e-01 1.188118811881188064e-01 7.410741074107410342e-02
2.391239123912391185e-01 9.960996099609961685e-02 7.770777077707770319e-02 1.887188718871887216e-01 7.770777077707770319e-02 5.790579057905790444e-02 2.277227722772277307e-01 8.760876087608761298e-02 6.690669066906690388e-02 2.304230423042304132e-01 8.880888088808880365e-02 7.020702070207020251e-02
2.001200120012001094e-01 9.270927092709270456e-02 5.940594059405940319e-02 2.058205820582058310e-01 7.920792079207920888e-02 6.390639063906390638e-02 2.169216921692169175e-01 9.450945094509451139e-02 7.080708070807080479e-02 1.770177017701770050e-01 8.250825082508250752e-02 6.330633063306330410e-02
2.229222922292229125e-01 9.330933093309330684e-02 6.870687068706871070e-02 2.181218121812181221e-01 9.420942094209421025e-02 6.930693069306931298e-02 1.899189918991899262e-01 8.100810081008100183e-02 6.870687068706871070e-02 2.316231623162316178e-01 8.550855085508550502e-02 7.500750075007500683e-02
1.986198619861986314e-01 8.010801080108011230e-02 6.090609060906090888e-02 1.785178517851785107e-01 7.710771077107710092e-02 6.420642064206420752e-02 1.878187818781878182e-01 7.680768076807681366e-02 7.410741074107410342e-02 1.788178817881788119e-01 7.470747074707470570e-02 5.250525052505250478e-02
1.596159615961596223e-01 7.950795079507951002e-02 5.850585058505850672e-02 2.133213321332133316e-01 8.730873087308731184e-02 7.200720072007200934e-02 1.848184818481848068e-01 7.740774077407740206e-02 5.940594059405940319e-02 1.869186918691869148e-01 7.620762076207621138e-02 6.060606060606060774e-02
2.064206420642064332e-01 8.880888088808880365e-02 7.110711071107110592e-02 1.557155715571557075e-01 6.990699069906990137e-02 7.110711071107110592e-02 1.740174017401740214e-01 7.380738073807380228e-02 6.300630063006300297e-02 1.860186018601860114e-01 8.070807080708071457e-02 6.570657065706571320e-02
1.752175217521752260e-01 6.960696069606960024e-02 6.630663066306630160e-02 1.689168916891689298e-01 7.380738073807380228e-02 5.640564056405640569e-02 1.710171017101710100e-01 7.890789078907890775e-02 6.630663066306630160e-02 2.115211521152115248e-01 9.660966096609660547e-02 6.660666066606660274e-02
1.803180318031803175e-01 7.320732073207321389e-02 6.270627062706270183e-02 1.689168916891689298e-01 7.650765076507651252e-02 7.320732073207321389e-02 1.569156915691569121e-01 8.040804080408041343e-02 6.390639063906390638e-02 1.701170117011701066e-01 7.440744074407440456e-02 6.330633063306330410e-02
1.710171017101710100e-01 7.140714071407140706e-02 5.850585058505850672e-02 1.683168316831683275e-01 6.780678067806780729e-02 6.450645064506450865e-02 1.989198919891989326e-01 8.820882088208821525e-02 6.090609060906090888e-02 1.725172517251725157e-01 7.710771077107710092e-02 6.270627062706270183e-02
1.605160516051605257e-01 7.500750075007500683e-02 6.300630063006300297e-02 1.707170717071707089e-01 7.650765076507651252e-02 5.340534053405340820e-02 1.815181518151815221e-01 8.250825082508250752e-02 6.720672067206720501e-02 1.425142514251425130e-01 6.480648064806480979e-02 6.270627062706270183e-02
1.575157515751575144e-01 6.540654065406541207e-02 6.780678067806780729e-02 1.500150015001500137e-01 7.080708070807080479e-02 6.060606060606060774e-02 1.572157215721572132e-01 7.590759075907591025e-02 6.720672067206720501e-02 1.428142814281428141e-01 7.440744074407440456e-02 6.150615061506150422e-02
1.761176117611761294e-01 7.470747074707470570e-02 6.810681068106810843e-02 1.521152115211521216e-01 6.510651065106511093e-02 6.180618061806180535e-02 1.395139513951395016e-01 6.870687068706871070e-02 5.850585058505850672e-02 1.599159915991599235e-01 7.110711071107110592e-02 6.120612061206120308e-02
1.344134413441344100e-01 6.660666066606660274e-02 7.050705070507050365e-02 1.425142514251425130e-01 6.690669066906690388e-02 6.690669066906690388e-02 1.710171017101710100e-01 6.960696069606960024e-02 6.630663066306630160e-02 1.647164716471647139e-01 7.320732073207321389e-02 7.260726072607261161e-02
1.479147914791479057e-01 7.470747074707470570e-02 6.420642064206420752e-02 1.194119411941194087e-01 7.050705070507050365e-02 6.420642064206420752e-02 1.521152115211521216e-01 7.230723072307231047e-02 6.240624062406240763e-02 1.419141914191419107e-01 7.290729072907291275e-02 6.180618061806180535e-02
1.296129612961296196e-01 6.750675067506750615e-02 6.000600060006000547e-02 1.935193519351935121e-01 8.580858085808580615e-02 6.660666066606660274e-02 1.368136813681368191e-01 7.860786078607860661e-02 6.030603060306030661e-02 1.473147314731473034e-01 6.090609060906090888e-02 5.790579057905790444e-02
1.308130813081308241e-01 6.810681068106810843e-02 5.760576057605760331e-02 1.395139513951395016e-01 6.990699069906990137e-02 5.940594059405940319e-02 1.506150615061506159e-01 7.440744074407440456e-02 6.120612061206120308e-02 1.308130813081308241e-01 6.150615061506150422e-02 6.390639063906390638e-02
1.539153915391539285e-01 7.020702070207020251e-02 6.210621062106210649e-02 1.230123012301230084e-01 6.720672067206720501e-02 7.260726072607261161e-02 1.257125712571257048e-01 6.750675067506750615e-02 6.420642064206420752e-02 1.317131713171316998e-01 6.600660066006600046e-02 6.180618061806180535e-02
1.368136813681368191e-01 7.110711071107110592e-02 6.780678067806780729e-02 1.506150615061506159e-01 6.870687068706871070e-02 6.600660066006600046e-02 1.377137713771377225e-01 7.230723072307231047e-02 7.470747074707470570e-02 1.440144014401440187e-01 7.380738073807380228e-02 5.760576057605760331e-02
1.218121812181218178e-01 6.600660066006600046e-02 5.970597059705970433e-02 1.251125112511251025e-01 6.690669066906690388e-02 5.580558055805580342e-02 1.365136513651365180e-01 6.150615061506150422e-02 7.050705070507050365e-02 1.542154215421542018e-01 7.530753075307530797e-02 5.970597059705970433e-02
1.380138013801380237e-01 6.750675067506750615e-02 6.450645064506450865e-02 1.257125712571257048e-01 6.840684068406840956e-02 5.910591059105910899e-02 1.218121812181218178e-01 6.810681068106810843e-02 5.730573057305730911e-02 1.257125712571257048e-01 7.020702070207020251e-02 6.390639063906390638e-02
1.308130813081308241e-01 6.810681068106810843e-02 5.670567056705670683e-02 1.308130813081308241e-01 7.290729072907291275e-02 6.090609060906090888e-02 1.311131113111311253e-01 7.560756075607560911e-02 6.330633063306330410e-02 1.149114911491149055e-01 6.420642064206420752e-02 6.090609060906090888e-02
1.368136813681368191e-01 6.600660066006600046e-02 5.850585058505850672e-02 1.278127812781278128e-01 6.420642064206420752e-02 6.120612061206120308e-02 1.311131113111311253e-01 7.620762076207621138e-02 6.690669066906690388e-02 1.329132913291329043e-01 6.750675067506750615e-02 5.760576057605760331e-02
1.272127212721272105e-01 6.300630063006300297e-02 7.050705070507050365e-02 1.161116111611161100e-01 7.230723072307231047e-02 6.090609060906090888e-02 1.071107110711071175e-01 6.750675067506750615e-02 6.090609060906090888e-02 1.227122712271227073e-01 7.530753075307530797e-02 6.030603060306030661e-02
1.230123012301230084e-01 6.870687068706871070e-02 6.420642064206420752e-02 1.290129012901290173e-01 6.990699069906990137e-02 6.120612061206120308e-02 1.176117611761176157e-01 7.140714071407140706e-02 7.230723072307231047e-02 1.191119111911191075e-01 5.850585058505850672e-02 6.750675067506750615e-02
9.720972097209720775e-02 7.110711071107110592e-02 6.570657065706571320e-02 1.335133513351335066e-01 7.080708070807080479e-02 6.420642064206420752e-02 1.230123012301230084e-01 6.120612061206120308e-02 6.480648064806480979e-02 1.362136213621362169e-01 6.810681068106810843e-02 6.390639063906390638e-02
1.071107110711071175e-01 6.240624062406240763e-02 5.430543054305430467e-02 1.203120312031203121e-01 6.960696069606960024e-02 5.760576057605760331e-02 1.014101410141014098e-01 6.540654065406541207e-02 5.910591059105910899e-02 1.248124812481248153e-01 6.420642064206420752e-02 6.270627062706270183e-02
1.113111311131113057e-01 6.240624062406240763e-02 6.990699069906990137e-02 1.098109810981098139e-01 7.020702070207020251e-02 6.600660066006600046e-02 9.810981098109811116e-02 6.420642064206420752e-02 6.240624062406240763e-02 1.026102610261026143e-01 6.300630063006300297e-02 6.960696069606960024e-02
1.074107410741074048e-01 6.660666066606660274e-02 6.660666066606660274e-02 1.251125112511251025e-01 6.930693069306931298e-02 6.570657065706571320e-02 1.071107110711071175e-01 6.060606060606060774e-02 6.480648064806480979e-02 1.080108010801080071e-01 6.270627062706270183e-02 6.480648064806480979e-02
1.083108310831083082e-01 6.420642064206420752e-02 6.030603060306030661e-02 1.194119411941194087e-01 7.110711071107110592e-02 5.820582058205820558e-02 1.038103810381038050e-01 6.750675067506750615e-02 6.210621062106210649e-02 1.002100210021002052e-01 5.970597059705970433e-02 6.090609060906090888e-02
1.107110711071107173e-01 6.870687068706871070e-02 6.690669066906690388e-02 1.050105010501050096e-01 5.490549054905490695e-02 6.510651065106511093e-02 9.930993099309931571e-02 6.900690069006901184e-02 6.990699069906990137e-02 9.600960096009600320e-02 6.480648064806480979e-02 6.930693069306931298e-02
9.540954095409541480e-02 7.620762076207621138e-02 6.270627062706270183e-02 9.480948094809481252e-02 6.180618061806180535e-02 6.420642064206420752e-02 9.000900090009000820e-02 6.060606060606060774e-02 6.060606060606060774e-02 9.360936093609360797e-02 6.930693069306931298e-02 5.760576057605760331e-02
1.053105310531053107e-01 6.300630063006300297e-02 6.030603060306030661e-02 9.630963096309630433e-02 6.420642064206420752e-02 6.690669066906690388e-02 9.090909090909091161e-02 6.690669066906690388e-02 5.910591059105910899e-02 9.960996099609961685e-02 6.420642064206420752e-02 6.270627062706270183e-02
9.870987098709871344e-02 7.080708070807080479e-02 6.330633063306330410e-02 9.540954095409541480e-02 6.420642064206420752e-02 6.300630063006300297e-02 9.870987098709871344e-02 6.270627062706270183e-02 6.360636063606360524e-02 9.690969096909690661e-02 6.240624062406240763e-02 6.180618061806180535e-02
9.570957095709571594e-02 6.660666066606660274e-02 6.360636063606360524e-02 1.041104110411041062e-01 5.850585058505850672e-02 6.720672067206720501e-02 9.570957095709571594e-02 6.270627062706270183e-02 6.300630063006300297e-02 9.750975097509750888e-02 6.300630063006300297e-02 5.700570057005700797e-02
9.000900090009000820e-02 6.270627062706270183e-02 5.910591059105910899e-02 9.570957095709571594e-02 5.670567056705670683e-02 6.570657065706571320e-02 9.630963096309630433e-02 7.170717071707170820e-02 6.210621062106210649e-02 9.120912091209121275e-02 6.300630063006300297e-02 5.790579057905790444e-02
9.780978097809781002e-02 5.940594059405940319e-02 6.210621062106210649e-02 1.038103810381038050e-01 6.510651065106511093e-02 6.570657065706571320e-02 9.870987098709871344e-02 5.880588058805880786e-02 6.390639063906390638e-02 9.030903090309030934e-02 6.780678067806780729e-02 5.790579057905790444e-02
