9.666966696669647696e-01 9.885988598859883902e-01 9.825982598259811462e-01 9.828982898289820858e-01
9.798979897989796850e-01 9.873987398739866306e-01 9.987998799879983514e-01 1.015001500150014113e+00
9.888988898889878865e-01 9.687968796879679045e-01 9.795979597959787455e-01 1.025802580258025953e+00
1.016501650165015702e+00 1.020702070207019529e+00 9.648964896489651277e-01 1.015301530153014831e+00
9.207920792079197225e-01 9.909990999099898001e-01 1.024902490249024467e+00 1.000300030002999607e+00
9.978997899789975312e-01 1.030603060306030549e+00 1.004200420042003161e+00 9.669966996699663753e-01
1.011401140114011721e+00 9.873987398739876298e-01 9.867986798679861948e-01 9.960996099609957799e-01
9.969996999699969331e-01 9.267926792679261894e-01 9.366936693669364322e-01 1.015601560156015326e+00
9.576957695769567902e-01 8.751875187518753929e-01 9.159915991599151264e-01 9.858985898589858188e-01
9.207920792079202776e-01 9.894989498949889883e-01 9.189918991899185263e-01 9.282928292829278893e-01
8.994899489948992022e-01 9.567956795679565252e-01 9.120912091209119055e-01 9.771977197719776687e-01
8.976897689768973398e-01 8.508850885088514726e-01 9.228922892289224134e-01 9.285928592859281627e-01
8.556855685568555137e-01 9.111911191119108633e-01 9.492949294929490245e-01 8.415841584158413324e-01
9.063906390639064892e-01 8.568856885688568292e-01 9.081908190819081295e-01 9.153915391539153568e-01
9.219921992199223704e-01 8.850885088508849696e-01 9.171917191719173301e-01 9.030903090309033709e-01
8.886888688868883612e-01 8.901890189018898392e-01 8.784878487848780670e-01 8.994899489948997573e-01
8.232823282328231018e-01 7.908790879087914671e-01 7.614761476147616781e-01 8.982898289828983307e-01
8.646864686468651584e-01 8.466846684668469791e-01 9.087908790879088983e-01 8.877887788778879852e-01
7.878787878787878451e-01 7.611761176117607386e-01 8.784878487848788442e-01 8.214821482148215726e-01
7.605760576057605249e-01 8.604860486048602208e-01 8.808880888088815864e-01 8.157815781578159342e-01
7.401740174017401586e-01 7.809780978097812243e-01 7.563756375637569196e-01 7.404740474047402099e-01
7.707770777077707081e-01 7.428742874287430631e-01 7.923792379237927230e-01 8.130813081308134738e-01
7.362736273627366046e-01 7.473747374737478300e-01 7.410741074107408677e-01 7.233723372337234059e-01
6.879687968796879272e-01 7.050705070507050642e-01 7.317731773177318377e-01 7.224722472247228078e-01
7.008700870087014589e-01 7.182718271827183143e-01 6.699669966996698589e-01 6.978697869786982810e-01
6.546654665466545842e-01 6.942694269426944453e-01 6.666666666666666297e-01 7.377737773777381936e-01
7.305730573057305222e-01 6.933693369336934031e-01 6.774677467746775816e-01 7.092709270927093357e-01
6.168616861686172514e-01 6.255625562556254016e-01 7.338733873387340845e-01 6.654665466546657582e-01
5.892589258925895468e-01 6.318631863186323638e-01 5.376537653765378622e-01 6.774677467746776927e-01
6.168616861686171404e-01 6.531653165316533283e-01 6.423642364236424873e-01 6.822682268226826219e-01
6.021602160216021904e-01 5.877587758775880689e-01 5.274527452745279010e-01 6.054605460546055307e-01
5.376537653765378622e-01 5.697569756975702226e-01 5.580558055805583395e-01 6.396639663966396938e-01
5.529552955295533589e-01 5.535553555355537947e-01 5.382538253825386310e-01 5.274527452745275680e-01
5.697569756975698896e-01 6.387638763876389847e-01 5.817581758175822682e-01 4.995499549954997009e-01
4.779477947794781856e-01 4.899489948994902866e-01 4.878487848784879843e-01 4.911491149114914356e-01
5.199519951995200673e-01 6.069606960696071196e-01 5.283528352835286102e-01 4.743474347434746274e-01
4.848484848484850840e-01 5.673567356735675915e-01 4.767476747674769255e-01 5.781578157815780994e-01
5.283528352835283881e-01 4.830483048304832217e-01 4.329432943294330705e-01 5.013501350135015633e-01
4.632463246324635131e-01 4.227422742274230538e-01 4.095409540954097483e-01 5.214521452145215452e-01
4.962496249624964717e-01 3.909390939093909667e-01 4.872487248724874376e-01 4.950495049504953227e-01
3.816381638163816037e-01 4.437443744374442445e-01 4.380438043804382175e-01 3.468346834683468938e-01
4.575457545754575417e-01 4.410441044104411179e-01 3.954395439543957336e-01 5.133513351335136088e-01
4.164416441644165356e-01 3.684368436843686312e-01 4.071407140714073947e-01 3.648364836483649620e-01
2.988298829882988783e-01 4.500450045004501520e-01 3.816381638163818257e-01 3.927392739273928846e-01
4.239423942394242584e-01 3.285328532853288852e-01 3.636363636363638130e-01 3.816381638163817147e-01
3.831383138313833037e-01 3.417341734173419687e-01 3.426342634263428999e-01 4.113411341134114996e-01
3.840384038403842903e-01 3.504350435043506184e-01 2.934293429342935688e-01 3.504350435043503409e-01
3.573357335733576279e-01 3.660366036603662221e-01 3.930393039303931024e-01 3.489348934893490850e-01
3.195319531953197401e-01 3.360336033603359418e-01 3.642364236423644153e-01 2.958295829582959779e-01
3.441344134413444333e-01 2.982298229822983315e-01 3.111311131113113082e-01 2.667266726672668509e-01
3.723372337233724627e-01 3.228322832283229138e-01 2.709270927092709558e-01 3.276327632763277320e-01
2.739273927392740782e-01 2.937293729372938422e-01 3.705370537053706559e-01 3.471347134713472782e-01
2.838283828382838769e-01 2.109210921092110336e-01 3.018301830183019452e-01 2.688268826882689311e-01
2.463246324632464290e-01 3.897389738973897622e-01 2.349234923492349858e-01 3.171317131713172754e-01
2.457245724572457435e-01 2.682268226822682733e-01 2.898289828982898997e-01 2.718271827182719425e-01
3.132313231323134994e-01 2.400240024002401884e-01 2.388238823882389006e-01 2.589258925892589103e-01
2.649264926492650996e-01 3.117311731173120215e-01 2.709270927092710668e-01 2.682268226822683288e-01
2.271227122712271562e-01 2.304230423042304410e-01 2.955295529552956491e-01 2.964296429642965247e-01
2.760276027602762694e-01 2.310231023102309877e-01 2.184218421842184510e-01 2.304230423042304965e-01
2.448244824482448956e-01 2.346234623462347402e-01 2.298229822982299220e-01 2.130213021302131415e-01
2.709270927092710668e-01 2.520252025202520674e-01 2.316231623162316455e-01 2.538253825382538187e-01
2.631263126312631817e-01 1.923192319231922798e-01 1.797179717971797430e-01 2.025202520252025462e-01
2.271227122712271562e-01 2.385238523852384607e-01 2.109210921092110336e-01 2.493249324932494126e-01
1.440144014401439909e-01 2.523252325232523408e-01 2.502250225022502605e-01 2.682268226822684953e-01
1.884188418841884483e-01 2.097209720972097735e-01 1.671167116711671230e-01 2.445244524452446500e-01
2.166216621662167274e-01 1.848184818481848624e-01 1.641164116411641116e-01 1.884188418841885038e-01
1.890189018901891338e-01 2.331233123312331235e-01 2.043204320432044363e-01 2.007200720072008227e-01
1.926192619261926364e-01 2.031203120312031762e-01 1.710171017101710655e-01 1.824182418241824255e-01
1.929192919291929098e-01 2.154215421542155506e-01 1.608160816081608824e-01 1.629162916291628516e-01
1.203120312031202704e-01 1.632163216321632360e-01 1.488148814881487814e-01 1.305130513051304675e-01
1.872187218721874102e-01 1.632163216321632360e-01 1.311131113111311530e-01 1.689168916891689853e-01
1.470147014701470856e-01 1.566156615661564999e-01 1.716171617161715846e-01 1.653165316531653162e-01
1.509150915091508893e-01 2.040204020402040797e-01 1.620162016201621147e-01 1.605160516051605257e-01
1.410141014101410628e-01 1.827182718271828099e-01 1.359135913591358324e-01 1.425142514251425963e-01
1.773177317731774449e-01 1.818181818181818510e-01 1.836183618361836023e-01 1.254125412541252926e-01
