9.140000000000000346e-01 9.415000000000000036e-01 9.434000000000000163e-01 9.223999999999999977e-01
8.941000000000000059e-01 8.807000000000000384e-01 8.747000000000000330e-01 8.616000000000000325e-01
8.504000000000000448e-01 8.427999999999999936e-01 8.413000000000000478e-01 8.588999999999999968e-01
8.205999999999999961e-01 8.249999999999999556e-01 8.165000000000000036e-01 8.302000000000000490e-01
7.406000000000000361e-01 7.791000000000000147e-01 7.600999999999999979e-01 7.793999999999999817e-01
7.661999999999999922e-01 7.482999999999999652e-01 7.360999999999999766e-01 7.633999999999999675e-01
6.901000000000000467e-01 7.409000000000000030e-01 6.994000000000000217e-01 6.981000000000000538e-01
6.583999999999999853e-01 6.454999999999999627e-01 6.523999999999999799e-01 6.680000000000000382e-01
6.420000000000000151e-01 6.665999999999999703e-01 6.129000000000000004e-01 6.232999999999999652e-01
5.840999999999999526e-01 5.960999999999999632e-01 6.202999999999999625e-01 5.949999999999999734e-01
6.005000000000000338e-01 6.104000000000000536e-01 6.239000000000000101e-01 5.999999999999999778e-01
5.654000000000000137e-01 5.806000000000000050e-01 5.749999999999999556e-01 5.849999999999999645e-01
5.520000000000000462e-01 4.963000000000000189e-01 5.516999999999999682e-01 5.058000000000000274e-01
4.914000000000000035e-01 5.102999999999999758e-01 5.050000000000000044e-01 5.224999999999999645e-01
4.778999999999999915e-01 4.925999999999999823e-01 5.254999999999999671e-01 4.709999999999999742e-01
4.804999999999999827e-01 4.398000000000000242e-01 4.920999999999999819e-01 4.630000000000000226e-01
4.809999999999999831e-01 4.670000000000000262e-01 4.652000000000000024e-01 4.512999999999999790e-01
4.247000000000000219e-01 4.409000000000000141e-01 4.395000000000000018e-01 4.114999999999999769e-01
4.207000000000000184e-01 4.050000000000000266e-01 4.038999999999999813e-01 4.268000000000000127e-01
4.187000000000000166e-01 4.015000000000000235e-01 3.609999999999999876e-01 4.152000000000000135e-01
3.632000000000000228e-01 3.770000000000000018e-01 3.501000000000000223e-01 3.881999999999999895e-01
3.459999999999999742e-01 3.613999999999999990e-01 3.739999999999999991e-01 3.850999999999999979e-01
3.468999999999999861e-01 3.961999999999999966e-01 3.620999999999999774e-01 3.594999999999999862e-01
3.351000000000000090e-01 3.438999999999999835e-01 3.739000000000000101e-01 3.402000000000000024e-01
3.353999999999999759e-01 3.425000000000000266e-01 3.427000000000000046e-01 3.116999999999999771e-01
2.958999999999999964e-01 3.032000000000000250e-01 3.126999999999999780e-01 3.009999999999999898e-01
3.266000000000000014e-01 3.080999999999999850e-01 3.158000000000000251e-01 3.040999999999999814e-01
2.790000000000000258e-01 2.980999999999999761e-01 2.894999999999999796e-01 2.816000000000000170e-01
2.911000000000000254e-01 2.933999999999999941e-01 2.938999999999999946e-01 2.813999999999999835e-01
2.780000000000000249e-01 2.716999999999999971e-01 2.862999999999999989e-01 2.627999999999999781e-01
2.676999999999999935e-01 2.872999999999999998e-01 2.978999999999999981e-01 2.827999999999999958e-01
2.803999999999999826e-01 2.539000000000000146e-01 2.584000000000000186e-01 2.574000000000000177e-01
2.454999999999999960e-01 2.735000000000000209e-01 2.515999999999999903e-01 2.504000000000000115e-01
2.828999999999999848e-01 2.383000000000000118e-01 2.399000000000000021e-01 2.434000000000000052e-01
2.412999999999999867e-01 2.487999999999999934e-01 2.237999999999999989e-01 2.555000000000000049e-01
2.575999999999999956e-01 2.343000000000000083e-01 2.109999999999999931e-01 2.379999999999999893e-01
2.338999999999999968e-01 2.456000000000000127e-01 2.416999999999999982e-01 2.227000000000000091e-01
2.235999999999999932e-01 2.404000000000000026e-01 2.167000000000000037e-01 2.310000000000000109e-01
2.119000000000000050e-01 2.112999999999999878e-01 2.106000000000000094e-01 2.147999999999999909e-01
1.986999999999999877e-01 2.200999999999999901e-01 2.210000000000000020e-01 2.293999999999999928e-01
1.935999999999999943e-01 2.018999999999999961e-01 2.016999999999999904e-01 2.021000000000000019e-01
1.928999999999999881e-01 2.021999999999999909e-01 2.142999999999999905e-01 1.905999999999999917e-01
1.865999999999999881e-01 2.187999999999999945e-01 2.043000000000000094e-01 1.948999999999999899e-01
1.902999999999999969e-01 1.862000000000000044e-01 1.938999999999999890e-01 1.993999999999999939e-01
1.918999999999999873e-01 1.855999999999999872e-01 1.822999999999999898e-01 2.207999999999999963e-01
1.754999999999999893e-01 1.857999999999999929e-01 1.789999999999999925e-01 1.836000000000000132e-01
1.786000000000000087e-01 1.837999999999999912e-01 1.957000000000000128e-01 1.922999999999999987e-01
1.751000000000000056e-01 1.700000000000000122e-01 1.806000000000000105e-01 1.782999999999999863e-01
1.892000000000000071e-01 1.854000000000000092e-01 1.738000000000000100e-01 1.763000000000000123e-01
1.666999999999999871e-01 1.822999999999999898e-01 1.809000000000000052e-01 1.733000000000000096e-01
1.754999999999999893e-01 1.637000000000000122e-01 1.625999999999999945e-01 1.683000000000000052e-01
1.739999999999999880e-01 1.685999999999999999e-01 1.698999999999999955e-01 1.628999999999999893e-01
1.693000000000000060e-01 1.656999999999999862e-01 1.665000000000000091e-01 1.761000000000000065e-01
1.562999999999999945e-01 1.562000000000000055e-01 1.640999999999999959e-01 1.526000000000000134e-01
1.643999999999999906e-01 1.703000000000000069e-01 1.678999999999999937e-01 1.627000000000000113e-01
1.713999999999999968e-01 1.532000000000000028e-01 1.542000000000000037e-01 1.643999999999999906e-01
1.550999999999999879e-01 1.555999999999999883e-01 1.612999999999999989e-01 1.562000000000000055e-01
1.603999999999999870e-01 1.542000000000000037e-01 1.607000000000000095e-01 1.527000000000000024e-01
1.595000000000000029e-01 1.580999999999999905e-01 1.545999999999999874e-01 1.577000000000000068e-01
1.557999999999999940e-01 1.600999999999999923e-01 1.542000000000000037e-01 1.539000000000000090e-01
1.549000000000000099e-01 1.484000000000000041e-01 1.613999999999999879e-01 1.560999999999999888e-01
1.519999999999999962e-01 1.622999999999999998e-01 1.550999999999999879e-01 1.464999999999999913e-01
1.458000000000000129e-01 1.408999999999999975e-01 1.471999999999999975e-01 1.443000000000000116e-01
1.501000000000000112e-01 1.424999999999999878e-01 1.426999999999999935e-01 1.446999999999999953e-01
1.484999999999999931e-01 1.471000000000000085e-01 1.426999999999999935e-01 1.474999999999999922e-01
1.436000000000000054e-01 1.381000000000000005e-01 1.441999999999999948e-01 1.471999999999999975e-01
1.413999999999999979e-01 1.444999999999999896e-01 1.426000000000000045e-01 1.481000000000000094e-01
1.411999999999999922e-01 1.332000000000000128e-01 1.519999999999999962e-01 1.383000000000000063e-01
1.403999999999999970e-01 1.441000000000000059e-01 1.363000000000000045e-01 1.320999999999999952e-01
1.441000000000000059e-01 1.472999999999999865e-01 1.381999999999999895e-01 1.396000000000000019e-01
1.373999999999999944e-01 1.471000000000000085e-01 1.400000000000000133e-01 1.378000000000000058e-01
1.328000000000000014e-01 1.456000000000000072e-01 1.441000000000000059e-01 1.335999999999999965e-01
1.332000000000000128e-01 1.345000000000000084e-01 1.502999999999999892e-01 1.373000000000000054e-01
1.346999999999999864e-01 1.305999999999999939e-01 1.494999999999999940e-01 1.340000000000000080e-01
1.370999999999999996e-01 1.386000000000000010e-01 1.423999999999999988e-01 1.428999999999999992e-01
1.340999999999999970e-01 1.255999999999999894e-01 1.295000000000000040e-01 1.361999999999999877e-01
1.358999999999999930e-01 1.343000000000000027e-01 1.408999999999999975e-01 1.373000000000000054e-01
1.219999999999999973e-01 1.330000000000000071e-01 1.335000000000000075e-01 1.315999999999999948e-01
1.279000000000000137e-01 1.342000000000000137e-01 1.431999999999999940e-01 1.356999999999999873e-01
1.328999999999999904e-01 1.257000000000000062e-01 1.300999999999999934e-01 1.421999999999999931e-01
