9.627962796279616597e-01 9.525952595259519207e-01 1.002700270027001794e+00 9.459945994599449071e-01
9.309930993099296836e-01 9.171917191719165530e-01 8.574857485748565988e-01 9.375937593759372524e-01
9.633963396339617624e-01 9.222922292229216445e-01 9.597959795979591480e-01 9.348934893489354581e-01
9.549954995499545518e-01 9.624962496249617194e-01 9.975997599759968137e-01 9.282928292829271122e-01
8.853885388538852430e-01 9.402940294029406010e-01 8.973897389738969554e-01 9.303930393039299140e-01
9.243924392439237803e-01 9.648964896489650167e-01 9.411941194119411991e-01 9.318931893189322802e-01
8.682868286828687721e-01 9.645964596459648543e-01 9.081908190819092397e-01 9.252925292529251555e-01
8.283828382838281934e-01 9.276927692769275646e-01 9.153915391539154678e-01 9.201920192019195088e-01
8.880888088808878145e-01 9.021902190219022177e-01 7.926792679267929964e-01 8.832883288328836624e-01
8.736873687368748032e-01 9.462946294629461796e-01 8.361836183618365226e-01 8.931893189318933501e-01
8.724872487248723774e-01 8.976897689768980060e-01 8.457845784578460480e-01 8.835883588358842688e-01
8.889888988898895228e-01 8.478847884788480727e-01 8.628862886288631850e-01 8.787878787878793396e-01
8.367836783678375134e-01 8.190819081908197186e-01 7.698769876987701100e-01 8.361836183618371887e-01
6.921692169216926427e-01 8.592859285928593494e-01 8.109810981098113380e-01 8.265826582658268862e-01
7.791779177917796950e-01 8.547854785478552486e-01 7.788778877887795327e-01 8.436843684368444674e-01
7.731773177317738943e-01 7.467746774677467281e-01 8.277827782778285348e-01 7.986798679867991302e-01
7.260726072607261994e-01 7.431743174317433365e-01 7.623762376237631644e-01 8.328832883288338484e-01
7.629762976297632671e-01 7.650765076507656248e-01 8.055805580558066392e-01 7.563756375637570306e-01
7.605760576057616351e-01 7.308730873087316837e-01 7.212721272127220473e-01 7.782778277827787639e-01
7.923792379237930561e-01 6.834683468346844926e-01 7.203720372037207831e-01 7.176717671767183226e-01
6.822682268226827329e-01 6.312631263126317060e-01 5.718571857185722473e-01 7.152715271527165797e-01
6.195619561956202670e-01 5.847584758475854461e-01 5.865586558655866423e-01 6.666666666666674068e-01
6.534653465346542678e-01 7.497749774977503501e-01 6.711671167116717296e-01 6.165616561656172001e-01
6.093609360936095287e-01 6.060606060606062995e-01 6.714671467146721140e-01 5.814581458145821058e-01
6.354635463546358665e-01 6.381638163816392151e-01 5.652565256525655668e-01 5.448544854485454225e-01
5.484548454845489251e-01 5.409540954095413134e-01 5.460546054605464050e-01 5.463546354635467894e-01
6.609660966096619905e-01 5.463546354635469005e-01 5.565556555655569726e-01 5.685568556855690181e-01
5.142514251425147620e-01 5.505550555055511719e-01 5.247524752475253296e-01 5.148514851485153088e-01
5.709570957095717603e-01 4.758475847584763274e-01 5.655565556555661733e-01 4.782478247824786810e-01
4.371437143714375084e-01 4.395439543954400841e-01 5.052505250525058944e-01 5.106510651065110373e-01
5.112511251125116951e-01 4.866486648664871684e-01 6.078607860786084949e-01 4.647464746474652686e-01
5.010501050105012899e-01 4.620462046204624751e-01 4.344434443444349370e-01 4.578457845784582037e-01
3.741374137413742140e-01 5.055505550555060568e-01 4.410441044104417285e-01 4.077407740774079414e-01
5.031503150315034256e-01 4.125412541254128707e-01 4.092409240924098079e-01 3.747374737473752604e-01
4.443444344434447357e-01 4.560456045604565634e-01 3.741374137413742695e-01 4.644464446444651062e-01
4.545454545454551964e-01 4.167416741674170866e-01 4.212421242124215759e-01 3.852385238523852728e-01
3.939393939393944222e-01 4.359435943594364149e-01 3.741374137413744916e-01 4.257425742574264538e-01
3.714371437143717536e-01 4.299429942994302811e-01 3.657365736573658932e-01 4.548454845484551368e-01
3.297329732973300342e-01 3.093309330933094459e-01 3.888388838883891641e-01 4.089408940894093680e-01
3.174317431743176043e-01 3.477347734773479915e-01 3.978397839783983092e-01 4.656465646564660332e-01
3.234323432343237936e-01 3.558355835583562055e-01 3.516351635163520450e-01 3.318331833183319479e-01
2.742274227422742960e-01 3.195319531953197401e-01 3.597359735973598704e-01 3.489348934893491405e-01
3.288328832883291031e-01 3.351335133513353992e-01 3.558355835583559834e-01 3.147314731473148663e-01
2.688268826882689866e-01 2.616261626162617038e-01 3.084308430843083482e-01 3.423342334233424600e-01
3.015301530153017828e-01 2.745274527452747915e-01 2.745274527452745694e-01 3.570357035703570214e-01
2.865286528652866704e-01 2.625262526252626905e-01 2.826282628262827834e-01 2.979297929792981692e-01
3.369336933693372060e-01 2.898289828982900662e-01 2.529252925292528320e-01 2.934293429342934023e-01
2.835283528352836591e-01 2.523252325232523963e-01 2.961296129612964179e-01 2.688268826882689866e-01
2.538253825382539297e-01 2.820282028202820701e-01 2.787278727872788409e-01 2.250225022502251593e-01
2.910291029102913263e-01 2.739273927392741337e-01 2.679267926792679444e-01 2.625262526252626349e-01
2.835283528352839921e-01 2.367236723672368759e-01 2.562256225622563388e-01 2.643264326432643863e-01
1.977197719771976170e-01 2.412241224122412542e-01 2.220222022202222312e-01 2.238223822382240380e-01
2.703270327032705755e-01 2.184218421842185343e-01 2.076207620762074713e-01 2.661266126612663041e-01
2.178217821782180430e-01 2.322232223222322478e-01 2.673267326732673421e-01 2.721272127212724934e-01
3.060306030603062166e-01 2.226222622262224726e-01 2.709270927092711778e-01 2.880288028802883704e-01
2.478247824782480457e-01 2.649264926492652106e-01 1.641164116411640561e-01 2.436243624362436355e-01
1.743174317431744336e-01 2.274227422742273463e-01 1.998199819981996694e-01 2.208220822082209434e-01
2.151215121512151385e-01 1.995199519951995903e-01 2.229222922292230791e-01 1.677167716771678085e-01
2.706270627062708489e-01 2.172217221722173852e-01 1.785178517851784830e-01 2.031203120312029820e-01
2.001200120012003869e-01 2.070207020702071465e-01 2.457245724572457435e-01 2.103210321032103203e-01
2.103210321032104313e-01 1.995199519951993683e-01 2.499249924992500982e-01 2.607260726072608836e-01
1.236123612361234442e-01 2.175217521752178806e-01 1.686168616861684622e-01 1.794179417941792753e-01
1.701170117011701621e-01 1.215121512151213223e-01 2.004200420042005493e-01 1.959195919591960600e-01
1.815181518151816331e-01 1.278127812781276185e-01 1.554155415541554341e-01 2.121212121212123214e-01
1.629162916291629071e-01 2.064206420642064610e-01 1.512151215121511627e-01 1.959195919591959212e-01
1.200120012001197473e-01 2.010201020102010683e-01 1.818181818181817122e-01 2.499249924992502092e-01
1.455145514551454689e-01 2.292229222922294585e-01 2.064206420642066553e-01 1.788178817881789784e-01
1.341134113411341644e-01 2.043204320432042698e-01 2.043204320432042143e-01 1.626162616261625782e-01
1.518151815181515152e-01 2.088208820882088423e-01 1.872187218721873547e-01 1.962196219621960835e-01
1.821182118211821521e-01 9.000900090008984167e-02 1.872187218721874380e-01 1.581158115811580611e-01
1.680168016801681097e-01 1.770177017701769218e-01 1.821182118211820689e-01 1.449144914491448943e-01
1.545154515451546973e-01 2.319231923192321410e-01 1.833183318331832456e-01 1.335133513351335066e-01
1.443144314431444031e-01 2.151215121512153050e-01 1.767176717671765096e-01 1.953195319531955132e-01
1.716171617161714735e-01 2.133213321332134149e-01 1.530153015301529140e-01 1.320132013201318621e-01
1.515151515151514361e-01 1.620162016201620592e-01 1.653165316531652607e-01 1.293129312931292074e-01
1.380138013801379404e-01 1.566156615661566387e-01 1.626162616261626892e-01 1.455145514551454411e-01
1.686168616861685177e-01 1.152115211521151511e-01 1.875187518751874061e-01 1.485148514851485357e-01
9.300930093009296407e-02 1.083108310831081278e-01 1.503150315031502593e-01 1.422142214221422118e-01
1.749174917491748138e-01 8.670867086708661242e-02 9.840984098409820413e-02 1.257125712571256215e-01
1.386138613861385427e-01 1.350135013501349290e-01 1.296129612961294253e-01 1.428142814281426476e-01
