8.475847584758475772e-01 8.028802880288028465e-01 7.746774677467747061e-01 8.559855985598560091e-01 8.187818781878187790e-01 7.503750375037503417e-01 8.457845784578458259e-01 7.662766276627662743e-01 7.182718271827183143e-01 8.517851785178517376e-01 8.193819381938194368e-01 7.707770777077708191e-01
8.043804380438044355e-01 7.323732373237323845e-01 6.450645064506450588e-01 7.422742274227422943e-01 6.279627962796279217e-01 5.010501050105010679e-01 7.482748274827483170e-01 6.114611461146114424e-01 4.950495049504950451e-01 7.467746774677467281e-01 6.051605160516051463e-01 5.049504950495049549e-01
7.056705670567057220e-01 5.724572457245724610e-01 4.506450645064506433e-01 6.312631263126312620e-01 4.566456645664566660e-01 2.982298229822982205e-01 6.693669366936693121e-01 5.151515151515151381e-01 3.996399639963996164e-01 6.675667566756675608e-01 4.905490549054905558e-01 3.783378337833783189e-01
6.021602160216021904e-01 4.017401740174017521e-01 2.943294329432943335e-01 6.495649564956496036e-01 4.701470147014701340e-01 3.660366036603660556e-01 6.048604860486048729e-01 4.137413741374137421e-01 2.859285928592859016e-01 5.874587458745874624e-01 3.831383138313831371e-01 2.643264326432643307e-01
6.063606360636063508e-01 3.978397839783978651e-01 2.604260426042604437e-01 5.418541854185418005e-01 3.351335133513351217e-01 2.112211221122112237e-01 5.001500150015001367e-01 2.736273627362736383e-01 1.566156615661566109e-01 5.514551455145514369e-01 3.345334533453345194e-01 2.148214821482148096e-01
4.857485748574857376e-01 2.817281728172817412e-01 1.731173117311731180e-01 4.758475847584758278e-01 2.487248724872487271e-01 1.416141614161416096e-01 4.743474347434743499e-01 2.616261626162616483e-01 1.596159615961596223e-01 4.614461446144614287e-01 2.550255025502550232e-01 1.425142514251425130e-01
3.933393339333933203e-01 1.683168316831683275e-01 7.710771077107710092e-02 4.776477647764776346e-01 2.523252325232523408e-01 1.512151215121512182e-01 4.236423642364236519e-01 2.016201620162016150e-01 1.071107110711071175e-01 3.936393639363936492e-01 1.557155715571557075e-01 6.810681068106810843e-02
3.567356735673567480e-01 1.620162016201620037e-01 8.580858085808580615e-02 3.801380138013801258e-01 1.587158715871587189e-01 7.440744074407440456e-02 3.147314731473147553e-01 1.248124812481248153e-01 7.350735073507350115e-02 3.393339333933393376e-01 1.338133813381338078e-01 6.120612061206120308e-02
3.168316831683168355e-01 1.311131113111311253e-01 6.360636063606360524e-02 3.099309930993099371e-01 1.191119111911191075e-01 5.460546054605460581e-02 3.174317431743174378e-01 1.098109810981098139e-01 4.830483048304830274e-02 3.069306930693069257e-01 1.113111311131113057e-01 5.160516051605160831e-02
2.886288628862886396e-01 8.880888088808880365e-02 4.200420042004200660e-02 3.099309930993099371e-01 1.113111311131113057e-01 5.370537053705370240e-02 3.195319531953195180e-01 1.191119111911191075e-01 5.880588058805880786e-02 3.069306930693069257e-01 1.020102010201020121e-01 4.770477047704770740e-02
2.166216621662166164e-01 6.000600060006000547e-02 2.460246024602460307e-02 2.607260726072607171e-01 8.370837083708371207e-02 2.970297029702970160e-02 2.559255925592558989e-01 8.400840084008401321e-02 4.080408040804080205e-02 2.493249324932493294e-01 8.250825082508250752e-02 3.750375037503750342e-02
2.214221422142214346e-01 5.520552055205520808e-02 2.130213021302130097e-02 1.965196519651965235e-01 5.670567056705670683e-02 1.920192019201920341e-02 2.154215421542154119e-01 6.180618061806180535e-02 2.370237023702370313e-02 2.502250225022502050e-01 8.310831083108310979e-02 3.240324032403240490e-02
2.019201920192019162e-01 4.890489048904890501e-02 2.190219021902190324e-02 1.629162916291629071e-01 4.590459045904590751e-02 1.980198019801980222e-02 2.238223822382238160e-01 6.120612061206120308e-02 2.370237023702370313e-02 1.857185718571857103e-01 4.770477047704770740e-02 2.100210021002100330e-02
1.737173717371737203e-01 4.800480048004800160e-02 1.920192019201920341e-02 1.398139813981398027e-01 2.790279027902790171e-02 1.260126012601260094e-02 1.350135013501350123e-01 3.570357035703570353e-02 1.380138013801380202e-02 1.680168016801680264e-01 3.270327032703270603e-02 1.650165016501650012e-02
1.956195619561956200e-01 6.390639063906390638e-02 2.460246024602460307e-02 1.731173117311731180e-01 4.050405040504050092e-02 1.620162016201620245e-02 1.311131113111311253e-01 2.880288028802880165e-02 1.500150015001500137e-02 1.338133813381338078e-01 2.640264026402640296e-02 1.410141014101410142e-02
1.191119111911191075e-01 2.940294029402940393e-02 6.900690069006901010e-03 1.308130813081308241e-01 2.760276027602760404e-02 1.380138013801380202e-02 1.197119711971197098e-01 2.580258025802580416e-02 1.110111011101110046e-02 1.056105610561056118e-01 2.100210021002100330e-02 9.000900090009001167e-03
1.170117011701170134e-01 2.250225022502250205e-02 1.230123012301230154e-02 1.176117611761176157e-01 2.550255025502550302e-02 1.410141014101410142e-02 9.660966096609660547e-02 1.890189018901890228e-02 9.300930093009300570e-03 8.940894089408940593e-02 2.400240024002400080e-02 9.600960096009601707e-03
8.100810081008100183e-02 1.680168016801680125e-02 1.110111011101110046e-02 1.107110711071107173e-01 2.100210021002100330e-02 1.200120012001200040e-02 8.640864086408640843e-02 1.920192019201920341e-02 9.300930093009300570e-03 9.150915091509151389e-02 1.620162016201620245e-02 1.020102010201020051e-02
9.090909090909091161e-02 1.770177017701770120e-02 9.600960096009601707e-03 8.970897089708970706e-02 1.590159015901590131e-02 9.900990099009901110e-03 7.950795079507951002e-02 1.470147014701470196e-02 7.500750075007500683e-03 8.400840084008401321e-02 2.040204020402040103e-02 9.600960096009601707e-03
7.650765076507651252e-02 1.230123012301230154e-02 7.500750075007500683e-03 8.040804080408041343e-02 1.380138013801380202e-02 1.170117011701170100e-02 7.890789078907890775e-02 1.650165016501650012e-02 8.100810081008101224e-03 7.620762076207621138e-02 1.650165016501650012e-02 1.020102010201020051e-02
6.720672067206720501e-02 1.110111011101110046e-02 9.000900090009001167e-03 6.360636063606360524e-02 1.230123012301230154e-02 1.020102010201020051e-02 7.230723072307231047e-02 1.410141014101410142e-02 1.110111011101110046e-02 4.650465046504650285e-02 9.900990099009901110e-03 9.000900090009001167e-03
8.700870087008701070e-02 1.680168016801680125e-02 8.100810081008101224e-03 5.130513051305130717e-02 9.300930093009300570e-03 7.200720072007200413e-03 5.010501050105010262e-02 8.100810081008101224e-03 9.300930093009300570e-03 7.320732073207321389e-02 1.530153015301530077e-02 1.110111011101110046e-02
5.370537053705370240e-02 1.170117011701170100e-02 8.700870087008700030e-03 4.950495049504950729e-02 1.620162016201620245e-02 7.800780078007800954e-03 5.460546054605460581e-02 9.600960096009601707e-03 1.110111011101110046e-02 5.550555055505550228e-02 9.900990099009901110e-03 6.000600060006000200e-03
4.470447044704470296e-02 1.110111011101110046e-02 9.300930093009300570e-03 5.160516051605160831e-02 1.320132013201320148e-02 8.700870087008700030e-03 6.870687068706871070e-02 1.860186018601860114e-02 7.500750075007500683e-03 4.800480048004800160e-02 1.350135013501350088e-02 6.900690069006901010e-03
3.690369036903690114e-02 9.000900090009001167e-03 7.200720072007200413e-03 5.130513051305130717e-02 1.260126012601260094e-02 6.600660066006600740e-03 3.240324032403240490e-02 8.100810081008101224e-03 5.400540054005400527e-03 4.230423042304230080e-02 1.140114011401140159e-02 7.800780078007800954e-03
3.810381038103810569e-02 7.800780078007800954e-03 9.300930093009300570e-03 3.510351035103510126e-02 7.800780078007800954e-03 9.000900090009001167e-03 3.960396039603960444e-02 9.900990099009901110e-03 8.400840084008400627e-03 3.810381038103810569e-02 1.170117011701170100e-02 6.900690069006901010e-03
3.270327032703270603e-02 1.170117011701170100e-02 6.000600060006000200e-03 2.370237023702370313e-02 7.200720072007200413e-03 7.800780078007800954e-03 3.060306030603060154e-02 9.900990099009901110e-03 6.300630063006300470e-03 2.580258025802580416e-02 7.200720072007200413e-03 7.500750075007500683e-03
3.240324032403240490e-02 7.200720072007200413e-03 1.020102010201020051e-02 2.580258025802580416e-02 4.200420042004200313e-03 6.600660066006600740e-03 2.790279027902790171e-02 9.300930093009300570e-03 7.200720072007200413e-03 3.090309030903090268e-02 8.700870087008700030e-03 7.800780078007800954e-03
3.060306030603060154e-02 1.080108010801080105e-02 8.400840084008400627e-03 2.670267026702670410e-02 7.200720072007200413e-03 1.050105010501050165e-02 2.400240024002400080e-02 7.500750075007500683e-03 8.700870087008700030e-03 2.520252025202520188e-02 7.500750075007500683e-03 5.700570057005700797e-03
3.150315031503150148e-02 1.170117011701170100e-02 8.400840084008400627e-03 3.480348034803480012e-02 9.300930093009300570e-03 9.000900090009001167e-03 2.340234023402340199e-02 9.000900090009001167e-03 8.400840084008400627e-03 2.040204020402040103e-02 1.080108010801080105e-02 6.000600060006000200e-03
1.440144014401440083e-02 6.000600060006000200e-03 6.900690069006901010e-03 2.220222022202220091e-02 6.600660066006600740e-03 8.400840084008400627e-03 3.480348034803480012e-02 9.600960096009601707e-03 6.000600060006000200e-03 2.310231023102310086e-02 9.300930093009300570e-03 7.500750075007500683e-03
2.040204020402040103e-02 7.200720072007200413e-03 5.700570057005700797e-03 2.280228022802280319e-02 8.100810081008101224e-03 7.500750075007500683e-03 2.550255025502550302e-02 9.300930093009300570e-03 8.100810081008101224e-03 3.120312031203120381e-02 8.700870087008700030e-03 9.300930093009300570e-03
1.800180018001800233e-02 9.600960096009601707e-03 8.100810081008101224e-03 2.130213021302130097e-02 1.410141014101410142e-02 8.700870087008700030e-03 2.130213021302130097e-02 8.100810081008101224e-03 7.200720072007200413e-03 1.860186018601860114e-02 7.500750075007500683e-03 6.600660066006600740e-03
1.740174017401740006e-02 8.100810081008101224e-03 5.100510051005100257e-03 1.860186018601860114e-02 8.100810081008101224e-03 6.000600060006000200e-03 1.710171017101710239e-02 5.100510051005100257e-03 8.400840084008400627e-03 1.440144014401440083e-02 5.700570057005700797e-03 8.100810081008101224e-03
1.650165016501650012e-02 9.300930093009300570e-03 7.500750075007500683e-03 1.740174017401740006e-02 6.000600060006000200e-03 6.300630063006300470e-03 1.650165016501650012e-02 7.800780078007800954e-03 7.800780078007800954e-03 1.740174017401740006e-02 7.800780078007800954e-03 6.900690069006901010e-03
1.290129012901290208e-02 9.300930093009300570e-03 9.600960096009601707e-03 1.260126012601260094e-02 7.800780078007800954e-03 4.800480048004800854e-03 1.440144014401440083e-02 9.900990099009901110e-03 6.600660066006600740e-03 1.710171017101710239e-02 8.700870087008700030e-03 9.600960096009601707e-03
1.500150015001500137e-02 8.100810081008101224e-03 1.020102010201020051e-02 1.200120012001200040e-02 7.500750075007500683e-03 8.100810081008101224e-03 1.860186018601860114e-02 9.300930093009300570e-03 6.900690069006901010e-03 1.860186018601860114e-02 9.000900090009001167e-03 7.500750075007500683e-03
1.170117011701170100e-02 8.100810081008101224e-03 6.300630063006300470e-03 1.110111011101110046e-02 8.400840084008400627e-03 6.600660066006600740e-03 1.290129012901290208e-02 6.900690069006901010e-03 8.100810081008101224e-03 1.260126012601260094e-02 5.700570057005700797e-03 9.600960096009601707e-03
1.440144014401440083e-02 8.700870087008700030e-03 4.800480048004800854e-03 1.290129012901290208e-02 9.600960096009601707e-03 1.110111011101110046e-02 1.200120012001200040e-02 6.600660066006600740e-03 5.700570057005700797e-03 1.410141014101410142e-02 5.700570057005700797e-03 7.800780078007800954e-03
1.380138013801380202e-02 7.800780078007800954e-03 8.100810081008101224e-03 1.410141014101410142e-02 1.230123012301230154e-02 9.900990099009901110e-03 1.110111011101110046e-02 6.900690069006901010e-03 9.300930093009300570e-03 1.470147014701470196e-02 9.000900090009001167e-03 7.500750075007500683e-03
