8.584000000000000519e-01 8.594000000000000528e-01 8.529999999999999805e-01 8.554000000000000492e-01
8.015999999999999792e-01 7.490999999999999881e-01 7.430999999999999828e-01 7.429999999999999938e-01
7.159999999999999698e-01 6.245000000000000551e-01 6.663000000000000034e-01 6.723999999999999977e-01
6.119999999999999885e-01 6.579000000000000403e-01 6.059999999999999831e-01 5.956000000000000183e-01
6.059999999999999831e-01 5.393000000000000016e-01 4.976999999999999758e-01 5.295999999999999597e-01
4.914999999999999925e-01 4.641000000000000125e-01 4.818000000000000060e-01 4.616999999999999993e-01
3.889000000000000234e-01 4.738999999999999879e-01 3.992999999999999883e-01 3.785000000000000031e-01
3.528000000000000025e-01 3.658000000000000140e-01 3.146999999999999797e-01 3.246999999999999886e-01
3.143000000000000238e-01 3.187999999999999723e-01 3.192999999999999727e-01 3.089999999999999969e-01
2.775000000000000244e-01 3.136999999999999789e-01 3.099999999999999978e-01 2.921000000000000263e-01
2.159000000000000086e-01 2.475999999999999868e-01 2.561999999999999833e-01 2.495999999999999885e-01
2.116999999999999993e-01 2.066999999999999948e-01 2.116000000000000103e-01 2.409000000000000030e-01
1.895000000000000018e-01 1.744999999999999885e-01 2.127999999999999892e-01 1.794000000000000039e-01
1.849000000000000088e-01 1.378999999999999948e-01 1.466999999999999971e-01 1.590999999999999914e-01
1.945000000000000062e-01 1.701999999999999902e-01 1.411999999999999922e-01 1.363000000000000045e-01
1.239999999999999991e-01 1.342000000000000137e-01 1.174999999999999933e-01 1.093999999999999972e-01
1.149000000000000021e-01 1.146999999999999964e-01 8.949999999999999623e-02 9.120000000000000329e-02
7.560000000000000053e-02 1.110000000000000014e-01 9.270000000000000462e-02 8.509999999999999509e-02
8.699999999999999400e-02 8.880000000000000393e-02 8.329999999999999905e-02 8.480000000000000038e-02
8.029999999999999638e-02 7.829999999999999460e-02 6.950000000000000622e-02 7.000000000000000666e-02
5.850000000000000339e-02 6.679999999999999827e-02 7.439999999999999392e-02 5.449999999999999983e-02
7.660000000000000142e-02 5.260000000000000092e-02 5.399999999999999939e-02 7.059999999999999609e-02
4.739999999999999769e-02 5.179999999999999882e-02 5.580000000000000238e-02 5.210000000000000048e-02
4.399999999999999745e-02 5.739999999999999963e-02 7.549999999999999767e-02 5.399999999999999939e-02
4.009999999999999676e-02 4.950000000000000233e-02 3.670000000000000345e-02 4.120000000000000051e-02
4.259999999999999898e-02 3.719999999999999696e-02 4.170000000000000095e-02 3.899999999999999994e-02
3.059999999999999873e-02 2.549999999999999836e-02 3.250000000000000111e-02 2.910000000000000087e-02
3.320000000000000034e-02 2.469999999999999973e-02 2.910000000000000087e-02 3.160000000000000309e-02
3.090000000000000038e-02 2.079999999999999905e-02 2.189999999999999933e-02 2.630000000000000046e-02
3.080000000000000099e-02 2.529999999999999957e-02 2.270000000000000143e-02 2.299999999999999961e-02
1.959999999999999937e-02 2.179999999999999993e-02 3.200000000000000067e-02 2.510000000000000078e-02
2.060000000000000026e-02 2.089999999999999844e-02 1.959999999999999937e-02 3.259999999999999704e-02
2.220000000000000098e-02 2.220000000000000098e-02 1.899999999999999953e-02 2.000000000000000042e-02
2.120000000000000009e-02 1.450000000000000074e-02 1.959999999999999937e-02 1.849999999999999908e-02
1.549999999999999989e-02 1.650000000000000078e-02 1.460000000000000013e-02 1.480000000000000066e-02
1.590000000000000094e-02 1.329999999999999932e-02 1.799999999999999864e-02 2.340000000000000066e-02
1.439999999999999961e-02 1.370000000000000037e-02 1.549999999999999989e-02 2.149999999999999828e-02
1.230000000000000017e-02 1.159999999999999920e-02 1.460000000000000013e-02 1.149999999999999981e-02
1.379999999999999977e-02 1.209999999999999964e-02 1.179999999999999973e-02 1.420000000000000082e-02
1.469999999999999953e-02 1.450000000000000074e-02 1.200000000000000025e-02 1.499999999999999944e-02
