9.791999999999999593e-01 9.755000000000000338e-01 9.776000000000000245e-01 9.748999999999999888e-01
9.627999999999999892e-01 9.495999999999999996e-01 9.517999999999999794e-01 9.459999999999999520e-01
9.437999999999999723e-01 9.306999999999999718e-01 9.353000000000000203e-01 9.417999999999999705e-01
9.014999999999999680e-01 9.189000000000000501e-01 9.072999999999999954e-01 9.091000000000000192e-01
8.673999999999999488e-01 9.004999999999999671e-01 8.912999999999999812e-01 8.875999999999999446e-01
8.840999999999999970e-01 8.907000000000000473e-01 8.729999999999999982e-01 8.793999999999999595e-01
8.372000000000000552e-01 8.718000000000000194e-01 8.395000000000000240e-01 8.223000000000000309e-01
8.199999999999999512e-01 8.093000000000000194e-01 8.296999999999999931e-01 8.257999999999999785e-01
7.999000000000000554e-01 8.327999999999999847e-01 7.707000000000000517e-01 8.063000000000000167e-01
7.940000000000000391e-01 7.750000000000000222e-01 7.721999999999999975e-01 7.751000000000000112e-01
7.774999999999999689e-01 7.943000000000000060e-01 8.249999999999999556e-01 7.907999999999999474e-01
7.633999999999999675e-01 7.744999999999999662e-01 7.672999999999999821e-01 7.591999999999999860e-01
7.536000000000000476e-01 7.093000000000000416e-01 7.537000000000000366e-01 7.272999999999999465e-01
7.013000000000000345e-01 7.288999999999999924e-01 7.329999999999999849e-01 7.226000000000000201e-01
6.935999999999999943e-01 6.877999999999999670e-01 7.405000000000000471e-01 6.844000000000000083e-01
7.026999999999999913e-01 6.549000000000000377e-01 7.057999999999999829e-01 6.657999999999999474e-01
6.886999999999999789e-01 6.683000000000000052e-01 6.862000000000000322e-01 6.974000000000000199e-01
6.559000000000000385e-01 6.371999999999999886e-01 6.592999999999999972e-01 6.230999999999999872e-01
6.625999999999999668e-01 6.447000000000000508e-01 6.066000000000000281e-01 6.431000000000000050e-01
6.358000000000000318e-01 6.474999999999999645e-01 5.936000000000000165e-01 6.514999999999999680e-01
6.116000000000000325e-01 5.977999999999999980e-01 5.839999999999999636e-01 5.963000000000000522e-01
5.897999999999999909e-01 5.756000000000000005e-01 6.087000000000000188e-01 6.177000000000000268e-01
5.844000000000000306e-01 6.362999999999999767e-01 5.937999999999999945e-01 5.678999999999999604e-01
5.593000000000000194e-01 5.886000000000000121e-01 6.158000000000000140e-01 5.812000000000000499e-01
5.673000000000000265e-01 5.764000000000000234e-01 5.590000000000000524e-01 5.754000000000000226e-01
5.247000000000000552e-01 5.514999999999999902e-01 5.434999999999999831e-01 5.392000000000000126e-01
5.574999999999999956e-01 5.290000000000000258e-01 5.461000000000000298e-01 5.502000000000000224e-01
5.158000000000000362e-01 5.284999999999999698e-01 5.030999999999999917e-01 5.081999999999999851e-01
5.306999999999999496e-01 5.162999999999999812e-01 5.169000000000000261e-01 5.107000000000000428e-01
4.929999999999999938e-01 4.933000000000000163e-01 5.255999999999999561e-01 4.808999999999999941e-01
5.083999999999999631e-01 5.058000000000000274e-01 5.328000000000000513e-01 4.990999999999999881e-01
4.630000000000000226e-01 4.605000000000000204e-01 4.542999999999999816e-01 4.840999999999999748e-01
4.529000000000000248e-01 4.929000000000000048e-01 4.667000000000000037e-01 4.732000000000000095e-01
4.885999999999999788e-01 4.510000000000000120e-01 4.499000000000000221e-01 4.434000000000000163e-01
4.717000000000000082e-01 4.516999999999999904e-01 4.325999999999999845e-01 4.786000000000000254e-01
4.815999999999999726e-01 4.304000000000000048e-01 4.238999999999999990e-01 4.586999999999999966e-01
4.455999999999999961e-01 4.727000000000000091e-01 4.586000000000000076e-01 4.292000000000000259e-01
4.178999999999999937e-01 4.389000000000000123e-01 3.961999999999999966e-01 4.398000000000000242e-01
4.061000000000000165e-01 4.257000000000000228e-01 4.128000000000000003e-01 4.351999999999999758e-01
4.000000000000000222e-01 4.113999999999999879e-01 4.284999999999999920e-01 4.254000000000000004e-01
4.178999999999999937e-01 4.058999999999999830e-01 3.917999999999999816e-01 3.957999999999999852e-01
3.711999999999999744e-01 3.864000000000000212e-01 4.108999999999999875e-01 3.729999999999999982e-01
3.780999999999999917e-01 4.092000000000000082e-01 3.962999999999999856e-01 3.899000000000000243e-01
3.691999999999999726e-01 3.637000000000000233e-01 3.803000000000000269e-01 3.674999999999999933e-01
3.658000000000000140e-01 3.776999999999999802e-01 3.765999999999999903e-01 4.050000000000000266e-01
3.407000000000000028e-01 3.764000000000000123e-01 3.346000000000000085e-01 3.598000000000000087e-01
3.513999999999999901e-01 3.346999999999999975e-01 3.620999999999999774e-01 3.711999999999999744e-01
3.271000000000000019e-01 3.276999999999999913e-01 3.522000000000000131e-01 3.422999999999999932e-01
3.551000000000000267e-01 3.630999999999999783e-01 3.343999999999999750e-01 3.562000000000000166e-01
3.280000000000000138e-01 3.353999999999999759e-01 3.427000000000000046e-01 3.469999999999999751e-01
3.481000000000000205e-01 3.166999999999999815e-01 3.156999999999999806e-01 3.134000000000000119e-01
3.284000000000000252e-01 3.239000000000000212e-01 3.259000000000000230e-01 3.323999999999999733e-01
3.084999999999999964e-01 3.140999999999999903e-01 3.123000000000000220e-01 3.459999999999999742e-01
3.175999999999999934e-01 2.949999999999999845e-01 3.287999999999999812e-01 3.098000000000000198e-01
3.204000000000000181e-01 2.997000000000000219e-01 3.221999999999999864e-01 3.109000000000000097e-01
3.159000000000000141e-01 3.000999999999999779e-01 2.846000000000000196e-01 3.058000000000000163e-01
2.898999999999999910e-01 2.962000000000000188e-01 3.100999999999999868e-01 2.884999999999999787e-01
3.034000000000000030e-01 2.901000000000000245e-01 2.777000000000000024e-01 2.979999999999999871e-01
3.088000000000000189e-01 2.807999999999999940e-01 2.767000000000000015e-01 2.977000000000000202e-01
2.791000000000000147e-01 3.022000000000000242e-01 2.852999999999999980e-01 2.772000000000000020e-01
2.912000000000000144e-01 2.731000000000000094e-01 2.952000000000000179e-01 2.923999999999999932e-01
2.807000000000000051e-01 2.852999999999999980e-01 3.042000000000000259e-01 2.742999999999999883e-01
2.647999999999999798e-01 2.693999999999999728e-01 2.770000000000000240e-01 2.543000000000000260e-01
2.871000000000000218e-01 2.938000000000000056e-01 2.715000000000000191e-01 2.688999999999999724e-01
2.554000000000000159e-01 2.671999999999999931e-01 2.833999999999999853e-01 2.649000000000000243e-01
2.686000000000000054e-01 2.765000000000000235e-01 2.556999999999999829e-01 2.562999999999999723e-01
2.610000000000000098e-01 2.519000000000000128e-01 2.558000000000000274e-01 2.576999999999999846e-01
2.562999999999999723e-01 2.550000000000000044e-01 2.811000000000000165e-01 2.600999999999999979e-01
2.351000000000000034e-01 2.639000000000000234e-01 2.356999999999999929e-01 2.384000000000000008e-01
2.515000000000000013e-01 2.500000000000000000e-01 2.421999999999999986e-01 2.432999999999999885e-01
2.429999999999999938e-01 2.389000000000000012e-01 2.313000000000000056e-01 2.326999999999999902e-01
2.293000000000000038e-01 2.515000000000000013e-01 2.516999999999999793e-01 2.305999999999999994e-01
2.467000000000000026e-01 2.336999999999999911e-01 2.384999999999999898e-01 2.407999999999999863e-01
2.315000000000000113e-01 2.348999999999999977e-01 2.328999999999999959e-01 2.311999999999999889e-01
2.218999999999999861e-01 2.424999999999999933e-01 2.227999999999999980e-01 2.341999999999999915e-01
2.310000000000000109e-01 2.308000000000000052e-01 2.384999999999999898e-01 2.300000000000000100e-01
2.351999999999999924e-01 2.190000000000000002e-01 2.265999999999999959e-01 2.300000000000000100e-01
2.144999999999999962e-01 2.250000000000000056e-01 2.295000000000000095e-01 2.136000000000000121e-01
2.144000000000000072e-01 2.245999999999999941e-01 2.325000000000000122e-01 2.174000000000000099e-01
1.998999999999999944e-01 2.124999999999999944e-01 2.192999999999999949e-01 2.164999999999999980e-01
