9.807980798079808382e-01 9.612961296129612920e-01 9.447944794479448127e-01 9.720972097209721330e-01 9.552955295529552693e-01 9.402940294029402679e-01 9.741974197419741577e-01 9.606960696069607453e-01 9.528952895289528602e-01 9.675967596759675882e-01 9.630963096309630433e-01 9.426942694269426770e-01
9.603960396039603609e-01 9.411941194119411991e-01 9.198919891989199016e-01 9.462946294629462907e-01 9.123912391239124009e-01 8.748874887488748975e-01 9.570957095709571316e-01 9.459945994599460173e-01 8.949894989498949904e-01 9.519951995199520400e-01 9.057905790579058314e-01 8.781878187818782378e-01
9.420942094209421303e-01 9.000900090009000820e-01 8.673867386738673968e-01 9.402940294029402679e-01 8.814881488148814670e-01 8.418841884188419389e-01 9.348934893489349029e-01 8.760876087608761020e-01 8.370837083708371207e-01 9.345934593459346296e-01 8.895889588958896255e-01 8.454845484548454415e-01
8.952895289528952638e-01 8.316831683168316447e-01 7.731773177317732282e-01 9.162916291629162879e-01 8.373837383738373941e-01 7.755775577557755263e-01 9.051905190519051736e-01 8.343834383438344382e-01 7.653765376537653431e-01 9.147914791479148100e-01 8.394839483948395298e-01 7.665766576657665476e-01
8.772877287728773066e-01 7.704770477047704347e-01 6.759675967596759927e-01 8.931893189318932391e-01 8.124812481248124829e-01 7.491749174917491372e-01 8.862886288628862852e-01 8.079807980798079381e-01 7.170717071707171097e-01 8.886888688868886943e-01 7.890789078907890497e-01 7.224722472247224747e-01
8.904890489048904456e-01 8.091809180918091426e-01 7.212721272127212702e-01 8.907890789078908300e-01 8.040804080408040511e-01 7.143714371437143162e-01 8.736873687368736929e-01 7.716771677167716392e-01 6.825682568256825622e-01 8.724872487248724884e-01 7.737773777377737749e-01 6.864686468646864492e-01
8.499849984998499863e-01 7.212721272127212702e-01 6.144614461446145093e-01 8.712871287128712838e-01 7.563756375637563645e-01 6.876687668766876538e-01 8.454845484548454415e-01 7.041704170417041331e-01 6.138613861386138515e-01 8.193819381938194368e-01 7.005700570057005194e-01 5.778577857785778260e-01
8.145814581458146186e-01 6.639663966396639472e-01 5.598559855985598688e-01 8.007800780078008218e-01 6.813681368136813576e-01 5.505550555055505058e-01 8.274827482748274843e-01 7.008700870087009038e-01 5.922592259225922806e-01 8.148814881488148920e-01 6.972697269726972902e-01 5.892589258925892137e-01
7.968796879687969348e-01 6.357635763576358068e-01 5.208520852085208874e-01 8.277827782778277577e-01 7.026702670267026551e-01 6.174617461746174651e-01 7.779777977797779354e-01 6.381638163816382159e-01 4.878487848784878733e-01 7.911791179117911854e-01 6.621662166216621959e-01 5.439543954395439362e-01
7.809780978097810022e-01 6.450645064506450588e-01 5.175517551755175472e-01 7.755775577557755263e-01 6.171617161716171918e-01 4.947494749474947717e-01 7.911791179117911854e-01 6.405640564056405140e-01 5.058505850585058861e-01 7.701770177017701613e-01 6.276627662766276483e-01 5.052505250525052283e-01
7.701770177017701613e-01 6.234623462346234879e-01 4.719471947194719408e-01 8.010801080108010952e-01 6.516651665166516283e-01 5.271527152715271836e-01 8.124812481248124829e-01 6.834683468346834934e-01 5.856585658565857111e-01 7.905790579057905276e-01 6.300630063006300574e-01 5.247524752475247745e-01
7.605760576057605249e-01 5.790579057905790306e-01 4.632463246324632355e-01 7.821782178217822068e-01 6.342634263426342178e-01 5.109510951095109776e-01 7.593759375937594314e-01 6.027602760276027372e-01 4.899489948994899535e-01 7.569756975697570223e-01 5.892589258925892137e-01 4.902490249024902269e-01
7.404740474047404319e-01 5.790579057905790306e-01 4.659465946594659735e-01 7.038703870387038597e-01 5.106510651065107043e-01 3.783378337833783189e-01 7.464746474647464547e-01 5.670567056705670961e-01 4.617461746174617576e-01 7.224722472247224747e-01 5.391539153915391180e-01 4.209420942094209694e-01
7.062706270627062688e-01 5.217521752175217076e-01 3.936393639363936492e-01 7.335733573357335890e-01 5.316531653165316174e-01 4.251425142514251299e-01 7.206720672067207234e-01 5.523552355235523681e-01 4.140414041404140155e-01 7.167716771677167253e-01 5.400540054005400492e-01 4.065406540654065148e-01
6.846684668466846979e-01 4.947494749474947717e-01 3.669366936693669312e-01 6.813681368136813576e-01 4.878487848784878733e-01 3.690369036903690114e-01 7.266726672667266351e-01 5.547554755475547772e-01 4.410441044104410624e-01 6.720672067206721056e-01 4.965496549654965230e-01 3.531353135313531344e-01
7.011701170117011772e-01 5.211521152115211608e-01 3.786378637863786478e-01 6.597659765976597868e-01 4.569456945694569394e-01 3.213321332133213248e-01 7.188718871887188611e-01 5.124512451245124556e-01 3.906390639063906378e-01 6.792679267926792219e-01 4.752475247524752255e-01 3.423342334233423490e-01
6.924692469246924720e-01 4.839483948394839308e-01 3.810381038103810569e-01 6.576657665766576510e-01 4.500450045004500410e-01 3.276327632763276210e-01 6.819681968196820154e-01 5.067506750675067062e-01 3.816381638163816592e-01 6.939693969396939499e-01 5.028502850285028192e-01 3.948394839483948537e-01
6.555655565556555153e-01 4.434443444344434715e-01 3.339333933393339171e-01 6.456645664566457166e-01 4.386438643864386533e-01 3.066306630663066524e-01 6.570657065706571043e-01 4.647464746474647690e-01 3.273327332733273476e-01 6.153615361536153294e-01 4.251425142514251299e-01 3.015301530153015053e-01
6.666666666666666297e-01 4.737473747374737476e-01 3.438343834383438269e-01 6.447644764476447854e-01 4.296429642964296192e-01 3.087308730873087326e-01 6.129612961296129203e-01 4.074407440744074460e-01 2.778277827782778542e-01 6.558655865586558997e-01 4.500450045004500410e-01 3.258325832583258141e-01
6.363636363636363535e-01 4.149414941494149467e-01 3.102310231023102105e-01 6.456645664566457166e-01 4.437443744374437449e-01 3.285328532853285521e-01 5.994599459945995079e-01 3.726372637263726251e-01 2.574257425742574323e-01 6.537653765376537640e-01 4.404440444044404601e-01 3.321332133213321103e-01
6.165616561656165340e-01 3.954395439543954560e-01 2.871287128712871062e-01 6.114611461146114424e-01 3.789378937893789212e-01 2.721272127212721048e-01 5.619561956195620045e-01 3.507350735073507253e-01 2.598259825982598414e-01 5.874587458745874624e-01 3.714371437143714205e-01 2.646264626462646041e-01
5.871587158715871890e-01 3.705370537053705449e-01 2.493249324932493294e-01 5.694569456945695052e-01 3.537353735373537367e-01 2.394239423942394196e-01 6.156615661566157138e-01 3.939393939393939226e-01 2.643264326432643307e-01 6.159615961596159872e-01 4.119411941194119353e-01 3.144314431443144264e-01
5.835583558355835754e-01 3.699369936993699426e-01 2.565256525652565012e-01 6.399639963996399672e-01 4.263426342634263344e-01 3.147314731473147553e-01 5.991599159915991235e-01 3.882388238823882287e-01 2.718271827182718314e-01 5.685568556855685740e-01 3.444344434443444292e-01 2.217221722172217357e-01
5.586558655865586642e-01 3.450345034503450314e-01 2.484248424842484260e-01 5.883588358835883936e-01 3.537353735373537367e-01 2.532253225322532164e-01 6.243624362436243080e-01 4.125412541254125376e-01 2.835283528352835480e-01 5.787578757875787572e-01 3.642364236423642487e-01 2.673267326732673421e-01
5.694569456945695052e-01 3.438343834383438269e-01 2.382238223822382150e-01 5.634563456345634824e-01 3.519351935193519298e-01 2.382238223822382150e-01 5.613561356135613467e-01 3.363336333633363262e-01 2.421242124212421298e-01 5.595559555955595954e-01 3.504350435043504519e-01 2.334233423342334246e-01
5.319531953195320018e-01 3.192319231923192446e-01 2.118211821182118260e-01 5.559555955595559817e-01 3.348334833483348483e-01 2.211221122112211335e-01 5.439543954395439362e-01 3.261326132613261430e-01 2.229222922292229125e-01 5.505550555055505058e-01 3.252325232523252119e-01 2.328232823282328223e-01
5.685568556855685740e-01 3.429342934293429512e-01 2.334233423342334246e-01 5.229522952295229121e-01 3.135313531353135508e-01 2.082208220822082123e-01 5.406540654065407070e-01 3.453345334533453603e-01 2.202220222022202301e-01 5.619561956195620045e-01 3.336333633363336437e-01 2.178217821782178210e-01
5.412541254125412538e-01 3.156315631563156310e-01 2.043204320432043253e-01 5.277527752775277303e-01 3.063306330633063235e-01 2.169216921692169175e-01 5.088508850885088419e-01 3.003300330033003562e-01 1.893189318931893239e-01 4.860486048604860665e-01 2.733273327332733094e-01 1.980198019801980291e-01
5.235523552355235699e-01 3.045304530453045166e-01 1.947194719471947166e-01 5.208520852085208874e-01 2.991299129912991517e-01 1.944194419441944155e-01 5.262526252625262524e-01 3.000300030003000273e-01 2.034203420342034219e-01 5.112511251125112510e-01 3.072307230723072546e-01 2.067206720672067344e-01
4.884488448844884756e-01 2.832283228322832191e-01 1.962196219621962223e-01 4.851485148514851353e-01 2.814281428142814123e-01 1.860186018601860114e-01 5.295529552955295927e-01 3.120312031203120173e-01 2.241224122412241171e-01 4.914491449144914315e-01 2.793279327932793321e-01 1.791179117911791130e-01
4.959495949594959763e-01 2.868286828682868328e-01 2.046204620462046264e-01 5.097509750975097731e-01 3.027302730273027098e-01 2.205220522052205312e-01 5.349534953495349576e-01 3.207320732073207226e-01 2.238223822382238160e-01 4.968496849684968519e-01 2.844284428442844237e-01 1.941194119411941144e-01
4.725472547254725431e-01 2.742274227422742405e-01 1.722172217221722146e-01 4.605460546054605531e-01 2.547254725472547499e-01 1.752175217521752260e-01 4.737473747374737476e-01 2.547254725472547499e-01 1.896189618961896250e-01 4.923492349234923626e-01 2.637263726372637285e-01 1.818181818181818232e-01
4.536453645364536547e-01 2.454245424542454146e-01 1.791179117911791130e-01 4.869486948694869421e-01 2.568256825682568301e-01 1.806180618061806187e-01 4.692469246924692583e-01 2.478247824782478237e-01 1.770177017701770050e-01 4.776477647764776346e-01 2.577257725772577057e-01 1.764176417641764305e-01
4.878487848784878733e-01 2.691269126912691489e-01 1.911191119111911307e-01 4.587458745874587462e-01 2.586258625862586369e-01 1.788178817881788119e-01 4.512451245124512456e-01 2.367236723672367371e-01 1.566156615661566109e-01 4.482448244824482342e-01 2.358235823582358337e-01 1.662166216621662196e-01
4.764476447644764301e-01 2.805280528052805367e-01 1.893189318931893239e-01 4.434443444344434715e-01 2.562256225622562278e-01 1.707170717071707089e-01 4.284428442844284701e-01 2.289228922892289353e-01 1.671167116711671230e-01 4.671467146714671226e-01 2.655265526552655353e-01 1.812181218121812210e-01
4.770477047704770324e-01 2.892289228922892419e-01 1.992199219921992337e-01 4.206420642064206405e-01 2.358235823582358337e-01 1.533153315331533262e-01 4.275427542754275390e-01 2.448244824482448123e-01 1.668166816681668219e-01 4.638463846384638378e-01 2.673267326732673421e-01 1.737173717371737203e-01
4.518451845184518478e-01 2.382238223822382150e-01 1.716171617161716123e-01 4.776477647764776346e-01 2.730273027302730360e-01 1.869186918691869148e-01 4.563456345634563371e-01 2.556255625562556255e-01 1.800180018001800164e-01 4.206420642064206405e-01 2.247224722472247194e-01 1.518151815181518205e-01
4.194419441944194360e-01 2.319231923192319189e-01 1.599159915991599235e-01 4.299429942994299481e-01 2.373237323732373116e-01 1.659165916591659184e-01 4.110411041104110597e-01 2.010201020102010128e-01 1.566156615661566109e-01 4.467446744674467562e-01 2.430243024302430332e-01 1.716171617161716123e-01
4.146414641464146178e-01 2.112211221122112237e-01 1.509150915091509171e-01 4.356435643564356419e-01 2.421242124212421298e-01 1.647164716471647139e-01 3.981398139813981385e-01 2.187218721872187244e-01 1.545154515451545030e-01 4.236423642364236519e-01 2.286228622862286342e-01 1.638163816381638105e-01
4.086408640864086506e-01 2.109210921092109225e-01 1.611161116111611280e-01 4.245424542454245276e-01 2.325232523252325212e-01 1.710171017101710100e-01 4.218421842184218451e-01 2.400240024002400219e-01 1.557155715571557075e-01 4.278427842784278679e-01 2.418241824182418287e-01 1.578157815781578155e-01
3.990399039903990142e-01 2.187218721872187244e-01 1.638163816381638105e-01 4.191419141914191626e-01 2.070207020702070078e-01 1.581158115811581166e-01 3.861386138613861485e-01 1.941194119411941144e-01 1.521152115211521216e-01 3.939393939393939226e-01 2.118211821182118260e-01 1.623162316231623048e-01
3.825382538253825349e-01 1.917191719171917330e-01 1.560156015601560087e-01 3.840384038403840128e-01 2.007200720072007116e-01 1.479147914791479057e-01 4.002400240024002187e-01 2.136213621362136328e-01 1.572157215721572132e-01 3.723372337233723517e-01 1.830183018301830278e-01 1.464146414641464278e-01
3.789378937893789212e-01 2.025202520252025185e-01 1.392139213921392005e-01 4.152415241524152201e-01 2.220222022202220091e-01 1.674167416741674241e-01 3.957395739573957294e-01 2.214221422142214346e-01 1.530153015301530250e-01 3.876387638763876264e-01 2.145214521452145084e-01 1.398139813981398027e-01
3.645364536453645221e-01 1.887188718871887216e-01 1.368136813681368191e-01 3.696369636963696137e-01 2.016201620162016150e-01 1.347134713471347112e-01 3.795379537953795235e-01 1.995199519951995071e-01 1.575157515751575144e-01 3.777377737773777167e-01 1.938193819381938132e-01 1.428142814281428141e-01
3.744374437443744319e-01 1.914191419141914319e-01 1.338133813381338078e-01 3.639363936393639198e-01 1.968196819681968246e-01 1.500150015001500137e-01 3.648364836483648510e-01 1.914191419141914319e-01 1.497149714971497125e-01 4.005400540054005476e-01 2.205220522052205312e-01 1.512151215121512182e-01
3.645364536453645221e-01 1.779177917791779084e-01 1.395139513951395016e-01 3.762376237623762387e-01 1.833183318331833289e-01 1.464146414641464278e-01 3.303330333033303590e-01 1.806180618061806187e-01 1.326132613261326032e-01 3.654365436543654533e-01 1.941194119411941144e-01 1.326132613261326032e-01
3.480348034803480428e-01 1.848184818481848068e-01 1.392139213921392005e-01 3.417341734173417467e-01 1.764176417641764305e-01 1.311131113111311253e-01 3.489348934893489185e-01 1.986198619861986314e-01 1.353135313531353134e-01 3.651365136513651244e-01 1.908190819081908296e-01 1.491149114911491103e-01
3.504350435043504519e-01 1.788178817881788119e-01 1.299129912991299207e-01 3.231323132313231317e-01 1.827182718271827266e-01 1.227122712271227073e-01 3.462346234623462360e-01 1.950195019501950178e-01 1.395139513951395016e-01 3.390339033903390087e-01 1.833183318331833289e-01 1.353135313531353134e-01
3.486348634863486451e-01 1.899189918991899262e-01 1.440144014401440187e-01 3.687368736873687380e-01 1.899189918991899262e-01 1.428142814281428141e-01 3.375337533753375308e-01 1.788178817881788119e-01 1.377137713771377225e-01 3.591359135913591571e-01 1.902190219021902273e-01 1.374137413741374214e-01
3.345334533453345194e-01 1.863186318631863125e-01 1.305130513051305230e-01 3.411341134113411444e-01 1.743174317431743225e-01 1.293129312931293184e-01 3.426342634263426223e-01 1.896189618961896250e-01 1.452145214521452232e-01 3.504350435043504519e-01 1.836183618361836301e-01 1.338133813381338078e-01
3.750375037503750342e-01 1.902190219021902273e-01 1.419141914191419107e-01 3.030303030303030387e-01 1.611161116111611280e-01 1.266126612661266082e-01 3.123312331233123462e-01 1.737173717371737203e-01 1.374137413741374214e-01 3.129312931293129485e-01 1.644164416441644128e-01 1.305130513051305230e-01
3.318331833183318369e-01 1.692169216921692032e-01 1.308130813081308241e-01 3.246324632463246096e-01 1.734173417341734191e-01 1.368136813681368191e-01 3.192319231923192446e-01 1.932193219321932109e-01 1.479147914791479057e-01 3.039303930393039144e-01 1.656165616561656173e-01 1.404140414041404050e-01
3.102310231023102105e-01 1.662166216621662196e-01 1.275127512751275116e-01 3.108310831083108128e-01 1.665166516651665207e-01 1.359135913591359157e-01 3.033303330333033121e-01 1.602160216021602246e-01 1.509150915091509171e-01 3.387338733873387353e-01 1.947194719471947166e-01 1.362136213621362169e-01
3.375337533753375308e-01 1.662166216621662196e-01 1.308130813081308241e-01 3.081308130813081303e-01 1.590159015901590200e-01 1.329132913291329043e-01 3.201320132013201203e-01 1.734173417341734191e-01 1.443144314431443198e-01 3.087308730873087326e-01 1.545154515451545030e-01 1.272127212721272105e-01
3.189318931893189157e-01 1.689168916891689298e-01 1.344134413441344100e-01 3.078307830783078569e-01 1.581158115811581166e-01 1.329132913291329043e-01 3.285328532853285521e-01 1.722172217221722146e-01 1.383138313831383248e-01 3.255325532553255408e-01 1.596159615961596223e-01 1.236123612361236107e-01
3.282328232823282232e-01 1.743174317431743225e-01 1.368136813681368191e-01 2.922292229222922533e-01 1.632163216321632082e-01 1.209120912091209143e-01 2.835283528352835480e-01 1.560156015601560087e-01 1.353135313531353134e-01 3.150315031503150287e-01 1.659165916591659184e-01 1.347134713471347112e-01
2.757275727572757185e-01 1.674167416741674241e-01 1.284128412841284150e-01 3.147314731473147553e-01 1.605160516051605257e-01 1.311131113111311253e-01 3.120312031203120173e-01 1.626162616261626059e-01 1.407140714071407062e-01 2.982298229822982205e-01 1.473147314731473034e-01 1.254125412541254037e-01
3.093309330933093348e-01 1.665166516651665207e-01 1.134113411341134137e-01 2.919291929192919244e-01 1.632163216321632082e-01 1.287128712871287162e-01 2.766276627662766496e-01 1.383138313831383248e-01 1.212121212121212155e-01 2.985298529852985494e-01 1.620162016201620037e-01 1.395139513951395016e-01
3.201320132013201203e-01 1.731173117311731180e-01 1.353135313531353134e-01 2.703270327032703535e-01 1.506150615061506159e-01 1.362136213621362169e-01 2.943294329432943335e-01 1.413141314131413084e-01 1.191119111911191075e-01 3.009300930093009030e-01 1.539153915391539285e-01 1.317131713171316998e-01
2.832283228322832191e-01 1.464146414641464278e-01 1.137113711371137148e-01 3.060306030603060501e-01 1.629162916291629071e-01 1.236123612361236107e-01 2.883288328832883107e-01 1.527152715271527239e-01 1.398139813981398027e-01 2.712271227122712292e-01 1.536153615361536273e-01 1.326132613261326032e-01
2.889288928892889130e-01 1.653165316531653162e-01 1.230123012301230084e-01 2.760276027602760474e-01 1.410141014101410073e-01 1.233123312331233096e-01 3.150315031503150287e-01 1.557155715571557075e-01 1.350135013501350123e-01 2.931293129312931289e-01 1.482148214821482068e-01 1.278127812781278128e-01
2.736273627362736383e-01 1.560156015601560087e-01 1.293129312931293184e-01 2.787278727872787298e-01 1.533153315331533262e-01 1.284128412841284150e-01 2.958295829582958114e-01 1.536153615361536273e-01 1.416141614161416096e-01 2.610261026102610460e-01 1.464146414641464278e-01 1.335133513351335066e-01
2.571257125712571034e-01 1.515151515151515194e-01 1.230123012301230084e-01 2.703270327032703535e-01 1.476147614761476046e-01 1.299129912991299207e-01 2.790279027902790032e-01 1.590159015901590200e-01 1.338133813381338078e-01 2.583258325832583080e-01 1.461146114611461266e-01 1.284128412841284150e-01
2.880288028802880373e-01 1.602160216021602246e-01 1.245124512451245141e-01 3.021302130213021075e-01 1.650165016501650150e-01 1.311131113111311253e-01 2.700270027002700246e-01 1.551155115511551053e-01 1.332133213321332055e-01 2.655265526552655353e-01 1.350135013501350123e-01 1.266126612661266082e-01
2.643264326432643307e-01 1.410141014101410073e-01 1.215121512151215166e-01 2.730273027302730360e-01 1.587158715871587189e-01 1.179117911791179169e-01 2.892289228922892419e-01 1.641164116411641116e-01 1.383138313831383248e-01 2.595259525952595125e-01 1.602160216021602246e-01 1.314131413141314264e-01
2.691269126912691489e-01 1.401140114011401039e-01 1.200120012001200109e-01 2.754275427542754451e-01 1.437143714371437175e-01 1.203120312031203121e-01 2.382238223822382150e-01 1.407140714071407062e-01 1.203120312031203121e-01 2.619261926192619216e-01 1.455145514551455244e-01 1.290129012901290173e-01
2.610261026102610460e-01 1.506150615061506159e-01 1.302130213021302219e-01 2.664266426642664110e-01 1.446144614461446209e-01 1.194119411941194087e-01 2.763276327632763207e-01 1.389138913891389271e-01 1.263126312631263071e-01 2.703270327032703535e-01 1.410141014101410073e-01 1.365136513651365180e-01
2.502250225022502050e-01 1.515151515151515194e-01 1.296129612961296196e-01 2.664266426642664110e-01 1.377137713771377225e-01 1.233123312331233096e-01 2.601260126012601148e-01 1.431143114311431153e-01 1.311131113111311253e-01 2.613261326132613194e-01 1.443144314431443198e-01 1.341134113411341089e-01
2.283228322832283330e-01 1.248124812481248153e-01 1.230123012301230084e-01 2.670267026702670132e-01 1.602160216021602246e-01 1.290129012901290173e-01 2.385238523852385162e-01 1.410141014101410073e-01 1.257125712571257048e-01 2.334233423342334246e-01 1.449144914491449221e-01 1.260126012601260059e-01
2.562256225622562278e-01 1.473147314731473034e-01 1.338133813381338078e-01 2.508250825082508073e-01 1.302130213021302219e-01 1.215121512151215166e-01 2.529252925292529430e-01 1.413141314131413084e-01 1.266126612661266082e-01 2.439243924392439367e-01 1.443144314431443198e-01 1.353135313531353134e-01
2.445244524452445112e-01 1.368136813681368191e-01 1.320132013201320009e-01 2.319231923192319189e-01 1.437143714371437175e-01 1.257125712571257048e-01 2.415241524152415276e-01 1.374137413741374214e-01 1.278127812781278128e-01 2.280228022802280319e-01 1.371137113711371203e-01 1.200120012001200109e-01
2.154215421542154119e-01 1.287128712871287162e-01 1.125112511251125103e-01 2.439243924392439367e-01 1.440144014401440187e-01 1.221122112211221189e-01 2.403240324032403230e-01 1.344134413441344100e-01 1.293129312931293184e-01 2.292229222922292364e-01 1.422142214221422118e-01 1.251125112511251025e-01
2.430243024302430332e-01 1.440144014401440187e-01 1.251125112511251025e-01 2.478247824782478237e-01 1.410141014101410073e-01 1.191119111911191075e-01 2.352235223522352314e-01 1.329132913291329043e-01 1.368136813681368191e-01 2.448244824482448123e-01 1.410141014101410073e-01 1.335133513351335066e-01
2.061206120612061321e-01 1.416141614161416096e-01 1.248124812481248153e-01 2.169216921692169175e-01 1.308130813081308241e-01 1.344134413441344100e-01 2.403240324032403230e-01 1.374137413741374214e-01 1.245124512451245141e-01 2.232223222322232137e-01 1.437143714371437175e-01 1.233123312331233096e-01
2.094209420942094169e-01 1.407140714071407062e-01 1.260126012601260059e-01 2.319231923192319189e-01 1.332133213321332055e-01 1.227122712271227073e-01 2.346234623462346292e-01 1.296129612961296196e-01 1.284128412841284150e-01 2.400240024002400219e-01 1.413141314131413084e-01 1.305130513051305230e-01
2.334233423342334246e-01 1.422142214221422118e-01 1.227122712271227073e-01 2.373237323732373116e-01 1.386138613861386260e-01 1.341134113411341089e-01 2.265226522652265262e-01 1.524152415241524228e-01 1.233123312331233096e-01 2.352235223522352314e-01 1.374137413741374214e-01 1.371137113711371203e-01
2.244224422442244182e-01 1.362136213621362169e-01 1.212121212121212155e-01 2.133213321332133316e-01 1.338133813381338078e-01 1.242124212421242130e-01 2.217221722172217357e-01 1.473147314731473034e-01 1.257125712571257048e-01 2.286228622862286342e-01 1.458145814581458255e-01 1.344134413441344100e-01
2.190219021902190255e-01 1.362136213621362169e-01 1.176117611761176157e-01 2.325232523252325212e-01 1.332133213321332055e-01 1.233123312331233096e-01 2.334233423342334246e-01 1.395139513951395016e-01 1.353135313531353134e-01 2.151215121512151107e-01 1.416141614161416096e-01 1.185118511851185052e-01
2.019201920192019162e-01 1.359135913591359157e-01 1.275127512751275116e-01 2.238223822382238160e-01 1.350135013501350123e-01 1.377137713771377225e-01 2.181218121812181221e-01 1.308130813081308241e-01 1.149114911491149055e-01 2.262226222622262251e-01 1.386138613861386260e-01 1.092109210921092116e-01
2.070207020702070078e-01 1.365136513651365180e-01 1.251125112511251025e-01 2.172217221722172187e-01 1.458145814581458255e-01 1.302130213021302219e-01 2.136213621362136328e-01 1.362136213621362169e-01 1.233123312331233096e-01 2.094209420942094169e-01 1.362136213621362169e-01 1.188118811881188064e-01
