1.003300330033003007e+00 9.906990699069907480e-01 9.933993399339930974e-01 9.561956195619563115e-01
9.774977497749766098e-01 9.765976597659749014e-01 9.282928292829268901e-01 1.016801680168015531e+00
9.933993399339935415e-01 1.018301830183016898e+00 1.013501350135013412e+00 9.804980498049796767e-01
9.639963996399631974e-01 1.012301230123012097e+00 9.777977797779775493e-01 9.924992499249912781e-01
9.963996399639961643e-01 9.912991299129910727e-01 9.519951995199513739e-01 1.021302130213020742e+00
9.651965196519642909e-01 9.744974497449733208e-01 9.885988598859877241e-01 9.825982598259820344e-01
1.000600060006000103e+00 1.032403240324031968e+00 1.037803780378037333e+00 9.342934293429334680e-01
1.011701170117011106e+00 9.087908790879080101e-01 9.720972097209712448e-01 9.420942094209414641e-01
1.004200420042003605e+00 9.927992799279923286e-01 9.072907290729068652e-01 9.309930993099302388e-01
9.252925292529247114e-01 9.699969996999701083e-01 9.576957695769565682e-01 9.327932793279325452e-01
9.120912091209116834e-01 9.753975397539741410e-01 9.726972697269716805e-01 1.006300630063006185e+00
1.007800780078007108e+00 9.546954695469547225e-01 9.597959795979595921e-01 9.933993399339930974e-01
9.501950195019500667e-01 9.579957995799575077e-01 9.999999999999986677e-01 9.708970897089710395e-01
9.471947194719472218e-01 1.030903090309031045e+00 9.189918991899185263e-01 9.366936693669359881e-01
9.366936693669363212e-01 9.495949594959495199e-01 9.567956795679558590e-01 8.796879687968790495e-01
9.186918691869174758e-01 9.297929792979291452e-01 1.009900990099009910e+00 9.543954395439537830e-01
1.006600660066006458e+00 9.504950495049503401e-01 9.072907290729079754e-01 9.681968196819684680e-01
9.702970297029698266e-01 9.276927692769278977e-01 9.042904290429039094e-01 8.721872187218714378e-01
9.225922592259225841e-01 9.540954095409540647e-01 8.943894389438939996e-01 9.432943294329435568e-01
9.744974497449742090e-01 9.342934293429339121e-01 9.378937893789378588e-01 9.720972097209717999e-01
9.504950495049500070e-01 9.696969696969699459e-01 8.934893489348934015e-01 9.126912691269126743e-01
8.991899189918990398e-01 8.865886588658863365e-01 9.294929492949289829e-01 9.264926492649263601e-01
8.973897389738971775e-01 9.555955595559553206e-01 9.045904590459047379e-01 8.940894089408939482e-01
8.892889288928889080e-01 9.570957095709572426e-01 9.189918991899181933e-01 9.108910891089108119e-01
9.150915091509153054e-01 8.727872787278728728e-01 9.171917191719171081e-01 8.607860786078607163e-01
8.499849984998502084e-01 8.844884488448846449e-01 8.763876387638762644e-01 9.087908790879086762e-01
9.102910291029103762e-01 8.364836483648361298e-01 8.061806180618060758e-01 9.027902790279028755e-01
8.811881188118808605e-01 8.811881188118814157e-01 8.148814881488147810e-01 8.361836183618363005e-01
8.517851785178520707e-01 8.595859585958594007e-01 8.820882088208820138e-01 8.187818781878186680e-01
8.118811881188118251e-01 7.971797179717976523e-01 8.766876687668772039e-01 8.154815481548153278e-01
8.319831983198321401e-01 8.415841584158416655e-01 8.664866486648666877e-01 8.313831383138313713e-01
7.671767176717670944e-01 7.926792679267925523e-01 8.466846684668468681e-01 8.676867686768678922e-01
8.037803780378038887e-01 8.709870987098714545e-01 8.412841284128419472e-01 8.361836183618365226e-01
8.472847284728469708e-01 7.791779177917793620e-01 8.001800180018002751e-01 8.034803480348035043e-01
7.770777077707768932e-01 7.323732373237322735e-01 7.656765676567656165e-01 7.860786078607855387e-01
7.626762676267626606e-01 7.077707770777081908e-01 7.149714971497147520e-01 7.632763276327632074e-01
8.124812481248132601e-01 8.007800780078010439e-01 7.821782178217819848e-01 7.395739573957398338e-01
7.224722472247226968e-01 7.437743774377437722e-01 7.866786678667868626e-01 7.827782778277830866e-01
7.611761176117611827e-01 7.452745274527455832e-01 6.927692769276925233e-01 7.488748874887493079e-01
7.542754275427543398e-01 7.470747074707476676e-01 7.011701170117010662e-01 7.158715871587156832e-01
7.047704770477044578e-01 7.944794479447946367e-01 7.281728172817284461e-01 7.086708670867088999e-01
7.284728472847288305e-01 6.978697869786978369e-01 7.170717071707172208e-01 7.143714371437143162e-01
6.684668466846684920e-01 7.470747074707470015e-01 6.759675967596756596e-01 6.591659165916592400e-01
6.642664266426643316e-01 6.387638763876388737e-01 6.975697569756976746e-01 6.945694569456949408e-01
6.828682868286829466e-01 6.513651365136515770e-01 6.699669966996703030e-01 6.912691269126909344e-01
6.993699369936993149e-01 7.251725172517250462e-01 5.817581758175817130e-01 6.465646564656467588e-01
6.288628862886290749e-01 6.270627062706273236e-01 5.862586258625860358e-01 6.720672067206718836e-01
6.447644764476451185e-01 5.439543954395440473e-01 5.931593159315932118e-01 6.024602460246026858e-01
6.201620162016204807e-01 6.792679267926795550e-01 6.138613861386139625e-01 6.441644164416439056e-01
5.751575157515752545e-01 6.297629762976300061e-01 6.042604260426043261e-01 6.342634263426343288e-01
6.963696369636964700e-01 5.523552355235522571e-01 5.532553255325532993e-01 5.760576057605764078e-01
6.186618661866191138e-01 5.904590459045903073e-01 5.259525952595260900e-01 5.553555355535554350e-01
5.595559555955597064e-01 5.688568856885689584e-01 5.802580258025804572e-01 5.682568256825686337e-01
6.447644764476450074e-01 5.802580258025806792e-01 5.844584458445847286e-01 5.898589858985900936e-01
5.844584458445845065e-01 5.820582058205825415e-01 6.072607260726075040e-01 6.213621362136214632e-01
5.985598559855986878e-01 5.079507950795081328e-01 5.178517851785181536e-01 5.820582058205820974e-01
4.533453345334533258e-01 5.937593759375938696e-01 5.889588958895891624e-01 5.781578157815783214e-01
5.418541854185419115e-01 5.148514851485153088e-01 5.361536153615363842e-01 5.490549054905492499e-01
5.763576357635765701e-01 4.953495349534955405e-01 5.781578157815783214e-01 5.727572757275728454e-01
5.241524152415238946e-01 5.529552955295530259e-01 5.466546654665468408e-01 4.854485448544857973e-01
4.938493849384937850e-01 5.283528352835284991e-01 6.129612961296133644e-01 5.625562556255626623e-01
4.821482148214825680e-01 5.046504650465046815e-01 5.682568256825683006e-01 4.773477347734774723e-01
4.398439843984397468e-01 4.980498049804982785e-01 4.938493849384938406e-01 4.650465046504650424e-01
5.079507950795083548e-01 5.424542454245423473e-01 4.779477947794781301e-01 5.181518151815183160e-01
4.914491449144914870e-01 4.608460846084608820e-01 5.136513651365137711e-01 4.293429342934294568e-01
5.070507050705072016e-01 5.154515451545157445e-01 4.128412841284126999e-01 4.782478247824783479e-01
4.614461446144617063e-01 4.848484848484847509e-01 5.385538553855385713e-01 5.244524452445246121e-01
4.257425742574255656e-01 5.094509450945096107e-01 4.821482148214820129e-01 4.851485148514852463e-01
4.335433543354335062e-01 4.494449444944494942e-01 4.182418241824183425e-01 3.915391539153916245e-01
4.605460546054606086e-01 4.833483348334833285e-01 4.614461446144614842e-01 4.341434143414342750e-01
4.551455145514551881e-01 3.903390339033904199e-01 4.401440144014402978e-01 3.927392739273929956e-01
3.726372637263726251e-01 4.218421842184220671e-01 4.470447044704471407e-01 3.861386138613862040e-01
4.221422142214223405e-01 4.395439543954396400e-01 4.437443744374442445e-01 4.449444944494448939e-01
3.183318331833183690e-01 3.927392739273928846e-01 4.332433243324332328e-01 3.618361836183618951e-01
3.321332133213320548e-01 4.188418841884188892e-01 4.434443444344437490e-01 4.266426642664266633e-01
3.963396339633962207e-01 4.302430243024299994e-01 3.456345634563456892e-01 4.305430543054306614e-01
3.858385838583857641e-01 3.627362736273627708e-01 3.489348934893490295e-01 3.828382838283828637e-01
3.660366036603660000e-01 4.212421242124214094e-01 4.170417041704171379e-01 3.390339033903388977e-01
3.255325532553255408e-01 4.041404140414043833e-01 3.768376837683769520e-01 3.720372037203720783e-01
3.366336633663365996e-01 3.444344434443444847e-01 3.555355535553555435e-01 3.384338433843381844e-01
