8.000000000000000000e+00 8.000000000000000000e+00 8.000000000000000000e+00 8.000000000000000000e+00
2.400000000000000000e+01 2.400000000000000000e+01 2.400000000000000000e+01 2.200000000000000000e+01
4.000000000000000000e+01 3.400000000000000000e+01 4.000000000000000000e+01 3.200000000000000000e+01
5.000000000000000000e+01 5.400000000000000000e+01 5.400000000000000000e+01 5.200000000000000000e+01
6.400000000000000000e+01 6.800000000000000000e+01 7.000000000000000000e+01 7.000000000000000000e+01
8.200000000000000000e+01 8.400000000000000000e+01 8.400000000000000000e+01 8.600000000000000000e+01
9.000000000000000000e+01 1.000000000000000000e+02 9.400000000000000000e+01 9.800000000000000000e+01
1.100000000000000000e+02 1.120000000000000000e+02 1.160000000000000000e+02 1.180000000000000000e+02
1.280000000000000000e+02 1.300000000000000000e+02 1.300000000000000000e+02 1.220000000000000000e+02
1.380000000000000000e+02 1.440000000000000000e+02 1.380000000000000000e+02 1.380000000000000000e+02
1.600000000000000000e+02 1.620000000000000000e+02 1.620000000000000000e+02 1.520000000000000000e+02
1.760000000000000000e+02 1.760000000000000000e+02 1.760000000000000000e+02 1.660000000000000000e+02
1.860000000000000000e+02 1.920000000000000000e+02 1.880000000000000000e+02 1.920000000000000000e+02
2.040000000000000000e+02 2.020000000000000000e+02 2.020000000000000000e+02 2.040000000000000000e+02
2.200000000000000000e+02 2.140000000000000000e+02 2.240000000000000000e+02 2.160000000000000000e+02
2.260000000000000000e+02 2.200000000000000000e+02 2.300000000000000000e+02 2.300000000000000000e+02
2.460000000000000000e+02 2.460000000000000000e+02 2.500000000000000000e+02 2.460000000000000000e+02
2.700000000000000000e+02 2.660000000000000000e+02 2.620000000000000000e+02 2.660000000000000000e+02
2.860000000000000000e+02 2.780000000000000000e+02 2.780000000000000000e+02 2.800000000000000000e+02
2.920000000000000000e+02 2.900000000000000000e+02 2.960000000000000000e+02 2.860000000000000000e+02
3.040000000000000000e+02 3.100000000000000000e+02 3.040000000000000000e+02 3.040000000000000000e+02
3.220000000000000000e+02 3.260000000000000000e+02 3.180000000000000000e+02 3.320000000000000000e+02
3.340000000000000000e+02 3.300000000000000000e+02 3.360000000000000000e+02 3.340000000000000000e+02
3.380000000000000000e+02 3.480000000000000000e+02 3.540000000000000000e+02 3.520000000000000000e+02
3.740000000000000000e+02 3.740000000000000000e+02 3.640000000000000000e+02 3.660000000000000000e+02
3.880000000000000000e+02 3.740000000000000000e+02 3.880000000000000000e+02 3.840000000000000000e+02
3.900000000000000000e+02 3.940000000000000000e+02 3.960000000000000000e+02 3.980000000000000000e+02
4.120000000000000000e+02 4.140000000000000000e+02 4.020000000000000000e+02 4.120000000000000000e+02
4.220000000000000000e+02 4.240000000000000000e+02 4.400000000000000000e+02 4.340000000000000000e+02
4.420000000000000000e+02 4.460000000000000000e+02 4.520000000000000000e+02 4.440000000000000000e+02
4.520000000000000000e+02 4.540000000000000000e+02 4.600000000000000000e+02 4.660000000000000000e+02
4.740000000000000000e+02 4.680000000000000000e+02 4.600000000000000000e+02 4.880000000000000000e+02
4.800000000000000000e+02 4.880000000000000000e+02 4.880000000000000000e+02 4.940000000000000000e+02
4.940000000000000000e+02 5.020000000000000000e+02 5.000000000000000000e+02 5.020000000000000000e+02
5.220000000000000000e+02 5.140000000000000000e+02 5.040000000000000000e+02 5.300000000000000000e+02
5.320000000000000000e+02 5.360000000000000000e+02 5.300000000000000000e+02 5.360000000000000000e+02
5.560000000000000000e+02 5.520000000000000000e+02 5.540000000000000000e+02 5.500000000000000000e+02
5.700000000000000000e+02 5.640000000000000000e+02 5.560000000000000000e+02 5.480000000000000000e+02
5.700000000000000000e+02 5.820000000000000000e+02 5.760000000000000000e+02 5.800000000000000000e+02
5.880000000000000000e+02 5.900000000000000000e+02 5.880000000000000000e+02 5.960000000000000000e+02
