8.166816681668166433e-01 7.440744074407440456e-01 6.888688868886888583e-01 8.220822082208221193e-01 7.482748274827483170e-01 6.852685268526852447e-01 8.130813081308130297e-01 7.329732973297329313e-01 6.966696669666966324e-01 8.271827182718272109e-01 7.419741974197420209e-01 6.678667866786678342e-01
6.576657665766576510e-01 5.151515151515151381e-01 3.753375337533753631e-01 7.035703570357035863e-01 5.256525652565257056e-01 4.371437143714371198e-01 6.936693669366936765e-01 5.220522052205220920e-01 4.056405640564056392e-01 6.735673567356735836e-01 5.046504650465046815e-01 3.873387338733873531e-01
5.814581458145814397e-01 3.855385538553855462e-01 2.382238223822382150e-01 6.090609060906090333e-01 4.167416741674167535e-01 2.907290729072907198e-01 6.054605460546054196e-01 4.050405040504050369e-01 2.847284728472847526e-01 5.799579957995799617e-01 3.918391839183918424e-01 2.625262526252625239e-01
4.842484248424842597e-01 2.784278427842784009e-01 1.521152115211521216e-01 5.199519951995199563e-01 2.940294029402940046e-01 1.779177917791779084e-01 5.841584158415841221e-01 4.095409540954095262e-01 2.658265826582658087e-01 5.763576357635763481e-01 3.711371137113711471e-01 2.397239723972397207e-01
4.446444644464446205e-01 2.358235823582358337e-01 1.182118211821182180e-01 4.062406240624062415e-01 2.079207920792079112e-01 1.080108010801080071e-01 3.861386138613861485e-01 1.806180618061806187e-01 8.460846084608460160e-02 4.296429642964296192e-01 1.974197419741974269e-01 1.023102310231023132e-01
3.594359435943594305e-01 1.605160516051605257e-01 6.960696069606960024e-02 3.459345934593459071e-01 1.566156615661566109e-01 7.140714071407140706e-02 3.597359735973597594e-01 1.575157515751575144e-01 7.110711071107110592e-02 3.594359435943594305e-01 1.452145214521452232e-01 5.820582058205820558e-02
3.543354335433543389e-01 1.689168916891689298e-01 7.320732073207321389e-02 3.414341434143414178e-01 1.317131713171316998e-01 5.820582058205820558e-02 3.045304530453045166e-01 1.236123612361236107e-01 4.560456045604560638e-02 2.910291029102910487e-01 1.056105610561056118e-01 3.930393039303930330e-02
2.874287428742874351e-01 1.122112211221122091e-01 4.350435043504350535e-02 2.439243924392439367e-01 8.340834083408341093e-02 3.180318031803180262e-02 1.941194119411941144e-01 5.670567056705670683e-02 1.470147014701470196e-02 2.328232823282328223e-01 7.140714071407140706e-02 2.250225022502250205e-02
1.929192919291929098e-01 4.950495049504950729e-02 1.320132013201320148e-02 2.004200420042004105e-01 5.130513051305130717e-02 2.130213021302130097e-02 2.586258625862586369e-01 8.970897089708970706e-02 3.120312031203120381e-02 1.926192619261926087e-01 4.770477047704770740e-02 1.980198019801980222e-02
2.145214521452145084e-01 5.640564056405640569e-02 1.920192019201920341e-02 1.809180918091809198e-01 5.220522052205220365e-02 1.380138013801380202e-02 1.956195619561956200e-01 4.920492049204920615e-02 1.560156015601560191e-02 1.539153915391539285e-01 3.510351035103510126e-02 1.110111011101110046e-02
1.350135013501350123e-01 2.310231023102310086e-02 7.200720072007200413e-03 1.497149714971497125e-01 3.990399039903990558e-02 1.050105010501050165e-02 1.356135613561356146e-01 2.640264026402640296e-02 9.000900090009001167e-03 1.329132913291329043e-01 3.960396039603960444e-02 8.100810081008101224e-03
9.720972097209720775e-02 1.530153015301530077e-02 5.100510051005100257e-03 1.152115211521152066e-01 2.220222022202220091e-02 9.000900090009001167e-03 1.197119711971197098e-01 1.890189018901890228e-02 7.200720072007200413e-03 1.221122112211221189e-01 2.100210021002100330e-02 7.800780078007800954e-03
1.113111311131113057e-01 2.310231023102310086e-02 5.700570057005700797e-03 9.720972097209720775e-02 1.440144014401440083e-02 2.400240024002400427e-03 1.575157515751575144e-01 3.600360036003600467e-02 1.200120012001200040e-02 9.510951095109511366e-02 1.590159015901590131e-02 5.100510051005100257e-03
6.660666066606660274e-02 5.700570057005700797e-03 2.700270027002700263e-03 6.720672067206720501e-02 1.020102010201020051e-02 3.300330033003300370e-03 8.070807080708071457e-02 1.350135013501350088e-02 2.700270027002700263e-03 9.300930093009300570e-02 1.590159015901590131e-02 4.200420042004200313e-03
6.420642064206420752e-02 9.000900090009001167e-03 3.900390039003900477e-03 6.240624062406240763e-02 7.800780078007800954e-03 4.800480048004800854e-03 5.730573057305730911e-02 4.500450045004500584e-03 2.700270027002700263e-03 7.200720072007200934e-02 8.100810081008101224e-03 3.600360036003600207e-03
8.760876087608761298e-02 1.170117011701170100e-02 3.300330033003300370e-03 9.090909090909091161e-02 1.590159015901590131e-02 6.300630063006300470e-03 4.980498049804980842e-02 2.700270027002700263e-03 1.500150015001500050e-03 5.370537053705370240e-02 7.200720072007200413e-03 2.700270027002700263e-03
4.890489048904890501e-02 5.400540054005400527e-03 6.000600060006001067e-04 6.270627062706270183e-02 1.380138013801380202e-02 3.900390039003900477e-03 6.990699069906990137e-02 8.400840084008400627e-03 3.000300030003000100e-03 4.230423042304230080e-02 5.400540054005400527e-03 2.700270027002700263e-03
2.430243024302430194e-02 3.900390039003900477e-03 2.700270027002700263e-03 4.920492049204920615e-02 5.400540054005400527e-03 3.300330033003300370e-03 5.730573057305730911e-02 5.100510051005100257e-03 3.300330033003300370e-03 3.630363036303630581e-02 4.200420042004200313e-03 3.900390039003900477e-03
3.990399039903990558e-02 4.500450045004500584e-03 5.400540054005400527e-03 3.300330033003300023e-02 5.100510051005100257e-03 2.700270027002700263e-03 3.570357035703570353e-02 3.600360036003600207e-03 2.400240024002400427e-03 3.480348034803480012e-02 5.700570057005700797e-03 1.200120012001200213e-03
2.970297029702970160e-02 2.400240024002400427e-03 1.800180018001800103e-03 2.700270027002700177e-02 3.900390039003900477e-03 2.700270027002700263e-03 3.030303030303030387e-02 4.500450045004500584e-03 2.700270027002700263e-03 2.490249024902490421e-02 4.500450045004500584e-03 2.400240024002400427e-03
3.240324032403240490e-02 3.300330033003300370e-03 2.100210021002100157e-03 1.560156015601560191e-02 2.400240024002400427e-03 2.400240024002400427e-03 2.160216021602160211e-02 2.100210021002100157e-03 9.000900090009000517e-04 2.850285028502850398e-02 3.600360036003600207e-03 2.100210021002100157e-03
2.010201020102010336e-02 3.000300030003000100e-03 2.700270027002700263e-03 2.340234023402340199e-02 3.000300030003000100e-03 3.300330033003300370e-03 3.690369036903690114e-02 4.500450045004500584e-03 9.000900090009000517e-04 2.040204020402040103e-02 3.000300030003000100e-03 3.900390039003900477e-03
2.970297029702970160e-02 2.700270027002700263e-03 2.400240024002400427e-03 1.890189018901890228e-02 3.900390039003900477e-03 3.000300030003000534e-04 1.590159015901590131e-02 2.100210021002100157e-03 6.000600060006001067e-04 1.650165016501650012e-02 3.000300030003000100e-03 1.500150015001500050e-03
1.680168016801680125e-02 5.100510051005100257e-03 2.100210021002100157e-03 1.350135013501350088e-02 1.500150015001500050e-03 1.500150015001500050e-03 1.650165016501650012e-02 2.100210021002100157e-03 6.000600060006001067e-04 1.350135013501350088e-02 2.400240024002400427e-03 1.800180018001800103e-03
1.080108010801080105e-02 3.300330033003300370e-03 2.100210021002100157e-03 1.680168016801680125e-02 5.700570057005700797e-03 3.000300030003000534e-04 1.740174017401740006e-02 3.300330033003300370e-03 3.600360036003600207e-03 1.650165016501650012e-02 4.800480048004800854e-03 3.000300030003000100e-03
1.260126012601260094e-02 4.500450045004500584e-03 1.500150015001500050e-03 1.260126012601260094e-02 2.700270027002700263e-03 1.500150015001500050e-03 1.230123012301230154e-02 2.100210021002100157e-03 1.200120012001200213e-03 1.320132013201320148e-02 6.000600060006001067e-04 2.700270027002700263e-03
8.100810081008101224e-03 1.200120012001200213e-03 2.400240024002400427e-03 9.600960096009601707e-03 1.500150015001500050e-03 2.400240024002400427e-03 1.290129012901290208e-02 2.700270027002700263e-03 2.100210021002100157e-03 9.000900090009001167e-03 2.100210021002100157e-03 2.100210021002100157e-03
9.300930093009300570e-03 1.200120012001200213e-03 1.200120012001200213e-03 9.000900090009001167e-03 2.100210021002100157e-03 6.000600060006001067e-04 9.600960096009601707e-03 2.400240024002400427e-03 1.800180018001800103e-03 1.050105010501050165e-02 9.000900090009000517e-04 2.400240024002400427e-03
6.300630063006300470e-03 9.000900090009000517e-04 2.700270027002700263e-03 8.700870087008700030e-03 1.200120012001200213e-03 2.100210021002100157e-03 6.000600060006000200e-03 1.800180018001800103e-03 1.500150015001500050e-03 6.300630063006300470e-03 1.200120012001200213e-03 2.100210021002100157e-03
3.600360036003600207e-03 1.200120012001200213e-03 9.000900090009000517e-04 5.400540054005400527e-03 1.500150015001500050e-03 1.500150015001500050e-03 4.500450045004500584e-03 9.000900090009000517e-04 4.200420042004200313e-03 6.600660066006600740e-03 1.800180018001800103e-03 1.500150015001500050e-03
6.900690069006901010e-03 3.300330033003300370e-03 2.400240024002400427e-03 7.200720072007200413e-03 3.000300030003000100e-03 1.800180018001800103e-03 1.200120012001200040e-02 2.100210021002100157e-03 2.700270027002700263e-03 9.900990099009901110e-03 1.500150015001500050e-03 2.400240024002400427e-03
7.800780078007800954e-03 3.000300030003000100e-03 2.700270027002700263e-03 5.700570057005700797e-03 1.800180018001800103e-03 2.400240024002400427e-03 2.700270027002700263e-03 2.100210021002100157e-03 9.000900090009000517e-04 6.900690069006901010e-03 1.500150015001500050e-03 1.500150015001500050e-03
6.300630063006300470e-03 9.000900090009000517e-04 9.000900090009000517e-04 7.200720072007200413e-03 1.200120012001200213e-03 1.800180018001800103e-03 4.200420042004200313e-03 1.200120012001200213e-03 1.500150015001500050e-03 5.100510051005100257e-03 1.800180018001800103e-03 2.700270027002700263e-03
3.300330033003300370e-03 2.400240024002400427e-03 2.400240024002400427e-03 3.600360036003600207e-03 1.500150015001500050e-03 1.500150015001500050e-03 5.400540054005400527e-03 3.000300030003000100e-03 2.400240024002400427e-03 4.500450045004500584e-03 2.400240024002400427e-03 3.300330033003300370e-03
4.200420042004200313e-03 1.800180018001800103e-03 2.400240024002400427e-03 2.700270027002700263e-03 1.500150015001500050e-03 1.200120012001200213e-03 4.800480048004800854e-03 6.000600060006001067e-04 3.900390039003900477e-03 5.100510051005100257e-03 2.400240024002400427e-03 1.500150015001500050e-03
5.700570057005700797e-03 2.100210021002100157e-03 2.100210021002100157e-03 3.000300030003000100e-03 1.200120012001200213e-03 3.000300030003000100e-03 2.400240024002400427e-03 2.700270027002700263e-03 2.100210021002100157e-03 4.200420042004200313e-03 6.000600060006001067e-04 1.200120012001200213e-03
3.300330033003300370e-03 3.600360036003600207e-03 3.300330033003300370e-03 4.800480048004800854e-03 2.100210021002100157e-03 3.300330033003300370e-03 3.900390039003900477e-03 6.000600060006001067e-04 2.100210021002100157e-03 2.700270027002700263e-03 1.500150015001500050e-03 1.500150015001500050e-03
2.700270027002700263e-03 1.800180018001800103e-03 3.600360036003600207e-03 3.900390039003900477e-03 1.800180018001800103e-03 3.900390039003900477e-03 3.300330033003300370e-03 2.100210021002100157e-03 2.400240024002400427e-03 3.000300030003000100e-03 2.400240024002400427e-03 2.100210021002100157e-03
2.700270027002700263e-03 9.000900090009000517e-04 2.100210021002100157e-03 1.500150015001500050e-03 1.200120012001200213e-03 1.200120012001200213e-03 4.200420042004200313e-03 2.400240024002400427e-03 1.800180018001800103e-03 2.400240024002400427e-03 2.400240024002400427e-03 1.200120012001200213e-03
3.600360036003600207e-03 2.700270027002700263e-03 1.200120012001200213e-03 3.600360036003600207e-03 2.700270027002700263e-03 1.500150015001500050e-03 2.100210021002100157e-03 1.200120012001200213e-03 6.000600060006001067e-04 3.000300030003000100e-03 1.800180018001800103e-03 2.700270027002700263e-03
