8.144000000000000128e-01 8.278999999999999693e-01 8.276000000000000023e-01 8.149999999999999467e-01
6.634999999999999787e-01 7.002000000000000446e-01 6.854000000000000092e-01 6.702000000000000179e-01
5.729999999999999538e-01 6.165000000000000480e-01 5.990999999999999659e-01 5.878999999999999782e-01
4.904000000000000026e-01 5.150000000000000133e-01 5.881999999999999451e-01 5.774000000000000243e-01
4.304000000000000048e-01 4.265999999999999792e-01 3.927999999999999825e-01 4.136000000000000232e-01
3.622000000000000219e-01 3.431000000000000161e-01 3.511000000000000232e-01 3.416000000000000147e-01
3.698000000000000176e-01 3.300000000000000155e-01 3.192999999999999727e-01 3.034000000000000030e-01
2.846000000000000196e-01 2.614000000000000212e-01 2.031000000000000028e-01 2.260999999999999954e-01
1.925999999999999934e-01 1.985999999999999988e-01 2.707999999999999852e-01 1.985999999999999988e-01
2.112999999999999878e-01 1.870999999999999885e-01 1.955000000000000071e-01 1.663000000000000034e-01
1.287999999999999978e-01 1.519999999999999962e-01 1.343999999999999917e-01 1.484999999999999931e-01
1.030999999999999972e-01 1.131999999999999951e-01 1.146999999999999964e-01 1.300999999999999934e-01
1.233000000000000068e-01 9.489999999999999825e-02 1.545999999999999874e-01 9.740000000000000047e-02
6.389999999999999847e-02 7.349999999999999589e-02 8.039999999999999925e-02 9.260000000000000175e-02
6.909999999999999476e-02 6.460000000000000464e-02 4.959999999999999826e-02 7.989999999999999880e-02
8.930000000000000437e-02 8.359999999999999376e-02 5.170000000000000290e-02 5.870000000000000218e-02
4.080000000000000293e-02 6.090000000000000274e-02 6.069999999999999701e-02 4.660000000000000253e-02
3.239999999999999825e-02 4.229999999999999732e-02 5.970000000000000306e-02 3.620000000000000301e-02
3.910000000000000281e-02 2.800000000000000058e-02 2.860000000000000042e-02 3.660000000000000059e-02
2.599999999999999881e-02 2.879999999999999921e-02 2.860000000000000042e-02 2.900000000000000147e-02
2.840000000000000163e-02 2.280000000000000082e-02 2.270000000000000143e-02 2.529999999999999957e-02
2.299999999999999961e-02 2.340000000000000066e-02 2.910000000000000087e-02 2.019999999999999921e-02
2.529999999999999957e-02 2.050000000000000086e-02 2.019999999999999921e-02 1.480000000000000066e-02
1.660000000000000017e-02 1.549999999999999989e-02 1.799999999999999864e-02 1.729999999999999941e-02
1.200000000000000025e-02 1.899999999999999953e-02 1.549999999999999989e-02 1.319999999999999993e-02
1.650000000000000078e-02 1.140000000000000041e-02 1.039999999999999952e-02 1.310000000000000053e-02
9.400000000000000369e-03 8.500000000000000611e-03 1.430000000000000021e-02 1.159999999999999920e-02
8.500000000000000611e-03 8.999999999999999320e-03 8.800000000000000530e-03 7.900000000000000772e-03
7.199999999999999803e-03 8.999999999999999320e-03 7.900000000000000772e-03 7.300000000000000065e-03
4.499999999999999660e-03 4.599999999999999922e-03 6.400000000000000307e-03 6.599999999999999964e-03
7.000000000000000146e-03 6.499999999999999702e-03 8.300000000000000086e-03 6.700000000000000226e-03
4.499999999999999660e-03 5.700000000000000205e-03 5.599999999999999943e-03 6.000000000000000125e-03
5.899999999999999863e-03 5.100000000000000366e-03 3.799999999999999992e-03 5.400000000000000286e-03
4.100000000000000346e-03 3.399999999999999811e-03 4.899999999999999842e-03 3.899999999999999821e-03
4.100000000000000346e-03 4.100000000000000346e-03 3.899999999999999821e-03 4.199999999999999740e-03
2.700000000000000143e-03 4.599999999999999922e-03 2.099999999999999870e-03 3.099999999999999891e-03
5.000000000000000104e-03 5.100000000000000366e-03 4.499999999999999660e-03 2.099999999999999870e-03
2.399999999999999790e-03 2.500000000000000052e-03 3.200000000000000153e-03 2.700000000000000143e-03
2.799999999999999972e-03 2.299999999999999961e-03 3.399999999999999811e-03 2.099999999999999870e-03
2.799999999999999972e-03 2.399999999999999790e-03 2.799999999999999972e-03 2.399999999999999790e-03
