9.066906690669060964e-01 9.066906690669063185e-01 9.369936993699364836e-01 9.234923492349230711e-01
8.028802880288026245e-01 9.708970897089711505e-01 9.204920492049200043e-01 8.940894089408937262e-01
8.259825982598266725e-01 8.676867686768677812e-01 8.859885988598863449e-01 8.268826882688276037e-01
7.695769576957701696e-01 8.556855685568562908e-01 7.896789678967892634e-01 8.553855385538554623e-01
7.446744674467448144e-01 7.029702970297032616e-01 7.011701170117019544e-01 7.989798979897999587e-01
6.663666366636671334e-01 6.393639363936399755e-01 6.777677767776782991e-01 7.008700870087009038e-01
6.294629462946301768e-01 6.873687368736879355e-01 5.883588358835893928e-01 5.955595559555961760e-01
5.691569156915696759e-01 5.133513351335139419e-01 4.269426942694273808e-01 5.067506750675072613e-01
4.434443444344440821e-01 4.686468646864691001e-01 5.379537953795386906e-01 4.545454545454549189e-01
4.935493549354941223e-01 3.999399939994005004e-01 4.548454845484555253e-01 3.675367536753682551e-01
3.429342934293434508e-01 3.399339933993403839e-01 3.366336633663370992e-01 2.880288028802882594e-01
2.508250825082511404e-01 2.880288028802884814e-01 3.096309630963101633e-01 3.111311131113114747e-01
2.703270327032707976e-01 2.508250825082511404e-01 3.765376537653770672e-01 2.427242724272430652e-01
1.854185418541857144e-01 1.743174317431746279e-01 2.043204320432046306e-01 2.355235523552358379e-01
1.695169516951697541e-01 1.686168616861688785e-01 1.611161116111613778e-01 1.953195319531955965e-01
2.310231023102314041e-01 2.313231323132317330e-01 1.428142814281430639e-01 1.422142214221424894e-01
1.311131113111313473e-01 1.506150615061507547e-01 1.875187518751879057e-01 1.134113411341135941e-01
6.390639063906401740e-02 1.347134713471348777e-01 1.599159915991602288e-01 1.002100210021004134e-01
1.116111611161118566e-01 8.640864086408654721e-02 9.870987098709882446e-02 8.850885088508861354e-02
8.370837083708387860e-02 7.200720072007212036e-02 8.010801080108020944e-02 6.360636063606371626e-02
8.940894089408954470e-02 4.200420042004207599e-02 5.940594059405952809e-02 7.680768076807698019e-02
5.400540054005410762e-02 6.450645064506461968e-02 9.810981098109830545e-02 5.610561056105621558e-02
8.340834083408354971e-02 4.530453045304536075e-02 4.200420042004208293e-02 4.200420042004206905e-02
3.720372037203725779e-02 3.750375037503756587e-02 4.380438043804384812e-02 3.510351035103515677e-02
2.460246024602464124e-02 3.360336033603362332e-02 4.590459045904597690e-02 3.810381038103816120e-02
2.580258025802583885e-02 3.120312031203123504e-02 3.180318031803183038e-02 4.050405040504058418e-02
2.310231023102314596e-02 2.670267026702674920e-02 3.270327032703274073e-02 2.280228022802284829e-02
2.550255025502554465e-02 2.130213021302133566e-02 2.340234023402343669e-02 3.120312031203125239e-02
1.890189018901894391e-02 2.460246024602464124e-02 1.410141014101412571e-02 1.740174017401743475e-02
8.100810081008108163e-03 1.320132013201322056e-02 1.500150015001503086e-02 1.590159015901592213e-02
1.320132013201321189e-02 1.440144014401441644e-02 3.240324032403244653e-02 2.760276027602765955e-02
1.710171017101713015e-02 1.410141014101412571e-02 2.700270027002695927e-03 1.770177017701772895e-02
1.710171017101713362e-02 1.980198019801982998e-02 1.050105010501051900e-02 1.260126012601261655e-02
5.100510051005101124e-03 7.800780078007813964e-03 9.600960096009610381e-03 9.600960096009612116e-03
9.600960096009612116e-03 4.800480048004805191e-03 1.650165016501653828e-02 9.600960096009608646e-03
1.290129012901292289e-02 8.400840084008417974e-03 1.200120012001193708e-03 1.200120012001202122e-02
2.400240024002396524e-03 1.140114011401141721e-02 1.200120012001202295e-02 5.100510051005106328e-03
6.300630063006315215e-03 1.020102010201021786e-02 6.000600060006005404e-03 3.900390039003900043e-03
7.500750075007518898e-03 2.100210021002101458e-03 7.200720072007206485e-03 1.200120012001191757e-03
3.900390039003893538e-03 4.200420042004200313e-03 3.300330033003300804e-03 6.300630063006310011e-03
