8.719000000000000083e-01 8.839000000000000190e-01 8.718000000000000194e-01 8.773999999999999577e-01
7.765999999999999570e-01 7.443999999999999506e-01 8.068999999999999506e-01 7.541999999999999815e-01
6.413999999999999702e-01 6.794000000000000039e-01 6.707999999999999519e-01 6.579000000000000403e-01
5.857999999999999874e-01 5.917000000000000037e-01 5.392000000000000126e-01 5.527999999999999581e-01
4.701000000000000179e-01 4.858000000000000096e-01 4.531999999999999917e-01 4.939999999999999947e-01
3.734999999999999987e-01 3.778000000000000247e-01 4.022999999999999909e-01 4.043999999999999817e-01
3.516000000000000236e-01 3.713000000000000189e-01 3.573000000000000065e-01 3.037000000000000255e-01
2.670000000000000151e-01 2.762000000000000011e-01 2.758999999999999786e-01 2.914999999999999813e-01
2.310999999999999999e-01 2.441000000000000114e-01 2.028999999999999970e-01 2.394999999999999907e-01
2.235999999999999932e-01 2.068000000000000116e-01 1.998000000000000054e-01 2.326000000000000012e-01
1.642000000000000126e-01 1.597999999999999976e-01 1.734999999999999876e-01 1.598999999999999866e-01
1.200999999999999984e-01 1.474000000000000032e-01 1.386000000000000010e-01 1.517999999999999905e-01
1.602999999999999980e-01 1.529000000000000081e-01 1.137999999999999984e-01 1.175999999999999962e-01
1.188000000000000028e-01 8.719999999999999973e-02 1.044999999999999957e-01 1.035999999999999976e-01
7.459999999999999964e-02 8.989999999999999380e-02 8.200000000000000344e-02 9.569999999999999341e-02
8.010000000000000453e-02 6.450000000000000178e-02 6.640000000000000069e-02 7.030000000000000138e-02
5.770000000000000129e-02 6.629999999999999782e-02 6.980000000000000093e-02 6.429999999999999605e-02
4.809999999999999692e-02 5.369999999999999774e-02 5.179999999999999882e-02 4.909999999999999781e-02
4.730000000000000177e-02 4.429999999999999910e-02 4.259999999999999898e-02 3.520000000000000212e-02
4.039999999999999841e-02 4.399999999999999745e-02 3.409999999999999837e-02 3.440000000000000002e-02
3.020000000000000115e-02 3.099999999999999978e-02 2.809999999999999998e-02 2.850000000000000103e-02
2.479999999999999913e-02 2.549999999999999836e-02 2.560000000000000123e-02 3.099999999999999978e-02
2.779999999999999832e-02 1.810000000000000150e-02 2.419999999999999929e-02 2.089999999999999844e-02
1.460000000000000013e-02 1.660000000000000017e-02 1.460000000000000013e-02 2.199999999999999872e-02
1.490000000000000005e-02 1.700000000000000122e-02 1.559999999999999928e-02 1.779999999999999985e-02
