8.694869486948695325e-01 8.091809180918091426e-01 7.344734473447345202e-01 8.748874887488748975e-01 8.238823882388238706e-01 7.545754575457546132e-01 8.730873087308730351e-01 8.223822382238223927e-01 7.377737773777377495e-01 8.775877587758775800e-01 8.061806180618061868e-01 7.296729672967297020e-01
7.800780078007800711e-01 6.066606660666066242e-01 4.944494449444944428e-01 7.275727572757275663e-01 5.550555055505550506e-01 4.509450945094509722e-01 8.079807980798079381e-01 6.408640864086408984e-01 5.616561656165616201e-01 7.491749174917491372e-01 6.006600660066007125e-01 4.938493849384938406e-01
6.525652565256525595e-01 4.809480948094809749e-01 3.021302130213021075e-01 6.804680468046804265e-01 5.100510051005100465e-01 3.468346834683468383e-01 6.597659765976597868e-01 4.371437143714371198e-01 3.288328832883288255e-01 6.426642664266426497e-01 4.485448544854485631e-01 3.237323732373237339e-01
5.991599159915991235e-01 3.504350435043504519e-01 2.250225022502250205e-01 5.856585658565857111e-01 3.600360036003600328e-01 2.418241824182418287e-01 5.358535853585358888e-01 3.213321332133213248e-01 1.809180918091809198e-01 5.568556855685568019e-01 3.414341434143414178e-01 1.947194719471947166e-01
4.947494749474947717e-01 2.670267026702670132e-01 1.155115511551155077e-01 4.815481548154815217e-01 2.583258325832583080e-01 1.374137413741374214e-01 4.440444044404440183e-01 2.172217221722172187e-01 1.035103510351035039e-01 5.073507350735073640e-01 2.718271827182718314e-01 1.338133813381338078e-01
3.699369936993699426e-01 1.344134413441344100e-01 6.900690069006901184e-02 3.672367236723672601e-01 1.512151215121512182e-01 6.540654065406541207e-02 3.831383138313831371e-01 1.785178517851785107e-01 6.900690069006901184e-02 3.909390939093909667e-01 1.719171917191719134e-01 7.680768076807681366e-02
3.480348034803480428e-01 1.245124512451245141e-01 5.280528052805280592e-02 3.708370837083708182e-01 1.647164716471647139e-01 6.360636063606360524e-02 3.444344434443444292e-01 1.458145814581458255e-01 5.160516051605160831e-02 3.045304530453045166e-01 9.480948094809481252e-02 3.210321032103210376e-02
2.709270927092709003e-01 8.250825082508250752e-02 2.820282028202820285e-02 2.889288928892889130e-01 7.950795079507951002e-02 3.000300030003000273e-02 2.748274827482748428e-01 9.240924092409240342e-02 2.880288028802880165e-02 2.730273027302730360e-01 8.040804080408041343e-02 2.340234023402340199e-02
2.373237323732373116e-01 6.000600060006000547e-02 1.770177017701770120e-02 2.538253825382538187e-01 6.840684068406840956e-02 1.560156015601560191e-02 2.142214221422142351e-01 5.070507050705070490e-02 1.530153015301530077e-02 2.412241224122412264e-01 6.450645064506450865e-02 1.590159015901590131e-02
2.208220822082208323e-01 4.710471047104710512e-02 1.350135013501350088e-02 2.214221422142214346e-01 4.650465046504650285e-02 1.320132013201320148e-02 2.025202520252025185e-01 5.220522052205220365e-02 9.600960096009601707e-03 2.358235823582358337e-01 6.690669066906690388e-02 1.500150015001500137e-02
1.581158115811581166e-01 3.180318031803180262e-02 4.500450045004500584e-03 1.692169216921692032e-01 3.390339033903390364e-02 4.800480048004800854e-03 1.626162616261626059e-01 3.330333033303330137e-02 6.900690069006901010e-03 1.527152715271527239e-01 3.060306030603060154e-02 5.100510051005100257e-03
1.116111611161116068e-01 1.890189018901890228e-02 2.100210021002100157e-03 1.440144014401440187e-01 2.550255025502550302e-02 5.400540054005400527e-03 1.407140714071407062e-01 2.490249024902490421e-02 4.500450045004500584e-03 1.437143714371437175e-01 2.190219021902190324e-02 4.200420042004200313e-03
1.668166816681668219e-01 2.970297029702970160e-02 5.700570057005700797e-03 1.434143414341434164e-01 2.430243024302430194e-02 5.100510051005100257e-03 1.179117911791179169e-01 1.590159015901590131e-02 9.000900090009000517e-04 1.158115811581158089e-01 1.470147014701470196e-02 2.700270027002700263e-03
1.149114911491149055e-01 1.590159015901590131e-02 2.400240024002400427e-03 9.210921092109210229e-02 7.200720072007200413e-03 6.000600060006001067e-04 1.191119111911191075e-01 1.650165016501650012e-02 9.000900090009000517e-04 1.050105010501050096e-01 9.600960096009601707e-03 2.400240024002400427e-03
8.160816081608160411e-02 5.400540054005400527e-03 1.200120012001200213e-03 8.910891089108910479e-02 8.700870087008700030e-03 6.000600060006001067e-04 8.280828082808280866e-02 7.500750075007500683e-03 9.000900090009000517e-04 9.150915091509151389e-02 1.050105010501050165e-02 2.100210021002100157e-03
7.890789078907890775e-02 9.300930093009300570e-03 1.200120012001200213e-03 7.080708070807080479e-02 3.900390039003900477e-03 3.000300030003000534e-04 6.900690069006901184e-02 3.600360036003600207e-03 6.000600060006001067e-04 6.540654065406541207e-02 7.800780078007800954e-03 9.000900090009000517e-04
5.550555055505550228e-02 3.900390039003900477e-03 6.000600060006001067e-04 6.360636063606360524e-02 4.500450045004500584e-03 9.000900090009000517e-04 7.380738073807380228e-02 6.300630063006300470e-03 0.000000000000000000e+00 6.570657065706571320e-02 6.600660066006600740e-03 3.000300030003000534e-04
5.040504050405040376e-02 4.200420042004200313e-03 3.000300030003000534e-04 5.370537053705370240e-02 4.800480048004800854e-03 6.000600060006001067e-04 5.640564056405640569e-02 3.000300030003000100e-03 6.000600060006001067e-04 5.430543054305430467e-02 3.000300030003000100e-03 0.000000000000000000e+00
4.590459045904590751e-02 2.700270027002700263e-03 0.000000000000000000e+00 4.590459045904590751e-02 3.000300030003000100e-03 3.000300030003000534e-04 4.590459045904590751e-02 6.000600060006001067e-04 0.000000000000000000e+00 3.660366036603660694e-02 2.100210021002100157e-03 6.000600060006001067e-04
3.480348034803480012e-02 2.700270027002700263e-03 3.000300030003000534e-04 4.290429042904290308e-02 2.100210021002100157e-03 0.000000000000000000e+00 3.630363036303630581e-02 1.200120012001200213e-03 0.000000000000000000e+00 3.510351035103510126e-02 2.100210021002100157e-03 3.000300030003000534e-04
2.940294029402940393e-02 9.000900090009000517e-04 0.000000000000000000e+00 2.670267026702670410e-02 1.200120012001200213e-03 3.000300030003000534e-04 2.670267026702670410e-02 1.200120012001200213e-03 0.000000000000000000e+00 2.940294029402940393e-02 6.000600060006001067e-04 3.000300030003000534e-04
2.700270027002700177e-02 0.000000000000000000e+00 0.000000000000000000e+00 2.790279027902790171e-02 3.000300030003000534e-04 0.000000000000000000e+00 2.520252025202520188e-02 0.000000000000000000e+00 0.000000000000000000e+00 3.150315031503150148e-02 6.000600060006001067e-04 3.000300030003000534e-04
2.940294029402940393e-02 1.200120012001200213e-03 0.000000000000000000e+00 1.590159015901590131e-02 0.000000000000000000e+00 0.000000000000000000e+00 2.490249024902490421e-02 6.000600060006001067e-04 0.000000000000000000e+00 1.920192019201920341e-02 6.000600060006001067e-04 0.000000000000000000e+00
1.560156015601560191e-02 1.200120012001200213e-03 0.000000000000000000e+00 1.590159015901590131e-02 6.000600060006001067e-04 0.000000000000000000e+00 1.800180018001800233e-02 6.000600060006001067e-04 0.000000000000000000e+00 1.860186018601860114e-02 9.000900090009000517e-04 0.000000000000000000e+00
1.770177017701770120e-02 3.000300030003000534e-04 0.000000000000000000e+00 2.010201020102010336e-02 9.000900090009000517e-04 0.000000000000000000e+00 1.680168016801680125e-02 9.000900090009000517e-04 0.000000000000000000e+00 1.500150015001500137e-02 9.000900090009000517e-04 0.000000000000000000e+00
