9.153915391539150237e-01 9.075907590759068055e-01 8.898889888988884556e-01 9.438943894389429934e-01
1.014701470147013840e+00 9.684968496849689634e-01 1.063006300630063183e+00 9.393939393939388927e-01
8.169816981698164726e-01 8.580858085808578117e-01 9.966996699669977700e-01 9.060906090609063268e-01
9.711971197119713128e-01 9.186918691869188081e-01 8.244824482448249725e-01 8.409840984098413408e-01
7.986798679867992412e-01 8.070807080708072290e-01 7.839783978397846242e-01 8.403840384038410161e-01
7.755775577557767475e-01 7.134713471347141622e-01 6.828682868286837238e-01 7.338733873387345286e-01
7.233723372337240720e-01 6.819681968196826816e-01 6.474647464746478009e-01 6.612661266126621529e-01
5.934593459345939293e-01 6.582658265826589750e-01 5.760576057605766298e-01 6.012601260126023694e-01
5.496549654965501297e-01 5.718571857185728025e-01 5.058505850585066632e-01 5.460546054605468491e-01
5.346534653465355724e-01 5.379537953795385796e-01 4.605460546054610527e-01 5.217521752175223737e-01
3.834383438343841322e-01 4.107410741074112859e-01 3.948394839483954644e-01 3.714371437143719756e-01
2.802280228022807074e-01 3.609360936093614636e-01 3.519351935193525405e-01 3.696369636963701133e-01
4.170417041704176930e-01 3.624362436243628860e-01 3.069306930693074809e-01 3.060306030603065497e-01
2.994299429942998692e-01 2.553255325532555742e-01 3.087308730873092322e-01 2.886288628862890282e-01
2.298229822982301718e-01 2.418241824182422173e-01 2.268226822682270771e-01 2.451245124512456131e-01
2.100210021002102967e-01 2.010201020102014569e-01 1.968196819681971299e-01 1.737173717371740256e-01
1.554155415541556562e-01 1.782178217821785426e-01 2.025202520252028238e-01 1.776177617761779126e-01
1.389138913891391491e-01 1.473147314731475810e-01 1.608160816081610489e-01 1.539153915391541783e-01
1.296129612961298139e-01 1.290129012901292116e-01 1.359135913591361655e-01 1.041104110411042866e-01
9.660966096609677201e-02 1.224122412241226421e-01 1.053105310531055050e-01 9.930993099309945449e-02
8.550855085508564379e-02 7.680768076807693856e-02 7.650765076507663742e-02 8.670867086708687610e-02
8.100810081008109897e-02 8.280828082808296131e-02 7.560756075607576177e-02 9.300930093009315835e-02
8.460846084608476814e-02 4.770477047704779067e-02 7.290729072907303765e-02 5.580558055805588669e-02
4.320432043204327360e-02 4.590459045904597690e-02 5.220522052205230079e-02 5.310531053105319033e-02
5.220522052205227997e-02 5.760576057605769351e-02 4.770477047704777679e-02 4.230423042304238407e-02
