8.565856585658565558e-01 8.193819381938194368e-01 7.764776477647764574e-01 8.670867086708671234e-01 8.199819981998199836e-01 7.893789378937894341e-01 8.529852985298529422e-01 8.193819381938194368e-01 7.710771077107710925e-01 8.790879087908790579e-01 8.328832883288328492e-01 7.941794179417941413e-01
7.992799279927992329e-01 7.137713771377137695e-01 6.138613861386138515e-01 7.749774977497749795e-01 6.573657365736573777e-01 5.574557455745574597e-01 7.932793279327933211e-01 6.984698469846984947e-01 5.814581458145814397e-01 7.914791479147914588e-01 6.780678067806780174e-01 5.931593159315932118e-01
7.107710771077108136e-01 5.604560456045604155e-01 4.515451545154515189e-01 7.383738373837384072e-01 5.709570957095709831e-01 4.845484548454845330e-01 7.308730873087309066e-01 5.745574557455745968e-01 4.650465046504650424e-01 6.930693069306930187e-01 5.367536753675367089e-01 4.251425142514251299e-01
6.402640264026402406e-01 4.662466246624662469e-01 3.465346534653465094e-01 6.753675367536753349e-01 4.878487848784878733e-01 3.852385238523852173e-01 6.591659165916591290e-01 4.590459045904590196e-01 3.513351335133513276e-01 6.405640564056405140e-01 4.995499549954995344e-01 3.657365736573657267e-01
6.156615661566157138e-01 4.275427542754275390e-01 2.838283828382838214e-01 5.862586258625862579e-01 4.224422442244224474e-01 2.778277827782778542e-01 5.847584758475847799e-01 4.086408640864086506e-01 2.625262526252625239e-01 6.243624362436243080e-01 4.425442544254425403e-01 3.282328232823282232e-01
5.670567056705670961e-01 3.528352835283528610e-01 2.430243024302430332e-01 5.346534653465346842e-01 3.255325532553255408e-01 1.965196519651965235e-01 5.313531353135313440e-01 2.868286828682868328e-01 1.806180618061806187e-01 5.490549054905490278e-01 3.348334833483348483e-01 2.193219321932193266e-01
4.881488148814881467e-01 2.733273327332733094e-01 1.758175817581758282e-01 5.115511551155115244e-01 3.045304530453045166e-01 1.935193519351935121e-01 5.013501350135013412e-01 2.970297029702970160e-01 1.791179117911791130e-01 4.638463846384638378e-01 2.754275427542754451e-01 1.704170417041704078e-01
4.977497749774977276e-01 2.613261326132613194e-01 1.653165316531653162e-01 4.857485748574857376e-01 2.715271527152715025e-01 1.635163516351635093e-01 4.524452445244524501e-01 2.229222922292229125e-01 1.263126312631263071e-01 4.302430243024302214e-01 2.247224722472247194e-01 1.155115511551155077e-01
3.942394239423942515e-01 1.974197419741974269e-01 1.017101710171017109e-01 3.927392739273927180e-01 1.761176117611761294e-01 9.390939093909390911e-02 4.260426042604260610e-01 2.208220822082208323e-01 1.245124512451245141e-01 4.050405040504050369e-01 1.875187518751875171e-01 1.062106210621062141e-01
3.756375637563756364e-01 1.602160216021602246e-01 7.590759075907591025e-02 3.564356435643564192e-01 1.605160516051605257e-01 8.160816081608160411e-02 3.588358835883588283e-01 1.731173117311731180e-01 9.240924092409240342e-02 3.561356135613561458e-01 1.848184818481848068e-01 8.820882088208821525e-02
3.483348334833483162e-01 1.431143114311431153e-01 7.080708070807080479e-02 3.132313231323132219e-01 1.443144314431443198e-01 7.590759075907591025e-02 3.741374137413741585e-01 1.476147614761476046e-01 8.520852085208520388e-02 3.417341734173417467e-01 1.572157215721572132e-01 8.970897089708970706e-02
3.129312931293129485e-01 1.260126012601260059e-01 6.360636063606360524e-02 3.396339633963396110e-01 1.368136813681368191e-01 8.130813081308130297e-02 3.051305130513051189e-01 1.248124812481248153e-01 6.660666066606660274e-02 3.507350735073507253e-01 1.548154815481548041e-01 8.370837083708371207e-02
2.829282928292829458e-01 1.092109210921092116e-01 5.160516051605160831e-02 2.442244224422442378e-01 9.210921092109210229e-02 4.950495049504950729e-02 3.348334833483348483e-01 1.482148214821482068e-01 7.770777077707770319e-02 2.496249624962496305e-01 9.240924092409240342e-02 5.160516051605160831e-02
2.364236423642364360e-01 7.710771077107710092e-02 4.710471047104710512e-02 2.541254125412541476e-01 7.560756075607560911e-02 4.890489048904890501e-02 2.547254725472547499e-01 9.480948094809481252e-02 4.500450045004500410e-02 2.448244824482448123e-01 9.300930093009300570e-02 4.770477047704770740e-02
1.890189018901890228e-01 6.180618061806180535e-02 3.750375037503750342e-02 2.289228922892289353e-01 8.280828082808280866e-02 5.370537053705370240e-02 2.811281128112811389e-01 1.056105610561056118e-01 5.490549054905490695e-02 2.694269426942694223e-01 1.008100810081008075e-01 4.770477047704770740e-02
1.899189918991899262e-01 6.420642064206420752e-02 3.990399039903990558e-02 2.031203120312031207e-01 7.050705070507050365e-02 4.410441044104410763e-02 2.535253525352535453e-01 9.540954095409541480e-02 5.250525052505250478e-02 1.938193819381938132e-01 6.300630063006300297e-02 3.690369036903690114e-02
1.767176717671767039e-01 5.310531053105310706e-02 3.570357035703570353e-02 1.743174317431743225e-01 4.860486048604860387e-02 3.300330033003300023e-02 1.824182418241824255e-01 5.850585058505850672e-02 3.750375037503750342e-02 1.818181818181818232e-01 6.030603060306030661e-02 3.510351035103510126e-02
1.719171917191719134e-01 5.730573057305730911e-02 3.690369036903690114e-02 1.779177917791779084e-01 6.330633063306330410e-02 3.960396039603960444e-02 1.935193519351935121e-01 7.170717071707170820e-02 3.750375037503750342e-02 1.800180018001800164e-01 5.760576057605760331e-02 3.660366036603660694e-02
1.704170417041704078e-01 5.190519051905190251e-02 3.270327032703270603e-02 1.923192319231923075e-01 6.540654065406541207e-02 4.410441044104410763e-02 1.542154215421542018e-01 4.830483048304830274e-02 3.690369036903690114e-02 1.518151815181518205e-01 4.620462046204620171e-02 3.090309030903090268e-02
1.728172817281728169e-01 5.160516051605160831e-02 3.540354035403540239e-02 1.542154215421542018e-01 5.310531053105310706e-02 3.750375037503750342e-02 1.833183318331833289e-01 6.750675067506750615e-02 4.260426042604260194e-02 1.365136513651365180e-01 4.650465046504650285e-02 3.750375037503750342e-02
1.359135913591359157e-01 4.650465046504650285e-02 3.870387038703870103e-02 1.212121212121212155e-01 3.840384038403840683e-02 3.060306030603060154e-02 1.416141614161416096e-01 4.980498049804980842e-02 3.780378037803780455e-02 1.227122712271227073e-01 4.110411041104110319e-02 3.570357035703570353e-02
1.239123912391239118e-01 4.830483048304830274e-02 3.330333033303330137e-02 1.704170417041704078e-01 6.030603060306030661e-02 3.960396039603960444e-02 1.095109510951095128e-01 4.140414041404140433e-02 2.610261026102610182e-02 1.755175517551755271e-01 6.240624062406240763e-02 3.900390039003900217e-02
1.191119111911191075e-01 4.530453045304530524e-02 3.000300030003000273e-02 1.308130813081308241e-01 4.860486048604860387e-02 3.690369036903690114e-02 1.188118811881188064e-01 3.300330033003300023e-02 2.790279027902790171e-02 1.110111011101110046e-01 3.990399039903990558e-02 3.240324032403240490e-02
1.098109810981098139e-01 4.260426042604260194e-02 3.120312031203120381e-02 1.068106810681068164e-01 4.110411041104110319e-02 3.270327032703270603e-02 1.173117311731173146e-01 4.200420042004200660e-02 2.970297029702970160e-02 1.215121512151215166e-01 4.530453045304530524e-02 3.810381038103810569e-02
1.017101710171017109e-01 3.930393039303930330e-02 3.720372037203720228e-02 9.150915091509151389e-02 3.240324032403240490e-02 3.150315031503150148e-02 9.690969096909690661e-02 3.030303030303030387e-02 2.760276027602760404e-02 9.780978097809781002e-02 3.930393039303930330e-02 3.450345034503450592e-02
9.570957095709571594e-02 3.780378037803780455e-02 3.120312031203120381e-02 1.014101410141014098e-01 3.480348034803480012e-02 3.120312031203120381e-02 7.890789078907890775e-02 3.660366036603660694e-02 2.880288028802880165e-02 9.480948094809481252e-02 3.210321032103210376e-02 3.000300030003000273e-02
9.090909090909091161e-02 3.660366036603660694e-02 2.970297029702970160e-02 8.940894089408940593e-02 3.330333033303330137e-02 3.570357035703570353e-02 7.020702070207020251e-02 3.840384038403840683e-02 3.120312031203120381e-02 7.890789078907890775e-02 3.720372037203720228e-02 3.510351035103510126e-02
8.460846084608460160e-02 3.510351035103510126e-02 3.870387038703870103e-02 8.070807080708071457e-02 4.260426042604260194e-02 3.240324032403240490e-02 7.080708070807080479e-02 3.060306030603060154e-02 3.300330033003300023e-02 7.770777077707770319e-02 3.240324032403240490e-02 3.780378037803780455e-02
7.890789078907890775e-02 3.420342034203420478e-02 3.480348034803480012e-02 7.860786078607860661e-02 3.420342034203420478e-02 3.060306030603060154e-02 7.620762076207621138e-02 3.570357035703570353e-02 3.660366036603660694e-02 7.650765076507651252e-02 3.270327032703270603e-02 3.720372037203720228e-02
6.930693069306931298e-02 3.060306030603060154e-02 3.420342034203420478e-02 6.120612061206120308e-02 3.060306030603060154e-02 2.970297029702970160e-02 6.510651065106511093e-02 3.780378037803780455e-02 3.030303030303030387e-02 6.990699069906990137e-02 3.120312031203120381e-02 3.450345034503450592e-02
7.740774077407740206e-02 3.660366036603660694e-02 3.030303030303030387e-02 6.270627062706270183e-02 2.670267026702670410e-02 2.580258025802580416e-02 7.890789078907890775e-02 3.600360036003600467e-02 3.000300030003000273e-02 7.200720072007200934e-02 3.150315031503150148e-02 3.570357035703570353e-02
6.870687068706871070e-02 3.360336033603360251e-02 3.540354035403540239e-02 5.700570057005700797e-02 2.790279027902790171e-02 3.030303030303030387e-02 8.040804080408041343e-02 3.720372037203720228e-02 2.760276027602760404e-02 6.330633063306330410e-02 3.840384038403840683e-02 3.480348034803480012e-02
6.450645064506450865e-02 3.150315031503150148e-02 3.750375037503750342e-02 6.060606060606060774e-02 3.600360036003600467e-02 3.240324032403240490e-02 5.940594059405940319e-02 3.690369036903690114e-02 3.120312031203120381e-02 7.230723072307231047e-02 3.030303030303030387e-02 2.820282028202820285e-02
4.590459045904590751e-02 3.060306030603060154e-02 3.570357035703570353e-02 5.850585058505850672e-02 3.780378037803780455e-02 3.000300030003000273e-02 4.770477047704770740e-02 2.970297029702970160e-02 3.030303030303030387e-02 5.610561056105610456e-02 3.240324032403240490e-02 3.330333033303330137e-02
7.680768076807681366e-02 3.210321032103210376e-02 3.810381038103810569e-02 5.820582058205820558e-02 3.030303030303030387e-02 3.840384038403840683e-02 5.880588058805880786e-02 3.480348034803480012e-02 3.210321032103210376e-02 6.780678067806780729e-02 3.450345034503450592e-02 3.300330033003300023e-02
5.550555055505550228e-02 2.610261026102610182e-02 2.640264026402640296e-02 4.620462046204620171e-02 3.300330033003300023e-02 2.910291029102910279e-02 6.060606060606060774e-02 2.700270027002700177e-02 3.270327032703270603e-02 4.950495049504950729e-02 3.180318031803180262e-02 2.850285028502850398e-02
4.290429042904290308e-02 3.090309030903090268e-02 3.600360036003600467e-02 5.460546054605460581e-02 2.910291029102910279e-02 2.760276027602760404e-02 5.100510051005100604e-02 2.820282028202820285e-02 2.280228022802280319e-02 6.480648064806480979e-02 3.270327032703270603e-02 2.940294029402940393e-02
4.470447044704470296e-02 3.000300030003000273e-02 3.090309030903090268e-02 5.520552055205520808e-02 3.120312031203120381e-02 3.330333033303330137e-02 4.620462046204620171e-02 2.880288028802880165e-02 2.850285028502850398e-02 5.400540054005400353e-02 3.180318031803180262e-02 3.150315031503150148e-02
5.310531053105310706e-02 3.060306030603060154e-02 2.670267026702670410e-02 5.160516051605160831e-02 3.300330033003300023e-02 2.640264026402640296e-02 5.040504050405040376e-02 3.630363036303630581e-02 3.450345034503450592e-02 4.980498049804980842e-02 3.180318031803180262e-02 3.000300030003000273e-02
4.410441044104410763e-02 3.660366036603660694e-02 3.180318031803180262e-02 5.280528052805280592e-02 2.910291029102910279e-02 3.210321032103210376e-02 4.560456045604560638e-02 2.940294029402940393e-02 3.270327032703270603e-02 4.710471047104710512e-02 3.210321032103210376e-02 2.850285028502850398e-02
4.650465046504650285e-02 2.970297029702970160e-02 3.390339033903390364e-02 4.740474047404740626e-02 3.090309030903090268e-02 2.940294029402940393e-02 4.890489048904890501e-02 3.030303030303030387e-02 3.150315031503150148e-02 3.900390039003900217e-02 3.420342034203420478e-02 2.700270027002700177e-02
4.500450045004500410e-02 2.730273027302730290e-02 3.510351035103510126e-02 3.780378037803780455e-02 2.940294029402940393e-02 3.030303030303030387e-02 4.440444044404440183e-02 3.120312031203120381e-02 2.790279027902790171e-02 3.990399039903990558e-02 3.060306030603060154e-02 3.180318031803180262e-02
4.230423042304230080e-02 3.030303030303030387e-02 2.700270027002700177e-02 4.470447044704470296e-02 3.540354035403540239e-02 3.540354035403540239e-02 3.840384038403840683e-02 3.390339033903390364e-02 3.450345034503450592e-02 4.050405040504050092e-02 2.940294029402940393e-02 3.330333033303330137e-02
4.080408040804080205e-02 3.300330033003300023e-02 3.060306030603060154e-02 4.410441044104410763e-02 3.000300030003000273e-02 2.850285028502850398e-02 3.840384038403840683e-02 2.940294029402940393e-02 3.390339033903390364e-02 3.990399039903990558e-02 3.330333033303330137e-02 3.480348034803480012e-02
4.080408040804080205e-02 2.760276027602760404e-02 3.030303030303030387e-02 3.990399039903990558e-02 3.030303030303030387e-02 3.450345034503450592e-02 3.510351035103510126e-02 3.150315031503150148e-02 3.180318031803180262e-02 3.870387038703870103e-02 3.690369036903690114e-02 3.330333033303330137e-02
3.810381038103810569e-02 2.850285028502850398e-02 3.240324032403240490e-02 4.050405040504050092e-02 3.300330033003300023e-02 3.810381038103810569e-02 4.470447044704470296e-02 3.120312031203120381e-02 2.850285028502850398e-02 3.540354035403540239e-02 3.570357035703570353e-02 3.240324032403240490e-02
4.080408040804080205e-02 3.270327032703270603e-02 3.450345034503450592e-02 3.390339033903390364e-02 3.150315031503150148e-02 3.030303030303030387e-02 3.810381038103810569e-02 2.940294029402940393e-02 3.120312031203120381e-02 3.960396039603960444e-02 3.300330033003300023e-02 2.970297029702970160e-02
3.750375037503750342e-02 2.610261026102610182e-02 2.940294029402940393e-02 3.570357035703570353e-02 3.570357035703570353e-02 3.060306030603060154e-02 3.540354035403540239e-02 2.880288028802880165e-02 2.850285028502850398e-02 4.350435043504350535e-02 2.880288028802880165e-02 3.030303030303030387e-02
2.940294029402940393e-02 3.450345034503450592e-02 3.540354035403540239e-02 3.390339033903390364e-02 3.060306030603060154e-02 2.340234023402340199e-02 4.530453045304530524e-02 3.420342034203420478e-02 3.450345034503450592e-02 3.390339033903390364e-02 3.030303030303030387e-02 3.510351035103510126e-02
4.200420042004200660e-02 3.390339033903390364e-02 3.450345034503450592e-02 3.960396039603960444e-02 3.030303030303030387e-02 2.910291029102910279e-02 3.330333033303330137e-02 3.210321032103210376e-02 2.820282028202820285e-02 3.780378037803780455e-02 3.240324032403240490e-02 3.000300030003000273e-02
