8.880888088808867042e-01 9.306930693069306315e-01 8.718871887188717196e-01 9.327932793279312129e-01
8.703870387038700196e-01 9.102910291029101542e-01 8.658865886588659189e-01 9.333933393339326479e-01
9.024902490249019360e-01 9.867986798679864169e-01 9.339933993399344159e-01 8.940894089408947254e-01
8.685868586858689344e-01 9.477947794779485458e-01 9.516951695169517667e-01 7.887788778877885543e-01
8.481848184818486791e-01 7.692769276927693411e-01 7.908790879087905790e-01 8.736873687368732488e-01
8.856885688568857384e-01 8.238823882388244257e-01 9.141914191419147073e-01 8.619861986198622539e-01
8.202820282028208121e-01 8.145814581458146186e-01 7.920792079207928937e-01 7.356735673567362799e-01
8.745874587458752902e-01 8.061806180618064088e-01 8.148814881488151141e-01 7.320732073207325552e-01
6.921692169216930868e-01 7.437743774377447714e-01 7.401740174017410467e-01 7.587758775877591066e-01
7.221722172217227564e-01 6.693669366936699783e-01 6.495649564956503808e-01 6.021602160216024124e-01
6.864686468646868933e-01 5.826582658265831993e-01 7.647764776477654625e-01 6.432643264326436405e-01
6.243624362436253072e-01 6.897689768976905667e-01 6.075607560756083325e-01 6.714671467146722250e-01
5.727572757275732895e-01 5.058505850585066632e-01 6.375637563756383352e-01 5.232523252325240737e-01
5.250525052505256030e-01 5.844584458445855057e-01 5.247524752475254406e-01 5.031503150315037587e-01
4.191419141914196622e-01 4.920492049204928109e-01 5.814581458145821058e-01 5.535553555355543498e-01
4.170417041704175265e-01 4.419441944194425487e-01 5.268526852685274653e-01 4.293429342934301229e-01
4.065406540654069589e-01 4.101410141014107946e-01 4.092409240924098635e-01 3.996399639964002271e-01
3.807380738073813387e-01 3.834383438343839656e-01 4.029402940294034008e-01 4.038403840384042764e-01
3.882388238823886728e-01 4.248424842484254671e-01 3.546354635463550564e-01 3.477347734773483801e-01
3.990399039903996248e-01 3.408340834083412596e-01 3.900390039003903686e-01 3.075307530753079721e-01
3.069306930693074253e-01 2.790279027902793918e-01 3.132313231323135549e-01 2.805280528052810363e-01
2.601260126012603924e-01 3.699369936993700536e-01 2.304230423042306908e-01 3.783378337833789851e-01
2.514251425142517427e-01 2.835283528352838256e-01 2.853285328532856879e-01 2.457245724572460488e-01
2.328232823282331554e-01 2.298229822982300885e-01 2.556255625562560696e-01 2.667266726672668509e-01
2.244224422442246680e-01 2.088208820882091477e-01 2.274227422742277627e-01 2.100210021002102412e-01
2.049204920492052606e-01 2.310231023102314041e-01 1.557155715571559018e-01 2.181218121812183997e-01
1.926192619261928585e-01 2.040204020402042462e-01 1.266126612661267192e-01 1.602160216021604189e-01
1.872187218721874102e-01 1.467146714671468954e-01 1.536153615361538494e-01 1.737173717371739146e-01
1.689168916891691519e-01 1.638163816381639493e-01 1.581158115811582554e-01 1.686168616861688785e-01
1.503150315031505369e-01 1.215121512151216554e-01 1.122112211221122924e-01 1.506150615061508102e-01
1.527152715271528072e-01 1.338133813381339743e-01 1.587158715871589409e-01 1.572157215721574353e-01
1.407140714071408727e-01 1.176117611761177267e-01 1.572157215721573520e-01 1.095109510951096377e-01
1.365136513651366290e-01 1.062106210621062696e-01 9.870987098709879670e-02 1.542154215421543961e-01
8.160816081608170125e-02 9.210921092109215780e-02 8.430843084308441149e-02 1.044104410441044628e-01
1.722172217221724366e-01 1.221122112211222577e-01 1.041104110411042311e-01 1.329132913291330709e-01
1.146114611461147154e-01 6.870687068706873846e-02 1.335133513351337564e-01 8.160816081608167349e-02
7.200720072007205097e-02 1.041104110411042311e-01 9.120912091209128214e-02 1.257125712571258436e-01
7.500750075007503459e-02 1.053105310531054079e-01 8.070807080708081171e-02 9.810981098109813892e-02
9.420942094209432127e-02 8.220822082208228965e-02 7.680768076807682754e-02 8.400840084008405484e-02
5.430543054305429773e-02 1.032103210321032999e-01 8.130813081308142787e-02 7.350735073507352890e-02
8.430843084308438373e-02 7.890789078907894938e-02 8.730873087308739511e-02 4.140414041404136963e-02
8.820882088208832628e-02 5.550555055505553698e-02 6.750675067506758942e-02 5.970597059705974596e-02
6.300630063006300297e-02 6.330633063306335961e-02 4.800480048004805711e-02 6.660666066606671376e-02
5.400540054005396190e-02 7.080708070807088805e-02 6.090609060906096439e-02 5.460546054605466826e-02
6.990699069906995688e-02 6.330633063306334574e-02 4.260426042604259500e-02 3.870387038703869409e-02
6.120612061206125165e-02 6.060606060606060774e-02 6.900690069006899796e-02 3.150315031503145291e-02
5.880588058805879398e-02 3.750375037503746178e-02 5.730573057305732299e-02 4.950495049504952810e-02
6.360636063606366075e-02 3.060306030603053562e-02 4.830483048304831661e-02 7.440744074407450170e-02
2.010201020102001315e-02 3.330333033303326667e-02 6.780678067806782117e-02 4.590459045904590751e-02
5.880588058805882867e-02 5.700570057005700797e-02 3.180318031803174017e-02 4.620462046204614620e-02
