9.085999999999999632e-01 8.350999999999999535e-01 8.426000000000000156e-01 8.821999999999999842e-01
8.209999999999999520e-01 8.325000000000000178e-01 8.707000000000000295e-01 8.760000000000000009e-01
7.915999999999999703e-01 8.066999999999999726e-01 8.312000000000000499e-01 7.923000000000000043e-01
7.563999999999999613e-01 7.544999999999999485e-01 7.207999999999999963e-01 7.298000000000000043e-01
7.409000000000000030e-01 7.238999999999999879e-01 7.610999999999999988e-01 7.264000000000000457e-01
7.439999999999999947e-01 7.045000000000000151e-01 7.050999999999999490e-01 6.757999999999999563e-01
6.591000000000000192e-01 6.636999999999999567e-01 6.721000000000000307e-01 6.130999999999999783e-01
6.570000000000000284e-01 5.787999999999999812e-01 6.736999999999999655e-01 6.211999999999999744e-01
5.816999999999999948e-01 6.532999999999999918e-01 5.738999999999999657e-01 6.041999999999999593e-01
6.280999999999999917e-01 5.833000000000000407e-01 5.631000000000000449e-01 5.601000000000000423e-01
6.226000000000000423e-01 5.672000000000000375e-01 6.076000000000000290e-01 5.656999999999999806e-01
5.368000000000000549e-01 5.635000000000000009e-01 5.567999999999999616e-01 5.269000000000000350e-01
5.238000000000000433e-01 4.974000000000000088e-01 5.510000000000000453e-01 5.288000000000000478e-01
4.746000000000000218e-01 4.949999999999999956e-01 5.197000000000000508e-01 4.868000000000000105e-01
4.860999999999999766e-01 4.640000000000000235e-01 5.324999999999999734e-01 4.843000000000000083e-01
4.676000000000000156e-01 4.721000000000000196e-01 4.848999999999999977e-01 4.557999999999999829e-01
4.566000000000000059e-01 4.675000000000000266e-01 4.477999999999999758e-01 5.012999999999999678e-01
4.183999999999999941e-01 4.007999999999999896e-01 4.066000000000000170e-01 3.891000000000000014e-01
4.474000000000000199e-01 4.123999999999999888e-01 3.872999999999999776e-01 4.148999999999999910e-01
3.684000000000000052e-01 4.223000000000000087e-01 4.002000000000000002e-01 4.006000000000000116e-01
4.064999999999999725e-01 3.840999999999999970e-01 3.347999999999999865e-01 3.438999999999999835e-01
3.821999999999999842e-01 3.590999999999999748e-01 3.814000000000000168e-01 3.865000000000000102e-01
3.287999999999999812e-01 3.781999999999999806e-01 3.372999999999999887e-01 3.516000000000000236e-01
3.169000000000000150e-01 3.486000000000000210e-01 3.795999999999999930e-01 3.326000000000000068e-01
3.266000000000000014e-01 3.135999999999999899e-01 3.129000000000000115e-01 3.503999999999999893e-01
3.267999999999999794e-01 3.311999999999999944e-01 3.473999999999999866e-01 3.202999999999999736e-01
3.194000000000000172e-01 2.886000000000000232e-01 3.098000000000000198e-01 3.279000000000000248e-01
2.802999999999999936e-01 2.631999999999999895e-01 2.811000000000000165e-01 2.797999999999999932e-01
2.948000000000000065e-01 3.049000000000000044e-01 2.862999999999999989e-01 3.148000000000000242e-01
2.767999999999999905e-01 2.597999999999999754e-01 3.235000000000000098e-01 2.610000000000000098e-01
2.796000000000000152e-01 2.843999999999999861e-01 2.924999999999999822e-01 2.676999999999999935e-01
2.363999999999999990e-01 2.506999999999999784e-01 2.381000000000000061e-01 2.600000000000000089e-01
2.328000000000000069e-01 2.472999999999999921e-01 2.441000000000000114e-01 2.730000000000000204e-01
2.541999999999999815e-01 2.429000000000000048e-01 2.346999999999999920e-01 2.338000000000000078e-01
2.671999999999999931e-01 2.386999999999999955e-01 2.447000000000000008e-01 2.447000000000000008e-01
2.570000000000000062e-01 2.232000000000000095e-01 2.535000000000000031e-01 2.545000000000000040e-01
2.585999999999999965e-01 2.580999999999999961e-01 2.525000000000000022e-01 2.388000000000000123e-01
2.209000000000000130e-01 2.132999999999999896e-01 2.028999999999999970e-01 2.223999999999999866e-01
2.194000000000000117e-01 2.172000000000000042e-01 2.223999999999999866e-01 2.381000000000000061e-01
2.313000000000000056e-01 2.427999999999999881e-01 2.109999999999999931e-01 2.043000000000000094e-01
2.353000000000000091e-01 2.298000000000000043e-01 2.091999999999999971e-01 2.044999999999999873e-01
1.985999999999999988e-01 2.056000000000000050e-01 2.107999999999999874e-01 2.061000000000000054e-01
2.121000000000000107e-01 2.025000000000000133e-01 2.030000000000000138e-01 2.011999999999999900e-01
1.859000000000000097e-01 1.796999999999999986e-01 2.043999999999999984e-01 1.819000000000000061e-01
1.869000000000000106e-01 1.957000000000000128e-01 1.953000000000000014e-01 1.932999999999999996e-01
2.025000000000000133e-01 1.970999999999999974e-01 1.973000000000000032e-01 1.950000000000000067e-01
1.726999999999999924e-01 1.721000000000000030e-01 1.824999999999999956e-01 2.003000000000000058e-01
1.738999999999999990e-01 1.889000000000000123e-01 1.661999999999999866e-01 1.723000000000000087e-01
1.771000000000000074e-01 2.089000000000000024e-01 1.625000000000000056e-01 1.927999999999999992e-01
1.829999999999999960e-01 1.849999999999999978e-01 1.734999999999999876e-01 1.673000000000000043e-01
1.819999999999999951e-01 1.593999999999999861e-01 1.784999999999999920e-01 1.758000000000000118e-01
1.718000000000000083e-01 1.781000000000000083e-01 1.676999999999999880e-01 1.807999999999999885e-01
1.585000000000000020e-01 1.773000000000000131e-01 1.708000000000000074e-01 1.751000000000000056e-01
1.867999999999999938e-01 1.449000000000000010e-01 1.771999999999999964e-01 1.829999999999999960e-01
1.773000000000000131e-01 1.542000000000000037e-01 1.608999999999999875e-01 1.411000000000000032e-01
1.560999999999999888e-01 1.607000000000000095e-01 1.587999999999999967e-01 1.534000000000000086e-01
1.653999999999999915e-01 1.690000000000000113e-01 1.701999999999999902e-01 1.529000000000000081e-01
1.572999999999999954e-01 1.554000000000000103e-01 1.449999999999999900e-01 1.658999999999999919e-01
1.550999999999999879e-01 1.378000000000000058e-01 1.623999999999999888e-01 1.441999999999999948e-01
1.431999999999999940e-01 1.532999999999999918e-01 1.492999999999999883e-01 1.499000000000000055e-01
1.660999999999999976e-01 1.428999999999999992e-01 1.537999999999999923e-01 1.577000000000000068e-01
1.489000000000000046e-01 1.378999999999999948e-01 1.519999999999999962e-01 1.565000000000000002e-01
1.388999999999999957e-01 1.403000000000000080e-01 1.433000000000000107e-01 1.746000000000000052e-01
1.648999999999999910e-01 1.812999999999999889e-01 1.615999999999999936e-01 1.602999999999999980e-01
1.345000000000000084e-01 1.433000000000000107e-01 1.668000000000000038e-01 1.428000000000000103e-01
1.464000000000000024e-01 1.507000000000000006e-01 1.371999999999999886e-01 1.426000000000000045e-01
1.459999999999999909e-01 1.532000000000000028e-01 1.408999999999999975e-01 1.595000000000000029e-01
1.361999999999999877e-01 1.531000000000000139e-01 1.414999999999999869e-01 1.479999999999999927e-01
1.368999999999999939e-01 1.342000000000000137e-01 1.398000000000000076e-01 1.458000000000000129e-01
1.305000000000000049e-01 1.305000000000000049e-01 1.418000000000000094e-01 1.363000000000000045e-01
1.496999999999999997e-01 1.250000000000000000e-01 1.444999999999999896e-01 1.393999999999999961e-01
1.497999999999999887e-01 1.346999999999999864e-01 1.333999999999999908e-01 1.295000000000000040e-01
1.527000000000000024e-01 1.388000000000000067e-01 1.272000000000000075e-01 1.328999999999999904e-01
1.350000000000000089e-01 1.522000000000000020e-01 1.236000000000000015e-01 1.393000000000000071e-01
1.400000000000000133e-01 1.328000000000000014e-01 1.295000000000000040e-01 1.411000000000000032e-01
