9.189918991899189704e-01 8.817881788178817404e-01 8.835883588358836027e-01 8.424842484248424856e-01 8.238823882388238706e-01 8.037803780378037777e-01 8.424842484248424856e-01 8.052805280528052556e-01 7.905790579057905276e-01 8.772877287728773066e-01 8.676867686768676702e-01 8.424842484248424856e-01
8.322832283228323025e-01 7.755775577557755263e-01 7.416741674167416365e-01 8.283828382838284154e-01 7.683768376837684100e-01 7.272727272727272929e-01 8.739873987398739663e-01 8.253825382538253486e-01 7.764776477647764574e-01 8.736873687368736929e-01 8.103810381038103472e-01 7.647764776477647963e-01
7.974797479747974815e-01 7.341734173417341358e-01 6.561656165616561731e-01 7.950795079507950724e-01 7.068706870687068156e-01 6.498649864986498770e-01 8.265826582658265531e-01 7.503750375037503417e-01 6.861686168616861758e-01 7.962796279627962770e-01 7.218721872187218169e-01 6.462646264626462633e-01
7.374737473747374761e-01 6.351635163516351490e-01 5.523552355235523681e-01 7.470747074707471125e-01 6.450645064506450588e-01 6.000600060006000547e-01 7.275727572757275663e-01 6.009600960096009858e-01 5.439543954395439362e-01 7.287728772877287708e-01 6.150615061506150560e-01 5.373537353735373667e-01
7.482748274827483170e-01 6.048604860486048729e-01 5.100510051005100465e-01 7.200720072007200656e-01 5.970597059705970988e-01 5.097509750975097731e-01 7.572757275727572956e-01 6.483648364836483990e-01 5.076507650765076374e-01 7.281728172817282241e-01 6.123612361236123736e-01 5.298529852985298660e-01
7.266726672667266351e-01 6.075607560756075554e-01 4.893489348934893512e-01 7.056705670567057220e-01 5.751575157515751435e-01 4.698469846984698606e-01 7.041704170417041331e-01 5.511551155115511635e-01 4.422442244224422669e-01 6.708670867086709011e-01 5.490549054905490278e-01 4.344434443444344374e-01
6.642664266426642206e-01 5.070507050705070906e-01 3.996399639963996164e-01 6.666666666666666297e-01 5.250525052505250478e-01 4.053405340534053658e-01 6.879687968796879272e-01 5.004500450045004101e-01 3.870387038703870242e-01 6.102610261026102378e-01 4.413441344134413358e-01 3.354335433543354505e-01
6.666666666666666297e-01 4.893489348934893512e-01 3.600360036003600328e-01 5.823582358235823708e-01 4.200420042004200383e-01 3.006300630063006296e-01 6.714671467146714479e-01 5.052505250525052283e-01 3.807380738073807280e-01 6.090609060906090333e-01 4.551455145514551326e-01 3.375337533753375308e-01
5.964596459645964410e-01 4.146414641464146178e-01 3.078307830783078569e-01 6.522652265226522861e-01 4.947494749474947717e-01 3.669366936693669312e-01 5.694569456945695052e-01 4.011401140114011499e-01 2.931293129312931289e-01 5.916591659165916228e-01 4.266426642664266633e-01 3.198319831983198469e-01
6.276627662766276483e-01 4.317431743174317549e-01 3.039303930393039144e-01 5.739573957395739390e-01 4.023402340234023544e-01 2.769276927692769230e-01 5.520552055205520947e-01 3.912391239123912401e-01 2.583258325832583080e-01 5.694569456945695052e-01 3.741374137413741585e-01 2.547254725472547499e-01
6.093609360936093067e-01 4.221422142214221185e-01 2.991299129912991517e-01 5.625562556255625513e-01 3.933393339333933203e-01 2.736273627362736383e-01 5.970597059705970988e-01 4.116411641164116619e-01 3.192319231923192446e-01 5.628562856285628246e-01 3.909390939093909667e-01 2.919291929192919244e-01
5.277527752775277303e-01 3.495349534953495207e-01 2.385238523852385162e-01 5.694569456945695052e-01 3.852385238523852173e-01 2.763276327632763207e-01 5.523552355235523681e-01 3.747374737473747608e-01 2.802280228022802078e-01 5.358535853585358888e-01 3.513351335133513276e-01 2.448244824482448123e-01
5.226522652265226387e-01 3.282328232823282232e-01 2.319231923192319189e-01 4.917491749174917604e-01 3.063306330633063235e-01 2.145214521452145084e-01 5.688568856885688474e-01 3.486348634863486451e-01 2.589258925892589103e-01 5.382538253825382979e-01 3.234323432343234050e-01 2.319231923192319189e-01
4.812481248124812483e-01 2.844284428442844237e-01 1.953195319531953189e-01 4.977497749774977276e-01 3.057305730573057212e-01 2.172217221722172187e-01 5.088508850885088419e-01 3.120312031203120173e-01 2.124212421242124282e-01 4.845484548454845330e-01 3.036303630363036410e-01 2.061206120612061321e-01
4.704470447044704629e-01 2.955295529552955380e-01 1.968196819681968246e-01 4.674467446744674515e-01 2.700270027002700246e-01 1.887188718871887216e-01 5.409540954095409804e-01 3.408340834083408155e-01 2.466246624662466191e-01 4.764476447644764301e-01 2.811281128112811389e-01 2.205220522052205312e-01
4.614461446144614287e-01 2.811281128112811389e-01 2.088208820882088146e-01 4.635463546354635644e-01 2.754275427542754451e-01 2.001200120012001094e-01 4.932493249324932383e-01 2.892289228922892419e-01 2.031203120312031207e-01 4.563456345634563371e-01 2.664266426642664110e-01 1.902190219021902273e-01
4.545454545454545303e-01 2.556255625562556255e-01 1.752175217521752260e-01 4.647464746474647690e-01 2.670267026702670132e-01 1.809180918091809198e-01 4.491449144914491654e-01 2.769276927692769230e-01 1.962196219621962223e-01 5.007500750075007945e-01 2.997299729972997540e-01 2.193219321932193266e-01
4.125412541254125376e-01 2.307230723072307144e-01 1.620162016201620037e-01 3.852385238523852173e-01 2.199219921992199289e-01 1.374137413741374214e-01 4.302430243024302214e-01 2.358235823582358337e-01 1.674167416741674241e-01 3.972397239723972628e-01 2.301230123012301121e-01 1.482148214821482068e-01
4.548454845484548592e-01 2.628262826282628528e-01 1.830183018301830278e-01 4.053405340534053658e-01 2.145214521452145084e-01 1.815181518151815221e-01 3.753375337533753631e-01 2.193219321932193266e-01 1.479147914791479057e-01 4.083408340834083217e-01 2.319231923192319189e-01 1.608160816081608269e-01
3.684368436843684091e-01 2.082208220822082123e-01 1.476147614761476046e-01 4.224422442244224474e-01 2.415241524152415276e-01 1.737173717371737203e-01 4.008400840084008210e-01 2.217221722172217357e-01 1.683168316831683275e-01 3.870387038703870242e-01 2.292229222922292364e-01 1.668166816681668219e-01
4.101410141014101285e-01 2.331233123312331235e-01 1.641164116411641116e-01 3.912391239123912401e-01 2.046204620462046264e-01 1.452145214521452232e-01 3.255325532553255408e-01 1.899189918991899262e-01 1.314131413141314264e-01 3.594359435943594305e-01 1.815181518151815221e-01 1.344134413441344100e-01
3.627362736273627153e-01 2.160216021602160141e-01 1.575157515751575144e-01 3.687368736873687380e-01 2.127212721272127294e-01 1.431143114311431153e-01 3.696369636963696137e-01 1.968196819681968246e-01 1.542154215421542018e-01 3.765376537653765121e-01 2.121212121212121271e-01 1.524152415241524228e-01
3.225322532253225294e-01 1.803180318031803175e-01 1.332133213321332055e-01 3.909390939093909667e-01 2.067206720672067344e-01 1.608160816081608269e-01 3.267326732673267453e-01 1.935193519351935121e-01 1.287128712871287162e-01 3.606360636063606351e-01 1.770177017701770050e-01 1.449144914491449221e-01
3.006300630063006296e-01 1.761176117611761294e-01 1.332133213321332055e-01 3.288328832883288255e-01 1.824182418241824255e-01 1.329132913291329043e-01 3.726372637263726251e-01 2.091209120912091157e-01 1.563156315631563098e-01 3.438343834383438269e-01 1.791179117911791130e-01 1.398139813981398027e-01
3.228322832283228583e-01 1.785178517851785107e-01 1.365136513651365180e-01 3.165316531653165066e-01 1.719171917191719134e-01 1.317131713171316998e-01 3.051305130513051189e-01 1.716171617161716123e-01 1.266126612661266082e-01 3.495349534953495207e-01 2.019201920192019162e-01 1.512151215121512182e-01
3.234323432343234050e-01 1.806180618061806187e-01 1.416141614161416096e-01 3.342334233423342460e-01 1.809180918091809198e-01 1.524152415241524228e-01 3.405340534053405421e-01 1.953195319531953189e-01 1.470147014701470023e-01 3.114311431143114151e-01 1.626162616261626059e-01 1.434143414341434164e-01
3.060306030603060501e-01 1.713171317131713112e-01 1.287128712871287162e-01 2.838283828382838214e-01 1.581158115811581166e-01 1.272127212721272105e-01 3.273327332733273476e-01 1.683168316831683275e-01 1.323132313231323021e-01 3.300330033003300301e-01 1.896189618961896250e-01 1.431143114311431153e-01
2.799279927992799344e-01 1.677167716771677253e-01 1.404140414041404050e-01 2.763276327632763207e-01 1.533153315331533262e-01 1.212121212121212155e-01 2.697269726972697512e-01 1.476147614761476046e-01 1.299129912991299207e-01 2.823282328232823435e-01 1.557155715571557075e-01 1.248124812481248153e-01
2.925292529252925267e-01 1.716171617161716123e-01 1.371137113711371203e-01 3.042304230423042433e-01 1.755175517551755271e-01 1.398139813981398027e-01 2.868286828682868328e-01 1.638163816381638105e-01 1.254125412541254037e-01 3.093309330933093348e-01 1.716171617161716123e-01 1.536153615361536273e-01
2.724272427242724337e-01 1.581158115811581166e-01 1.293129312931293184e-01 2.454245424542454146e-01 1.422142214221422118e-01 1.158115811581158089e-01 3.207320732073207226e-01 1.905190519051905285e-01 1.515151515151515194e-01 2.682268226822682178e-01 1.566156615661566109e-01 1.197119711971197098e-01
2.814281428142814123e-01 1.527152715271527239e-01 1.230123012301230084e-01 2.823282328232823435e-01 1.548154815481548041e-01 1.332133213321332055e-01 2.778277827782778542e-01 1.608160816081608269e-01 1.185118511851185052e-01 2.493249324932493294e-01 1.467146714671467012e-01 1.179117911791179169e-01
2.310231023102310155e-01 1.269126912691269093e-01 1.149114911491149055e-01 2.541254125412541476e-01 1.473147314731473034e-01 1.332133213321332055e-01 2.565256525652565012e-01 1.305130513051305230e-01 1.164116411641164112e-01 2.709270927092709003e-01 1.575157515751575144e-01 1.248124812481248153e-01
2.292229222922292364e-01 1.347134713471347112e-01 1.170117011701170134e-01 2.490249024902490282e-01 1.416141614161416096e-01 1.143114311431143171e-01 2.469246924692469203e-01 1.347134713471347112e-01 1.176117611761176157e-01 2.652265226522652064e-01 1.587158715871587189e-01 1.368136813681368191e-01
2.514251425142514096e-01 1.401140114011401039e-01 1.215121512151215166e-01 2.532253225322532164e-01 1.443144314431443198e-01 1.260126012601260059e-01 2.439243924392439367e-01 1.374137413741374214e-01 1.305130513051305230e-01 2.199219921992199289e-01 1.332133213321332055e-01 1.194119411941194087e-01
2.598259825982598414e-01 1.581158115811581166e-01 1.398139813981398027e-01 2.448244824482448123e-01 1.437143714371437175e-01 1.164116411641164112e-01 2.346234623462346292e-01 1.422142214221422118e-01 1.290129012901290173e-01 2.340234023402340269e-01 1.302130213021302219e-01 1.203120312031203121e-01
2.556255625562556255e-01 1.452145214521452232e-01 1.245124512451245141e-01 2.166216621662166164e-01 1.224122412241224062e-01 1.212121212121212155e-01 2.427242724272427321e-01 1.437143714371437175e-01 1.377137713771377225e-01 2.592259225922592392e-01 1.485148514851485080e-01 1.446144614461446209e-01
2.502250225022502050e-01 1.641164116411641116e-01 1.362136213621362169e-01 2.607260726072607171e-01 1.455145514551455244e-01 1.248124812481248153e-01 2.523252325232523408e-01 1.455145514551455244e-01 1.281128112811281139e-01 2.361236123612361348e-01 1.428142814281428141e-01 1.365136513651365180e-01
2.151215121512151107e-01 1.365136513651365180e-01 1.098109810981098139e-01 2.175217521752175198e-01 1.227122712271227073e-01 1.158115811581158089e-01 2.058205820582058310e-01 1.350135013501350123e-01 1.227122712271227073e-01 2.304230423042304132e-01 1.452145214521452232e-01 1.245124512451245141e-01
2.163216321632163153e-01 1.428142814281428141e-01 1.470147014701470023e-01 2.181218121812181221e-01 1.377137713771377225e-01 1.254125412541254037e-01 2.250225022502250205e-01 1.281128112811281139e-01 1.188118811881188064e-01 2.304230423042304132e-01 1.338133813381338078e-01 1.281128112811281139e-01
2.277227722772277307e-01 1.461146114611461266e-01 1.317131713171316998e-01 2.280228022802280319e-01 1.440144014401440187e-01 1.332133213321332055e-01 2.106210621062106214e-01 1.350135013501350123e-01 1.131113111311131125e-01 2.184218421842184232e-01 1.266126612661266082e-01 1.146114611461146182e-01
2.370237023702370105e-01 1.527152715271527239e-01 1.344134413441344100e-01 2.313231323132313166e-01 1.305130513051305230e-01 1.374137413741374214e-01 2.058205820582058310e-01 1.404140414041404050e-01 1.275127512751275116e-01 1.938193819381938132e-01 1.332133213321332055e-01 1.263126312631263071e-01
1.944194419441944155e-01 1.374137413741374214e-01 1.305130513051305230e-01 2.067206720672067344e-01 1.332133213321332055e-01 1.320132013201320009e-01 2.058205820582058310e-01 1.374137413741374214e-01 1.257125712571257048e-01 2.103210321032103203e-01 1.368136813681368191e-01 1.299129912991299207e-01
2.076207620762076100e-01 1.416141614161416096e-01 1.368136813681368191e-01 2.025202520252025185e-01 1.359135913591359157e-01 1.140114011401140159e-01 1.929192919291929098e-01 1.365136513651365180e-01 1.206120612061206132e-01 1.971197119711971257e-01 1.284128412841284150e-01 1.212121212121212155e-01
1.800180018001800164e-01 1.242124212421242130e-01 1.218121812181218178e-01 1.764176417641764305e-01 1.251125112511251025e-01 1.224122412241224062e-01 2.007200720072007116e-01 1.227122712271227073e-01 1.287128712871287162e-01 1.725172517251725157e-01 1.257125712571257048e-01 1.212121212121212155e-01
1.779177917791779084e-01 1.371137113711371203e-01 1.254125412541254037e-01 1.872187218721872159e-01 1.398139813981398027e-01 1.311131113111311253e-01 2.019201920192019162e-01 1.398139813981398027e-01 1.467146714671467012e-01 1.923192319231923075e-01 1.206120612061206132e-01 1.110111011101110046e-01
1.962196219621962223e-01 1.464146414641464278e-01 1.452145214521452232e-01 1.896189618961896250e-01 1.398139813981398027e-01 1.248124812481248153e-01 2.013201320132013139e-01 1.380138013801380237e-01 1.383138313831383248e-01 1.896189618961896250e-01 1.290129012901290173e-01 1.122112211221122091e-01
1.854185418541854091e-01 1.197119711971197098e-01 1.089108910891089105e-01 1.785178517851785107e-01 1.197119711971197098e-01 1.236123612361236107e-01 1.809180918091809198e-01 1.263126312631263071e-01 1.215121512151215166e-01 1.947194719471947166e-01 1.233123312331233096e-01 1.278127812781278128e-01
1.719171917191719134e-01 1.221122112211221189e-01 1.095109510951095128e-01 1.875187518751875171e-01 1.419141914191419107e-01 1.245124512451245141e-01 1.692169216921692032e-01 1.263126312631263071e-01 1.101110111011101150e-01 1.776177617761776073e-01 1.182118211821182180e-01 1.107110711071107173e-01
1.752175217521752260e-01 1.170117011701170134e-01 1.170117011701170134e-01 2.058205820582058310e-01 1.380138013801380237e-01 1.299129912991299207e-01 1.629162916291629071e-01 1.215121512151215166e-01 1.161116111611161100e-01 1.920192019201920064e-01 1.353135313531353134e-01 1.266126612661266082e-01
1.968196819681968246e-01 1.335133513351335066e-01 1.326132613261326032e-01 1.839183918391839312e-01 1.293129312931293184e-01 1.359135913591359157e-01 1.662166216621662196e-01 1.128112811281128114e-01 1.197119711971197098e-01 1.608160816081608269e-01 1.326132613261326032e-01 1.206120612061206132e-01
1.839183918391839312e-01 1.278127812781278128e-01 1.128112811281128114e-01 1.635163516351635093e-01 1.293129312931293184e-01 1.191119111911191075e-01 1.782178217821782096e-01 1.275127512751275116e-01 1.329132913291329043e-01 1.779177917791779084e-01 1.266126612661266082e-01 1.323132313231323021e-01
1.782178217821782096e-01 1.362136213621362169e-01 1.269126912691269093e-01 1.818181818181818232e-01 1.320132013201320009e-01 1.290129012901290173e-01 1.725172517251725157e-01 1.299129912991299207e-01 1.284128412841284150e-01 1.785178517851785107e-01 1.419141914191419107e-01 1.395139513951395016e-01
1.584158415841584178e-01 1.122112211221122091e-01 1.050105010501050096e-01 1.767176717671767039e-01 1.287128712871287162e-01 1.257125712571257048e-01 1.785178517851785107e-01 1.245124512451245141e-01 1.344134413441344100e-01 1.737173717371737203e-01 1.383138313831383248e-01 1.254125412541254037e-01
1.944194419441944155e-01 1.428142814281428141e-01 1.419141914191419107e-01 1.440144014401440187e-01 1.149114911491149055e-01 1.086108610861086093e-01 1.695169516951695043e-01 1.275127512751275116e-01 1.332133213321332055e-01 1.842184218421842046e-01 1.365136513651365180e-01 1.407140714071407062e-01
1.638163816381638105e-01 1.419141914191419107e-01 1.257125712571257048e-01 1.581158115811581166e-01 1.215121512151215166e-01 1.197119711971197098e-01 1.554155415541554064e-01 1.293129312931293184e-01 1.188118811881188064e-01 1.431143114311431153e-01 1.131113111311131125e-01 1.041104110411041062e-01
1.575157515751575144e-01 1.164116411641164112e-01 1.092109210921092116e-01 1.533153315331533262e-01 1.218121812181218178e-01 1.302130213021302219e-01 1.569156915691569121e-01 1.332133213321332055e-01 1.227122712271227073e-01 1.500150015001500137e-01 1.170117011701170134e-01 1.308130813081308241e-01
1.572157215721572132e-01 1.251125112511251025e-01 1.395139513951395016e-01 1.689168916891689298e-01 1.311131113111311253e-01 1.263126312631263071e-01 1.689168916891689298e-01 1.230123012301230084e-01 1.305130513051305230e-01 1.533153315331533262e-01 1.308130813081308241e-01 1.173117311731173146e-01
1.536153615361536273e-01 1.302130213021302219e-01 1.194119411941194087e-01 1.587158715871587189e-01 1.257125712571257048e-01 1.167116711671167123e-01 1.434143414341434164e-01 1.125112511251125103e-01 1.113111311131113057e-01 1.767176717671767039e-01 1.470147014701470023e-01 1.482148214821482068e-01
1.593159315931593212e-01 1.143114311431143171e-01 1.140114011401140159e-01 1.326132613261326032e-01 1.140114011401140159e-01 1.113111311131113057e-01 1.689168916891689298e-01 1.401140114011401039e-01 1.239123912391239118e-01 1.365136513651365180e-01 1.125112511251125103e-01 1.089108910891089105e-01
1.386138613861386260e-01 1.092109210921092116e-01 1.107110711071107173e-01 1.542154215421542018e-01 1.218121812181218178e-01 1.155115511551155077e-01 1.533153315331533262e-01 1.230123012301230084e-01 1.146114611461146182e-01 1.401140114011401039e-01 1.374137413741374214e-01 1.248124812481248153e-01
1.650165016501650150e-01 1.254125412541254037e-01 1.332133213321332055e-01 1.359135913591359157e-01 1.095109510951095128e-01 1.101110111011101150e-01 1.461146114611461266e-01 1.200120012001200109e-01 1.176117611761176157e-01 1.584158415841584178e-01 1.293129312931293184e-01 1.173117311731173146e-01
1.416141614161416096e-01 1.203120312031203121e-01 1.239123912391239118e-01 1.413141314131413084e-01 1.095109510951095128e-01 1.143114311431143171e-01 1.572157215721572132e-01 1.155115511551155077e-01 1.194119411941194087e-01 1.575157515751575144e-01 1.350135013501350123e-01 1.302130213021302219e-01
1.500150015001500137e-01 1.095109510951095128e-01 1.092109210921092116e-01 1.461146114611461266e-01 1.254125412541254037e-01 1.158115811581158089e-01 1.452145214521452232e-01 1.143114311431143171e-01 1.221122112211221189e-01 1.656165616561656173e-01 1.506150615061506159e-01 1.518151815181518205e-01
1.647164716471647139e-01 1.311131113111311253e-01 1.374137413741374214e-01 1.788178817881788119e-01 1.434143414341434164e-01 1.560156015601560087e-01 1.554155415541554064e-01 1.260126012601260059e-01 1.344134413441344100e-01 1.647164716471647139e-01 1.443144314431443198e-01 1.332133213321332055e-01
1.419141914191419107e-01 1.125112511251125103e-01 1.134113411341134137e-01 1.437143714371437175e-01 1.299129912991299207e-01 1.143114311431143171e-01 1.728172817281728169e-01 1.431143114311431153e-01 1.341134113411341089e-01 1.518151815181518205e-01 1.344134413441344100e-01 1.236123612361236107e-01
1.575157515751575144e-01 1.302130213021302219e-01 1.119111911191119080e-01 1.533153315331533262e-01 1.317131713171316998e-01 1.257125712571257048e-01 1.383138313831383248e-01 1.239123912391239118e-01 1.350135013501350123e-01 1.482148214821482068e-01 1.221122112211221189e-01 1.107110711071107173e-01
1.392139213921392005e-01 1.209120912091209143e-01 1.122112211221122091e-01 1.380138013801380237e-01 1.359135913591359157e-01 1.290129012901290173e-01 1.404140414041404050e-01 1.104110411041104162e-01 1.188118811881188064e-01 1.575157515751575144e-01 1.254125412541254037e-01 1.374137413741374214e-01
1.377137713771377225e-01 1.224122412241224062e-01 1.194119411941194087e-01 1.476147614761476046e-01 1.293129312931293184e-01 1.368136813681368191e-01 1.371137113711371203e-01 1.188118811881188064e-01 1.197119711971197098e-01 1.473147314731473034e-01 1.269126912691269093e-01 1.296129612961296196e-01
1.407140714071407062e-01 1.218121812181218178e-01 1.188118811881188064e-01 1.344134413441344100e-01 1.161116111611161100e-01 1.149114911491149055e-01 1.428142814281428141e-01 1.233123312331233096e-01 1.350135013501350123e-01 1.419141914191419107e-01 1.374137413741374214e-01 1.302130213021302219e-01
1.299129912991299207e-01 1.251125112511251025e-01 1.188118811881188064e-01 1.347134713471347112e-01 1.059105910591059130e-01 1.008100810081008075e-01 1.455145514551455244e-01 1.206120612061206132e-01 1.269126912691269093e-01 1.194119411941194087e-01 1.191119111911191075e-01 1.146114611461146182e-01
1.479147914791479057e-01 1.365136513651365180e-01 1.278127812781278128e-01 1.269126912691269093e-01 1.116111611161116068e-01 1.128112811281128114e-01 1.545154515451545030e-01 1.299129912991299207e-01 1.350135013501350123e-01 1.440144014401440187e-01 1.302130213021302219e-01 1.128112811281128114e-01
1.515151515151515194e-01 1.230123012301230084e-01 1.380138013801380237e-01 1.290129012901290173e-01 1.161116111611161100e-01 1.071107110711071175e-01 1.377137713771377225e-01 1.302130213021302219e-01 1.305130513051305230e-01 1.314131413141314264e-01 1.203120312031203121e-01 1.197119711971197098e-01
1.476147614761476046e-01 1.350135013501350123e-01 1.296129612961296196e-01 1.368136813681368191e-01 1.176117611761176157e-01 1.188118811881188064e-01 1.356135613561356146e-01 1.200120012001200109e-01 1.056105610561056118e-01 1.305130513051305230e-01 1.230123012301230084e-01 1.233123312331233096e-01
1.311131113111311253e-01 1.197119711971197098e-01 1.290129012901290173e-01 1.461146114611461266e-01 1.281128112811281139e-01 1.416141614161416096e-01 1.110111011101110046e-01 1.155115511551155077e-01 1.176117611761176157e-01 1.389138913891389271e-01 1.287128712871287162e-01 1.323132313231323021e-01
1.464146414641464278e-01 1.236123612361236107e-01 1.260126012601260059e-01 1.407140714071407062e-01 1.302130213021302219e-01 1.095109510951095128e-01 1.209120912091209143e-01 1.191119111911191075e-01 1.176117611761176157e-01 1.338133813381338078e-01 1.263126312631263071e-01 1.284128412841284150e-01
