2.300000000000000000e+01 1.900000000000000000e+01 2.100000000000000000e+01 2.100000000000000000e+01
4.300000000000000000e+01 4.500000000000000000e+01 4.700000000000000000e+01 4.900000000000000000e+01
7.100000000000000000e+01 6.300000000000000000e+01 6.100000000000000000e+01 5.900000000000000000e+01
8.900000000000000000e+01 8.900000000000000000e+01 7.900000000000000000e+01 8.100000000000000000e+01
1.050000000000000000e+02 9.900000000000000000e+01 9.300000000000000000e+01 1.010000000000000000e+02
1.210000000000000000e+02 1.150000000000000000e+02 1.150000000000000000e+02 1.230000000000000000e+02
1.390000000000000000e+02 1.410000000000000000e+02 1.370000000000000000e+02 1.350000000000000000e+02
1.550000000000000000e+02 1.610000000000000000e+02 1.590000000000000000e+02 1.610000000000000000e+02
1.870000000000000000e+02 1.750000000000000000e+02 1.870000000000000000e+02 1.790000000000000000e+02
1.950000000000000000e+02 2.030000000000000000e+02 2.010000000000000000e+02 2.030000000000000000e+02
2.050000000000000000e+02 2.030000000000000000e+02 2.190000000000000000e+02 2.150000000000000000e+02
2.410000000000000000e+02 2.370000000000000000e+02 2.390000000000000000e+02 2.330000000000000000e+02
2.550000000000000000e+02 2.570000000000000000e+02 2.570000000000000000e+02 2.610000000000000000e+02
2.610000000000000000e+02 2.790000000000000000e+02 2.790000000000000000e+02 2.690000000000000000e+02
2.890000000000000000e+02 2.970000000000000000e+02 3.030000000000000000e+02 2.950000000000000000e+02
3.130000000000000000e+02 3.230000000000000000e+02 3.170000000000000000e+02 3.130000000000000000e+02
3.310000000000000000e+02 3.290000000000000000e+02 3.370000000000000000e+02 3.190000000000000000e+02
3.510000000000000000e+02 3.550000000000000000e+02 3.490000000000000000e+02 3.590000000000000000e+02
3.650000000000000000e+02 3.970000000000000000e+02 3.810000000000000000e+02 3.630000000000000000e+02
3.950000000000000000e+02 4.050000000000000000e+02 3.830000000000000000e+02 4.050000000000000000e+02
4.150000000000000000e+02 4.090000000000000000e+02 4.290000000000000000e+02 4.090000000000000000e+02
4.390000000000000000e+02 4.290000000000000000e+02 4.350000000000000000e+02 4.290000000000000000e+02
4.570000000000000000e+02 4.310000000000000000e+02 4.490000000000000000e+02 4.490000000000000000e+02
4.670000000000000000e+02 4.770000000000000000e+02 4.750000000000000000e+02 4.450000000000000000e+02
4.790000000000000000e+02 4.850000000000000000e+02 4.850000000000000000e+02 4.950000000000000000e+02
4.970000000000000000e+02 5.110000000000000000e+02 5.110000000000000000e+02 5.050000000000000000e+02
5.450000000000000000e+02 5.390000000000000000e+02 5.270000000000000000e+02 5.170000000000000000e+02
5.550000000000000000e+02 5.510000000000000000e+02 5.810000000000000000e+02 5.590000000000000000e+02
5.570000000000000000e+02 5.550000000000000000e+02 5.710000000000000000e+02 5.490000000000000000e+02
5.810000000000000000e+02 5.690000000000000000e+02 5.730000000000000000e+02 5.850000000000000000e+02
5.970000000000000000e+02 5.910000000000000000e+02 6.250000000000000000e+02 6.210000000000000000e+02
6.050000000000000000e+02 6.270000000000000000e+02 6.230000000000000000e+02 6.210000000000000000e+02
6.610000000000000000e+02 6.210000000000000000e+02 6.370000000000000000e+02 6.530000000000000000e+02
6.650000000000000000e+02 6.750000000000000000e+02 6.590000000000000000e+02 6.550000000000000000e+02
7.110000000000000000e+02 6.610000000000000000e+02 7.010000000000000000e+02 6.950000000000000000e+02
6.950000000000000000e+02 7.050000000000000000e+02 6.870000000000000000e+02 7.070000000000000000e+02
7.310000000000000000e+02 7.210000000000000000e+02 7.130000000000000000e+02 7.190000000000000000e+02
7.250000000000000000e+02 7.390000000000000000e+02 7.170000000000000000e+02 7.470000000000000000e+02
7.630000000000000000e+02 7.690000000000000000e+02 7.550000000000000000e+02 7.590000000000000000e+02
7.810000000000000000e+02 7.970000000000000000e+02 7.730000000000000000e+02 7.630000000000000000e+02
7.790000000000000000e+02 7.950000000000000000e+02 7.810000000000000000e+02 7.850000000000000000e+02
8.230000000000000000e+02 7.990000000000000000e+02 8.030000000000000000e+02 8.010000000000000000e+02
8.370000000000000000e+02 8.190000000000000000e+02 8.450000000000000000e+02 8.450000000000000000e+02
8.530000000000000000e+02 8.510000000000000000e+02 8.630000000000000000e+02 8.350000000000000000e+02
8.870000000000000000e+02 8.710000000000000000e+02 8.790000000000000000e+02 8.790000000000000000e+02
9.070000000000000000e+02 8.990000000000000000e+02 9.130000000000000000e+02 9.050000000000000000e+02
9.270000000000000000e+02 9.190000000000000000e+02 9.270000000000000000e+02 9.070000000000000000e+02
9.330000000000000000e+02 9.470000000000000000e+02 9.470000000000000000e+02 9.330000000000000000e+02
9.630000000000000000e+02 9.490000000000000000e+02 9.330000000000000000e+02 9.790000000000000000e+02
9.910000000000000000e+02 9.790000000000000000e+02 9.550000000000000000e+02 9.590000000000000000e+02
9.910000000000000000e+02 1.003000000000000000e+03 9.830000000000000000e+02 9.950000000000000000e+02
1.015000000000000000e+03 1.029000000000000000e+03 9.810000000000000000e+02 9.970000000000000000e+02
1.041000000000000000e+03 1.031000000000000000e+03 1.045000000000000000e+03 1.063000000000000000e+03
1.061000000000000000e+03 1.049000000000000000e+03 1.029000000000000000e+03 1.077000000000000000e+03
1.071000000000000000e+03 1.113000000000000000e+03 1.077000000000000000e+03 1.073000000000000000e+03
1.073000000000000000e+03 1.083000000000000000e+03 1.101000000000000000e+03 1.117000000000000000e+03
1.129000000000000000e+03 1.111000000000000000e+03 1.105000000000000000e+03 1.121000000000000000e+03
1.117000000000000000e+03 1.153000000000000000e+03 1.145000000000000000e+03 1.129000000000000000e+03
1.163000000000000000e+03 1.111000000000000000e+03 1.127000000000000000e+03 1.119000000000000000e+03
1.157000000000000000e+03 1.135000000000000000e+03 1.175000000000000000e+03 1.175000000000000000e+03
1.191000000000000000e+03 1.177000000000000000e+03 1.173000000000000000e+03 1.187000000000000000e+03
1.199000000000000000e+03 1.213000000000000000e+03 1.217000000000000000e+03 1.191000000000000000e+03
1.213000000000000000e+03 1.233000000000000000e+03 1.219000000000000000e+03 1.221000000000000000e+03
1.249000000000000000e+03 1.223000000000000000e+03 1.269000000000000000e+03 1.227000000000000000e+03
1.271000000000000000e+03 1.267000000000000000e+03 1.201000000000000000e+03 1.271000000000000000e+03
1.283000000000000000e+03 1.289000000000000000e+03 1.305000000000000000e+03 1.289000000000000000e+03
1.309000000000000000e+03 1.283000000000000000e+03 1.285000000000000000e+03 1.293000000000000000e+03
1.321000000000000000e+03 1.317000000000000000e+03 1.333000000000000000e+03 1.307000000000000000e+03
1.337000000000000000e+03 1.341000000000000000e+03 1.349000000000000000e+03 1.347000000000000000e+03
1.363000000000000000e+03 1.371000000000000000e+03 1.343000000000000000e+03 1.335000000000000000e+03
1.395000000000000000e+03 1.353000000000000000e+03 1.349000000000000000e+03 1.387000000000000000e+03
1.397000000000000000e+03 1.401000000000000000e+03 1.379000000000000000e+03 1.401000000000000000e+03
1.399000000000000000e+03 1.385000000000000000e+03 1.415000000000000000e+03 1.391000000000000000e+03
1.469000000000000000e+03 1.451000000000000000e+03 1.447000000000000000e+03 1.443000000000000000e+03
1.445000000000000000e+03 1.449000000000000000e+03 1.451000000000000000e+03 1.419000000000000000e+03
