9.951995199519950708e-01 8.595859585958581794e-01 9.021902190219013296e-01 8.712871287128706177e-01
9.117911791179111880e-01 9.072907290729064211e-01 9.222922292229208674e-01 9.546954695469538343e-01
8.460846084608458773e-01 9.144914491449144256e-01 9.147914791479145880e-01 8.694869486948684223e-01
8.592859285928584612e-01 9.060906090609064378e-01 9.237923792379238996e-01 8.784878487848776230e-01
9.402940294029402679e-01 8.787878787878780074e-01 8.343834383438331059e-01 8.772877287728778617e-01
8.466846684668460910e-01 8.613861386138617071e-01 9.012901290129012866e-01 7.998799879987994466e-01
8.712871287128712838e-01 8.301830183018297227e-01 9.495949594959497420e-01 8.421842184218426564e-01
8.919891989198922566e-01 7.875787578757877938e-01 8.793879387938788872e-01 7.992799279927988998e-01
8.532853285328533266e-01 8.394839483948391967e-01 7.980798079807982504e-01 8.148814881488143369e-01
8.916891689168907620e-01 7.917791779177916212e-01 7.407740774077405943e-01 8.406840684068412894e-01
8.607860786078606052e-01 7.812781278127816087e-01 8.754875487548758883e-01 8.076807680768074427e-01
7.731773177317733392e-01 8.289828982898296283e-01 8.130813081308130297e-01 7.983798379837989678e-01
8.151815181518154985e-01 7.707770777077710411e-01 9.195919591959196282e-01 8.763876387638768195e-01
7.857785778577868196e-01 7.932793279327933211e-01 8.028802880288031796e-01 7.488748874887494189e-01
7.215721572157219876e-01 7.809780978097820014e-01 8.469846984698476966e-01 8.064806480648069043e-01
7.497749774977500170e-01 7.644764476447649670e-01 8.151815181518156095e-01 7.599759975997605332e-01
7.719771977197725787e-01 7.740774077407743814e-01 7.128712871287130604e-01 8.223822382238228368e-01
7.074707470747080285e-01 6.333633363336333977e-01 7.506750675067513923e-01 6.495649564956497146e-01
7.590759075907592690e-01 7.539753975397552876e-01 6.159615961596165423e-01 6.900690069006906180e-01
6.282628262826285281e-01 7.164716471647168961e-01 7.056705670567061661e-01 6.402640264026403516e-01
6.951695169516954875e-01 7.050705070507055083e-01 5.382538253825385199e-01 6.681668166816687737e-01
5.976597659765977566e-01 6.111611161116116131e-01 6.726672667266733185e-01 6.456645664566461607e-01
5.598559855985605349e-01 7.134713471347139402e-01 5.283528352835283881e-01 6.957695769576965894e-01
5.067506750675069283e-01 5.721572157215727428e-01 6.468646864686472542e-01 6.339633963396344996e-01
5.694569456945703934e-01 5.655565556555657292e-01 5.271527152715271836e-01 5.940594059405946981e-01
5.700570057005706071e-01 6.123612361236128177e-01 5.826582658265830883e-01 5.898589858985902046e-01
5.328532853285335991e-01 5.043504350435046302e-01 6.093609360936101949e-01 5.643564356435645246e-01
4.770477047704773654e-01 4.902490249024907265e-01 4.962496249624970823e-01 5.046504650465051256e-01
4.998499849985003074e-01 5.259525952595263121e-01 4.944494449444949424e-01 5.667566756675671558e-01
4.722472247224728248e-01 4.254425442544257918e-01 5.421542154215420739e-01 4.545454545454548079e-01
5.091509150915094484e-01 5.157515751575163510e-01 4.695469546954699758e-01 4.257425742574261207e-01
4.272427242724275986e-01 4.536453645364539877e-01 4.944494449444949979e-01 4.650465046504655975e-01
4.005400540054009362e-01 4.365436543654368506e-01 4.542454245424547010e-01 4.563456345634567257e-01
4.554455445544560721e-01 4.527452745274533896e-01 4.500450045004503741e-01 3.795379537953798010e-01
4.449444944494452825e-01 4.197419741974199314e-01 4.062406240624065745e-01 4.317431743174320324e-01
4.557455745574561790e-01 4.038403840384044430e-01 4.347434743474350993e-01 4.767476747674774251e-01
3.945394539453948579e-01 4.704470447044710735e-01 4.485448544854488961e-01 4.164416441644168132e-01
3.456345634563457447e-01 4.002400240024006628e-01 3.351335133513352882e-01 3.801380138013805698e-01
3.675367536753678666e-01 3.666366636663667689e-01 4.095409540954097483e-01 4.179417941794182356e-01
3.765376537653766231e-01 3.852385238523857169e-01 3.399339933993399954e-01 3.900390039003903686e-01
3.873387338733875751e-01 4.398439843984400799e-01 3.237323732373239005e-01 3.081308130813084079e-01
3.015301530153017273e-01 3.525352535253529207e-01 3.309330933093310168e-01 3.504350435043508405e-01
3.348334833483350703e-01 3.138313831383138242e-01 2.898289828982900107e-01 3.273327332733275141e-01
2.892289228922896305e-01 2.763276327632765428e-01 3.627362736273629373e-01 2.616261626162617038e-01
2.478247824782478792e-01 2.733273327332733649e-01 3.330333033303332080e-01 3.261326132613262541e-01
2.946294629462948289e-01 2.742274227422742405e-01 3.282328232823287784e-01 2.940294029402941711e-01
3.060306030603061611e-01 3.000300030003002494e-01 2.853285328532855214e-01 3.420342034203423531e-01
2.589258925892590768e-01 2.613261326132613194e-01 2.388238823882388728e-01 2.889288928892891350e-01
2.916291629162920396e-01 3.333333333333335924e-01 2.403240324032402953e-01 2.967296729672966871e-01
3.225322532253226959e-01 2.997299729973001425e-01 2.799279927992802119e-01 2.052205220522052287e-01
2.811281128112813610e-01 2.217221722172219023e-01 2.850285028502851925e-01 2.862286228622863415e-01
2.529252925292528875e-01 2.784278427842785675e-01 2.562256225622562833e-01 2.493249324932493849e-01
2.436243624362438298e-01 2.697269726972699178e-01 2.964296429642966912e-01 2.316231623162315345e-01
2.967296729672968536e-01 1.959195919591959212e-01 2.592259225922592947e-01 2.838283828382840990e-01
1.914191419141913764e-01 2.295229522952294821e-01 1.971197119711972368e-01 1.941194119411941144e-01
2.325232523252326045e-01 2.247224722472249414e-01 1.938193819381936467e-01 2.298229822982299220e-01
2.358235823582360557e-01 2.397239723972396652e-01 2.682268226822684398e-01 1.848184818481846681e-01
1.896189618961896528e-01 2.157215721572156297e-01 2.040204020402040519e-01 2.373237323732372561e-01
2.490249024902490838e-01 1.671167116711671230e-01 2.103210321032104868e-01 1.809180918091810586e-01
1.989198919891989881e-01 2.127212721272127294e-01 2.055205520552058074e-01 1.329132913291327101e-01
2.520252025202521229e-01 1.893189318931892684e-01 1.959195919591960044e-01 2.046204620462045154e-01
1.878187818781878737e-01 2.097209720972098013e-01 2.445244524452445944e-01 1.977197719771976725e-01
2.307230723072308531e-01 1.779177917791777697e-01 2.148214821482149206e-01 1.968196819681967413e-01
2.382238223822382983e-01 2.622262226222620840e-01 2.226222622262227502e-01 1.944194419441943877e-01
2.016201620162016706e-01 1.557155715571556520e-01 2.232223222322231859e-01 1.758175817581758282e-01
1.938193819381937022e-01 1.905190519051904452e-01 1.782178217821782651e-01 1.890189018901889950e-01
1.671167116711671230e-01 1.353135313531350636e-01 2.088208820882089256e-01 2.337233723372339200e-01
1.653165316531654550e-01 1.917191719171915387e-01 1.746174617461745959e-01 1.908190819081909129e-01
1.755175517551755271e-01 1.698169816981698055e-01 1.935193519351934843e-01 1.437143714371434955e-01
1.332133213321330667e-01 1.872187218721872715e-01 2.016201620162016706e-01 1.155115511551155077e-01
1.620162016201617539e-01 1.587158715871588854e-01 2.088208820882088423e-01 1.542154215421541186e-01
2.235223522352237646e-01 1.458145814581457145e-01 1.530153015301531361e-01 1.530153015301530250e-01
1.674167416741673131e-01 1.764176417641764028e-01 1.524152415241523395e-01 1.458145814581457145e-01
1.632163216321632082e-01 1.956195619561956756e-01 1.041104110411040506e-01 1.629162916291629348e-01
1.944194419441946098e-01 1.410141014101409518e-01 1.230123012301229113e-01 1.509150915091508061e-01
