9.832999999999999519e-01 9.827000000000000179e-01 9.860999999999999766e-01 9.805000000000000382e-01
9.586999999999999966e-01 9.594000000000000306e-01 9.697999999999999954e-01 9.592000000000000526e-01
9.542000000000000481e-01 9.516999999999999904e-01 9.472000000000000419e-01 9.489999999999999547e-01
9.285999999999999810e-01 9.206999999999999629e-01 9.294000000000000039e-01 9.373000000000000220e-01
8.954999999999999627e-01 9.282000000000000250e-01 8.964999999999999636e-01 8.979000000000000314e-01
9.010000000000000231e-01 8.870000000000000107e-01 8.739999999999999991e-01 9.076999999999999513e-01
8.867000000000000437e-01 8.736000000000000432e-01 8.982999999999999874e-01 8.787000000000000366e-01
8.739000000000000101e-01 8.437000000000000055e-01 8.706000000000000405e-01 8.727000000000000313e-01
8.148999999999999577e-01 8.356999999999999984e-01 8.184000000000000163e-01 8.316999999999999948e-01
8.364000000000000323e-01 8.014999999999999902e-01 8.400999999999999579e-01 8.074999999999999956e-01
