9.855985598559855454e-01 9.672967296729673148e-01 9.654965496549654524e-01 9.789978997899789759e-01 9.690969096909690661e-01 9.552955295529552693e-01 9.852985298529852720e-01 9.765976597659765668e-01 9.588958895889588829e-01 9.852985298529852720e-01 9.690969096909690661e-01 9.558955895589559271e-01
9.537953795379537913e-01 9.318931893189319471e-01 8.976897689768976729e-01 9.657965796579658369e-01 9.270927092709271289e-01 8.958895889588959216e-01 9.693969396939694505e-01 9.390939093909390634e-01 9.006900690069007398e-01 9.543954395439544491e-01 9.252925292529252665e-01 8.898889888988898988e-01
9.549954995499549959e-01 9.006900690069007398e-01 8.715871587158715572e-01 9.531953195319532446e-01 9.039903990399039690e-01 8.754875487548754442e-01 9.450945094509450861e-01 9.108910891089109230e-01 8.541854185418541467e-01 9.465946594659465640e-01 9.102910291029102652e-01 8.799879987998799891e-01
9.240924092409240620e-01 8.802880288028802624e-01 8.277827782778277577e-01 9.243924392439244464e-01 8.607860786078608273e-01 7.836783678367836847e-01 9.300930093009300847e-01 8.667866786678667390e-01 8.130813081308130297e-01 9.483948394839484264e-01 8.817881788178817404e-01 8.394839483948395298e-01
8.997899789978998086e-01 8.049804980498049822e-01 7.581758175817582268e-01 9.264926492649264711e-01 8.499849984998499863e-01 8.058805880588059134e-01 8.955895589558955372e-01 8.175817581758175745e-01 7.308730873087309066e-01 8.976897689768976729e-01 8.151815181518151654e-01 7.425742574257425677e-01
9.087908790879087872e-01 8.046804680468047088e-01 7.395739573957396118e-01 8.922892289228923079e-01 8.067806780678067335e-01 7.122712271227122915e-01 8.664866486648664656e-01 7.680768076807680256e-01 6.813681368136813576e-01 9.024902490249024911e-01 8.187818781878187790e-01 7.575757575757575690e-01
8.970897089708971262e-01 7.959795979597960036e-01 7.062706270627062688e-01 8.661866186618661922e-01 7.773777377737773886e-01 6.819681968196820154e-01 9.069906990699070359e-01 8.226822682268226661e-01 7.653765376537653431e-01 8.805880588058805358e-01 7.668766876687669320e-01 6.792679267926792219e-01
8.739873987398739663e-01 7.572757275727572956e-01 6.930693069306930187e-01 8.439843984398439636e-01 7.179717971797179299e-01 6.390639063906390360e-01 8.664866486648664656e-01 7.758775877587759107e-01 6.960696069606960856e-01 8.805880588058805358e-01 7.533753375337534086e-01 6.675667566756675608e-01
8.151815181518151654e-01 6.831683168316832200e-01 5.937593759375937585e-01 8.364836483648364629e-01 6.975697569756975636e-01 6.117611761176117158e-01 8.262826282628262797e-01 6.795679567956796063e-01 5.916591659165916228e-01 8.394839483948395298e-01 6.981698169816982213e-01 5.910591059105910761e-01
8.457845784578458259e-01 7.518751875187519307e-01 6.258625862586258970e-01 7.986798679867986861e-01 6.387638763876387626e-01 5.421542154215421849e-01 8.373837383738373941e-01 7.308730873087309066e-01 6.108610861086108956e-01 8.136813681368136875e-01 6.645664566456646050e-01 5.610561056105610733e-01
