1.020402040204018812e+00 9.849984998499842215e-01 9.849984998499836664e-01 1.004500450045003879e+00
9.633963396339619845e-01 1.012001200120012268e+00 9.915991599159907910e-01 9.771977197719767805e-01
1.034503450345032549e+00 1.023102310231022605e+00 9.567956795679558590e-01 9.888988898889878865e-01
9.591959195919580461e-01 9.744974497449745421e-01 1.003000300030002290e+00 1.039303930393038478e+00
1.042604260426041041e+00 1.035403540354035368e+00 9.648964896489639065e-01 9.900990099009889800e-01
1.051905190519051514e+00 9.687968796879689037e-01 9.765976597659761227e-01 1.008700870087008150e+00
1.009600960096007860e+00 9.483948394839472051e-01 1.018301830183017564e+00 1.020402040204019478e+00
1.043204320432042476e+00 1.017101710171016915e+00 9.678967896789678615e-01 1.049204920492048387e+00
9.897989798979882625e-01 1.028502850285028414e+00 1.031803180318030755e+00 1.015001500150013891e+00
9.075907590759065835e-01 1.021902190219021511e+00 9.303930393039296920e-01 1.008400840084007877e+00
