8.622999999999999554e-01 8.648000000000000131e-01 8.598999999999999977e-01 8.786000000000000476e-01
7.981000000000000316e-01 7.775999999999999579e-01 8.012000000000000233e-01 7.764999999999999680e-01
7.158999999999999808e-01 7.358999999999999986e-01 7.265000000000000346e-01 7.009999999999999565e-01
6.450000000000000178e-01 6.751000000000000334e-01 6.521000000000000130e-01 6.536999999999999478e-01
6.169000000000000039e-01 6.020999999999999686e-01 5.848999999999999755e-01 6.249000000000000110e-01
5.534999999999999920e-01 5.356999999999999540e-01 5.271000000000000130e-01 5.411000000000000254e-01
5.033999999999999586e-01 5.161999999999999922e-01 5.201999999999999957e-01 4.741000000000000214e-01
4.743999999999999884e-01 4.894000000000000017e-01 4.381999999999999784e-01 4.314000000000000057e-01
3.971000000000000085e-01 3.835000000000000075e-01 4.268000000000000127e-01 3.952999999999999847e-01
3.558999999999999941e-01 3.517000000000000126e-01 3.665999999999999814e-01 3.719999999999999973e-01
3.352999999999999869e-01 3.311000000000000054e-01 3.548999999999999932e-01 3.537000000000000144e-01
3.123000000000000220e-01 3.328999999999999737e-01 3.071999999999999731e-01 3.499999999999999778e-01
2.822999999999999954e-01 2.489000000000000101e-01 3.396000000000000130e-01 2.600000000000000089e-01
2.306999999999999884e-01 2.431999999999999995e-01 2.513000000000000234e-01 2.421000000000000096e-01
2.081000000000000072e-01 2.416999999999999982e-01 2.827000000000000068e-01 2.687999999999999834e-01
1.988999999999999935e-01 2.015000000000000124e-01 2.510999999999999899e-01 1.887000000000000066e-01
1.758000000000000118e-01 1.781000000000000083e-01 1.751999999999999946e-01 1.862999999999999934e-01
1.743999999999999995e-01 1.821000000000000119e-01 1.965000000000000080e-01 1.789999999999999925e-01
1.696000000000000008e-01 1.953000000000000014e-01 1.627000000000000113e-01 1.443000000000000116e-01
1.613999999999999879e-01 1.545999999999999874e-01 1.895000000000000018e-01 1.345000000000000084e-01
1.350000000000000089e-01 1.129000000000000004e-01 1.423999999999999988e-01 1.228999999999999954e-01
1.179999999999999938e-01 1.577999999999999958e-01 1.155999999999999944e-01 1.710000000000000131e-01
1.174000000000000044e-01 1.303999999999999881e-01 1.123999999999999999e-01 1.097999999999999948e-01
1.063999999999999946e-01 9.729999999999999760e-02 1.142999999999999988e-01 1.195999999999999980e-01
1.086000000000000021e-01 9.520000000000000684e-02 9.619999999999999385e-02 9.979999999999999982e-02
9.510000000000000397e-02 1.000999999999999945e-01 8.219999999999999529e-02 9.130000000000000615e-02
8.859999999999999820e-02 8.580000000000000127e-02 8.039999999999999925e-02 8.500000000000000611e-02
8.050000000000000211e-02 8.400000000000000522e-02 7.299999999999999545e-02 7.430000000000000493e-02
7.639999999999999569e-02 7.660000000000000142e-02 7.439999999999999392e-02 7.159999999999999698e-02
7.480000000000000537e-02 6.439999999999999891e-02 7.190000000000000557e-02 6.579999999999999738e-02
7.799999999999999989e-02 5.960000000000000020e-02 7.630000000000000671e-02 6.099999999999999867e-02
6.519999999999999407e-02 6.060000000000000109e-02 7.180000000000000271e-02 6.819999999999999674e-02
5.899999999999999689e-02 5.960000000000000020e-02 5.990000000000000185e-02 7.059999999999999609e-02
5.249999999999999806e-02 5.619999999999999996e-02 5.120000000000000245e-02 5.260000000000000092e-02
6.619999999999999496e-02 5.240000000000000213e-02 5.380000000000000060e-02 5.820000000000000173e-02
5.109999999999999959e-02 5.279999999999999971e-02 5.380000000000000060e-02 5.650000000000000161e-02
4.610000000000000209e-02 5.050000000000000322e-02 5.179999999999999882e-02 6.590000000000000024e-02
4.240000000000000019e-02 5.229999999999999927e-02 4.329999999999999821e-02 4.479999999999999954e-02
4.580000000000000043e-02 5.000000000000000278e-02 4.649999999999999967e-02 5.190000000000000169e-02
4.669999999999999846e-02 4.900000000000000189e-02 4.619999999999999801e-02 4.159999999999999809e-02
4.540000000000000285e-02 3.910000000000000281e-02 4.030000000000000249e-02 4.769999999999999934e-02
4.109999999999999765e-02 4.259999999999999898e-02 4.000000000000000083e-02 4.130000000000000338e-02
4.270000000000000184e-02 4.009999999999999676e-02 4.019999999999999962e-02 4.370000000000000273e-02
4.139999999999999930e-02 3.819999999999999785e-02 4.009999999999999676e-02 3.869999999999999829e-02
3.769999999999999740e-02 4.009999999999999676e-02 3.839999999999999664e-02 3.679999999999999938e-02
3.950000000000000039e-02 3.899999999999999994e-02 3.869999999999999829e-02 3.799999999999999906e-02
4.229999999999999732e-02 3.640000000000000180e-02 3.590000000000000135e-02 3.660000000000000059e-02
3.289999999999999869e-02 3.529999999999999805e-02 3.719999999999999696e-02 4.240000000000000019e-02
3.529999999999999805e-02 3.679999999999999938e-02 3.749999999999999861e-02 3.200000000000000067e-02
3.660000000000000059e-02 3.640000000000000180e-02 3.300000000000000155e-02 3.289999999999999869e-02
