4.000000000000000000e+00 4.000000000000000000e+00 4.000000000000000000e+00 4.000000000000000000e+00
1.200000000000000000e+01 1.200000000000000000e+01 1.200000000000000000e+01 1.200000000000000000e+01
2.000000000000000000e+01 2.000000000000000000e+01 2.000000000000000000e+01 2.000000000000000000e+01
2.800000000000000000e+01 2.800000000000000000e+01 2.800000000000000000e+01 2.800000000000000000e+01
3.600000000000000000e+01 3.600000000000000000e+01 3.600000000000000000e+01 3.600000000000000000e+01
4.400000000000000000e+01 4.400000000000000000e+01 4.400000000000000000e+01 4.400000000000000000e+01
5.200000000000000000e+01 5.200000000000000000e+01 5.200000000000000000e+01 5.200000000000000000e+01
6.000000000000000000e+01 6.000000000000000000e+01 6.000000000000000000e+01 6.000000000000000000e+01
6.800000000000000000e+01 6.800000000000000000e+01 6.800000000000000000e+01 6.800000000000000000e+01
7.600000000000000000e+01 7.600000000000000000e+01 7.600000000000000000e+01 7.600000000000000000e+01
8.400000000000000000e+01 8.400000000000000000e+01 8.400000000000000000e+01 8.400000000000000000e+01
9.200000000000000000e+01 9.200000000000000000e+01 9.200000000000000000e+01 9.200000000000000000e+01
1.000000000000000000e+02 1.000000000000000000e+02 1.000000000000000000e+02 1.000000000000000000e+02
1.080000000000000000e+02 1.080000000000000000e+02 1.080000000000000000e+02 1.080000000000000000e+02
1.160000000000000000e+02 1.160000000000000000e+02 1.160000000000000000e+02 1.160000000000000000e+02
1.240000000000000000e+02 1.240000000000000000e+02 1.240000000000000000e+02 1.240000000000000000e+02
1.320000000000000000e+02 1.320000000000000000e+02 1.320000000000000000e+02 1.320000000000000000e+02
1.400000000000000000e+02 1.400000000000000000e+02 1.400000000000000000e+02 1.400000000000000000e+02
1.480000000000000000e+02 1.480000000000000000e+02 1.480000000000000000e+02 1.480000000000000000e+02
1.560000000000000000e+02 1.560000000000000000e+02 1.560000000000000000e+02 1.560000000000000000e+02
1.640000000000000000e+02 1.640000000000000000e+02 1.640000000000000000e+02 1.640000000000000000e+02
1.720000000000000000e+02 1.720000000000000000e+02 1.720000000000000000e+02 1.720000000000000000e+02
1.800000000000000000e+02 1.800000000000000000e+02 1.800000000000000000e+02 1.800000000000000000e+02
1.880000000000000000e+02 1.880000000000000000e+02 1.880000000000000000e+02 1.880000000000000000e+02
1.960000000000000000e+02 1.960000000000000000e+02 1.960000000000000000e+02 1.960000000000000000e+02
2.040000000000000000e+02 2.040000000000000000e+02 2.040000000000000000e+02 2.040000000000000000e+02
2.120000000000000000e+02 2.120000000000000000e+02 2.120000000000000000e+02 2.120000000000000000e+02
2.200000000000000000e+02 2.200000000000000000e+02 2.200000000000000000e+02 2.200000000000000000e+02
2.280000000000000000e+02 2.280000000000000000e+02 2.280000000000000000e+02 2.280000000000000000e+02
2.360000000000000000e+02 2.360000000000000000e+02 2.360000000000000000e+02 2.360000000000000000e+02
2.440000000000000000e+02 2.440000000000000000e+02 2.440000000000000000e+02 2.440000000000000000e+02
2.520000000000000000e+02 2.520000000000000000e+02 2.520000000000000000e+02 2.520000000000000000e+02
2.600000000000000000e+02 2.600000000000000000e+02 2.600000000000000000e+02 2.600000000000000000e+02
2.680000000000000000e+02 2.680000000000000000e+02 2.680000000000000000e+02 2.680000000000000000e+02
2.760000000000000000e+02 2.760000000000000000e+02 2.760000000000000000e+02 2.760000000000000000e+02
2.840000000000000000e+02 2.840000000000000000e+02 2.840000000000000000e+02 2.840000000000000000e+02
2.920000000000000000e+02 2.920000000000000000e+02 2.920000000000000000e+02 2.920000000000000000e+02
3.000000000000000000e+02 3.000000000000000000e+02 3.000000000000000000e+02 3.000000000000000000e+02
3.080000000000000000e+02 3.080000000000000000e+02 3.080000000000000000e+02 3.080000000000000000e+02
3.160000000000000000e+02 3.160000000000000000e+02 3.160000000000000000e+02 3.160000000000000000e+02
3.240000000000000000e+02 3.240000000000000000e+02 3.240000000000000000e+02 3.240000000000000000e+02
3.320000000000000000e+02 3.320000000000000000e+02 3.320000000000000000e+02 3.320000000000000000e+02
3.400000000000000000e+02 3.400000000000000000e+02 3.400000000000000000e+02 3.400000000000000000e+02
3.480000000000000000e+02 3.480000000000000000e+02 3.480000000000000000e+02 3.480000000000000000e+02
3.560000000000000000e+02 3.560000000000000000e+02 3.560000000000000000e+02 3.560000000000000000e+02
3.640000000000000000e+02 3.640000000000000000e+02 3.640000000000000000e+02 3.640000000000000000e+02
3.720000000000000000e+02 3.720000000000000000e+02 3.720000000000000000e+02 3.720000000000000000e+02
3.800000000000000000e+02 3.800000000000000000e+02 3.800000000000000000e+02 3.800000000000000000e+02
3.880000000000000000e+02 3.880000000000000000e+02 3.880000000000000000e+02 3.880000000000000000e+02
3.960000000000000000e+02 3.960000000000000000e+02 3.960000000000000000e+02 3.960000000000000000e+02
4.040000000000000000e+02 4.040000000000000000e+02 4.040000000000000000e+02 4.040000000000000000e+02
4.120000000000000000e+02 4.120000000000000000e+02 4.120000000000000000e+02 4.120000000000000000e+02
4.200000000000000000e+02 4.200000000000000000e+02 4.200000000000000000e+02 4.200000000000000000e+02
4.280000000000000000e+02 4.280000000000000000e+02 4.280000000000000000e+02 4.280000000000000000e+02
4.360000000000000000e+02 4.360000000000000000e+02 4.360000000000000000e+02 4.360000000000000000e+02
4.440000000000000000e+02 4.440000000000000000e+02 4.440000000000000000e+02 4.440000000000000000e+02
4.520000000000000000e+02 4.520000000000000000e+02 4.520000000000000000e+02 4.520000000000000000e+02
4.600000000000000000e+02 4.600000000000000000e+02 4.600000000000000000e+02 4.600000000000000000e+02
4.680000000000000000e+02 4.680000000000000000e+02 4.680000000000000000e+02 4.680000000000000000e+02
4.760000000000000000e+02 4.760000000000000000e+02 4.760000000000000000e+02 4.760000000000000000e+02
4.840000000000000000e+02 4.840000000000000000e+02 4.840000000000000000e+02 4.840000000000000000e+02
4.920000000000000000e+02 4.920000000000000000e+02 4.920000000000000000e+02 4.920000000000000000e+02
5.000000000000000000e+02 5.000000000000000000e+02 5.000000000000000000e+02 5.000000000000000000e+02
5.080000000000000000e+02 5.080000000000000000e+02 5.080000000000000000e+02 5.080000000000000000e+02
5.160000000000000000e+02 5.160000000000000000e+02 5.160000000000000000e+02 5.160000000000000000e+02
5.240000000000000000e+02 5.240000000000000000e+02 5.240000000000000000e+02 5.240000000000000000e+02
5.320000000000000000e+02 5.320000000000000000e+02 5.320000000000000000e+02 5.320000000000000000e+02
5.400000000000000000e+02 5.400000000000000000e+02 5.400000000000000000e+02 5.400000000000000000e+02
5.480000000000000000e+02 5.480000000000000000e+02 5.480000000000000000e+02 5.480000000000000000e+02
5.560000000000000000e+02 5.560000000000000000e+02 5.560000000000000000e+02 5.560000000000000000e+02
5.640000000000000000e+02 5.640000000000000000e+02 5.640000000000000000e+02 5.640000000000000000e+02
5.720000000000000000e+02 5.720000000000000000e+02 5.720000000000000000e+02 5.720000000000000000e+02
5.800000000000000000e+02 5.800000000000000000e+02 5.800000000000000000e+02 5.800000000000000000e+02
5.880000000000000000e+02 5.880000000000000000e+02 5.880000000000000000e+02 5.880000000000000000e+02
5.960000000000000000e+02 5.960000000000000000e+02 5.960000000000000000e+02 5.960000000000000000e+02
