9.647999999999999909e-01 9.643000000000000460e-01 9.513000000000000345e-01 9.465999999999999970e-01
9.096999999999999531e-01 8.979000000000000314e-01 8.980000000000000204e-01 9.098000000000000531e-01
8.279999999999999583e-01 8.762999999999999678e-01 8.800999999999999934e-01 8.454000000000000403e-01
8.070000000000000506e-01 8.036999999999999700e-01 8.171000000000000485e-01 8.447999999999999954e-01
7.684999999999999609e-01 7.647000000000000464e-01 7.244000000000000439e-01 8.042000000000000259e-01
7.679000000000000270e-01 7.371999999999999664e-01 7.005000000000000115e-01 7.277000000000000135e-01
7.126000000000000112e-01 6.621000000000000218e-01 7.196000000000000174e-01 6.775999999999999801e-01
6.833000000000000185e-01 7.164000000000000368e-01 6.188000000000000167e-01 6.046000000000000263e-01
6.169000000000000039e-01 5.633000000000000229e-01 6.220999999999999863e-01 5.913000000000000478e-01
5.703000000000000291e-01 5.503000000000000114e-01 5.613000000000000211e-01 5.747999999999999776e-01
5.358000000000000540e-01 5.114999999999999547e-01 5.786999999999999922e-01 5.493999999999999995e-01
5.291000000000000147e-01 5.401000000000000245e-01 4.941999999999999726e-01 5.444999999999999840e-01
4.915999999999999814e-01 4.380999999999999894e-01 5.540000000000000480e-01 4.796000000000000263e-01
4.254999999999999893e-01 4.409000000000000141e-01 4.511000000000000010e-01 4.184999999999999831e-01
3.966000000000000081e-01 4.480999999999999983e-01 4.830999999999999739e-01 4.562999999999999834e-01
3.753000000000000225e-01 3.966000000000000081e-01 4.824999999999999845e-01 3.699999999999999956e-01
3.498999999999999888e-01 3.417999999999999927e-01 3.357999999999999874e-01 3.830999999999999961e-01
3.486000000000000210e-01 3.553999999999999937e-01 3.746999999999999775e-01 3.608999999999999986e-01
3.291999999999999926e-01 3.872999999999999776e-01 3.541000000000000258e-01 3.075999999999999845e-01
3.469999999999999751e-01 3.290000000000000147e-01 3.501000000000000223e-01 3.104000000000000092e-01
2.904999999999999805e-01 2.660000000000000142e-01 3.111999999999999766e-01 2.665000000000000147e-01
2.827999999999999958e-01 3.514999999999999791e-01 2.866000000000000214e-01 3.247999999999999776e-01
2.868999999999999884e-01 3.004000000000000004e-01 2.539000000000000146e-01 2.595000000000000084e-01
2.521999999999999797e-01 2.580000000000000071e-01 2.800000000000000266e-01 2.696000000000000063e-01
2.419999999999999929e-01 2.305000000000000104e-01 2.533000000000000251e-01 2.505000000000000004e-01
2.202999999999999958e-01 2.559000000000000163e-01 2.141000000000000125e-01 2.316000000000000003e-01
2.114999999999999936e-01 2.127999999999999892e-01 2.021999999999999909e-01 1.962000000000000133e-01
1.952000000000000124e-01 2.175999999999999879e-01 1.905999999999999917e-01 1.917999999999999983e-01
1.983000000000000040e-01 1.998000000000000054e-01 1.978000000000000036e-01 1.832999999999999907e-01
1.809000000000000052e-01 1.748000000000000109e-01 1.779999999999999916e-01 1.749999999999999889e-01
2.237000000000000099e-01 1.570000000000000007e-01 1.895999999999999908e-01 1.620999999999999941e-01
1.716999999999999915e-01 1.527000000000000024e-01 1.680000000000000104e-01 1.620999999999999941e-01
1.577999999999999958e-01 1.849999999999999978e-01 1.423999999999999988e-01 1.628000000000000003e-01
1.345000000000000084e-01 1.519000000000000072e-01 1.250999999999999890e-01 1.342000000000000137e-01
1.748000000000000109e-01 1.378999999999999948e-01 1.213000000000000050e-01 1.401999999999999913e-01
1.431999999999999940e-01 1.218999999999999945e-01 1.233999999999999958e-01 1.409999999999999865e-01
1.091000000000000025e-01 1.343000000000000027e-01 1.385000000000000120e-01 1.605000000000000038e-01
1.115000000000000019e-01 1.310000000000000053e-01 1.145999999999999935e-01 1.105000000000000010e-01
1.246000000000000024e-01 1.231000000000000011e-01 1.091000000000000025e-01 1.234999999999999987e-01
1.171999999999999986e-01 1.066000000000000003e-01 1.123999999999999999e-01 1.132999999999999979e-01
1.146999999999999964e-01 1.021999999999999992e-01 1.034000000000000058e-01 1.145999999999999935e-01
9.560000000000000442e-02 9.569999999999999341e-02 8.609999999999999598e-02 1.110000000000000014e-01
1.011999999999999983e-01 8.500000000000000611e-02 9.600000000000000200e-02 9.170000000000000373e-02
9.199999999999999845e-02 8.899999999999999578e-02 8.749999999999999445e-02 8.100000000000000255e-02
8.409999999999999420e-02 1.011999999999999983e-01 9.589999999999999913e-02 7.710000000000000187e-02
8.129999999999999727e-02 7.810000000000000275e-02 7.679999999999999327e-02 7.620000000000000384e-02
9.750000000000000333e-02 8.369999999999999662e-02 7.850000000000000033e-02 7.449999999999999678e-02
7.789999999999999702e-02 8.019999999999999352e-02 7.860000000000000320e-02 8.880000000000000393e-02
7.430000000000000493e-02 8.369999999999999662e-02 9.379999999999999449e-02 7.169999999999999984e-02
7.420000000000000207e-02 8.160000000000000586e-02 6.919999999999999762e-02 7.480000000000000537e-02
7.149999999999999412e-02 9.039999999999999425e-02 6.189999999999999669e-02 6.769999999999999629e-02
6.219999999999999835e-02 7.169999999999999984e-02 6.279999999999999472e-02 7.159999999999999698e-02
6.360000000000000375e-02 6.010000000000000064e-02 5.949999999999999734e-02 6.260000000000000286e-02
6.010000000000000064e-02 5.750000000000000250e-02 5.850000000000000339e-02 6.370000000000000662e-02
6.329999999999999516e-02 6.230000000000000121e-02 5.630000000000000282e-02 6.360000000000000375e-02
6.029999999999999943e-02 5.879999999999999810e-02 5.439999999999999697e-02 5.630000000000000282e-02
5.380000000000000060e-02 5.970000000000000306e-02 6.029999999999999943e-02 5.299999999999999850e-02
5.510000000000000314e-02 5.709999999999999798e-02 4.800000000000000100e-02 5.739999999999999963e-02
5.170000000000000290e-02 5.890000000000000097e-02 5.949999999999999734e-02 5.190000000000000169e-02
4.750000000000000056e-02 4.859999999999999737e-02 5.600000000000000117e-02 5.390000000000000346e-02
5.000000000000000278e-02 7.149999999999999412e-02 4.850000000000000144e-02 5.480000000000000149e-02
5.619999999999999996e-02 4.750000000000000056e-02 4.529999999999999999e-02 5.160000000000000003e-02
4.519999999999999712e-02 5.589999999999999830e-02 5.129999999999999838e-02 4.070000000000000007e-02
5.229999999999999927e-02 5.020000000000000157e-02 5.099999999999999672e-02 4.880000000000000310e-02
4.850000000000000144e-02 4.429999999999999910e-02 5.439999999999999697e-02 5.160000000000000003e-02
5.199999999999999761e-02 4.680000000000000132e-02 4.939999999999999947e-02 4.449999999999999789e-02
4.270000000000000184e-02 4.410000000000000031e-02 4.519999999999999712e-02 4.880000000000000310e-02
4.170000000000000095e-02 4.769999999999999934e-02 4.549999999999999878e-02 4.139999999999999930e-02
4.229999999999999732e-02 4.189999999999999974e-02 4.170000000000000095e-02 4.410000000000000031e-02
4.290000000000000063e-02 4.209999999999999853e-02 4.490000000000000241e-02 4.490000000000000241e-02
3.799999999999999906e-02 4.349999999999999700e-02 3.919999999999999873e-02 4.089999999999999886e-02
3.969999999999999918e-02 3.570000000000000256e-02 4.240000000000000019e-02 3.930000000000000160e-02
3.919999999999999873e-02 4.189999999999999974e-02 3.980000000000000204e-02 4.229999999999999732e-02
4.170000000000000095e-02 4.229999999999999732e-02 3.819999999999999785e-02 4.680000000000000132e-02
4.050000000000000128e-02 3.799999999999999906e-02 4.100000000000000172e-02 3.570000000000000256e-02
