3.900000000000000000e+01 2.700000000000000000e+01 3.700000000000000000e+01 3.100000000000000000e+01
6.300000000000000000e+01 7.100000000000000000e+01 6.500000000000000000e+01 6.500000000000000000e+01
9.300000000000000000e+01 8.700000000000000000e+01 1.010000000000000000e+02 8.900000000000000000e+01
1.290000000000000000e+02 1.210000000000000000e+02 1.270000000000000000e+02 1.170000000000000000e+02
1.630000000000000000e+02 1.490000000000000000e+02 1.350000000000000000e+02 1.370000000000000000e+02
1.750000000000000000e+02 1.870000000000000000e+02 1.730000000000000000e+02 1.690000000000000000e+02
1.990000000000000000e+02 2.070000000000000000e+02 1.970000000000000000e+02 1.950000000000000000e+02
2.310000000000000000e+02 2.250000000000000000e+02 2.210000000000000000e+02 2.410000000000000000e+02
2.670000000000000000e+02 2.630000000000000000e+02 2.670000000000000000e+02 2.570000000000000000e+02
2.850000000000000000e+02 2.890000000000000000e+02 2.850000000000000000e+02 2.850000000000000000e+02
3.030000000000000000e+02 2.990000000000000000e+02 3.290000000000000000e+02 3.110000000000000000e+02
3.510000000000000000e+02 3.350000000000000000e+02 3.490000000000000000e+02 3.370000000000000000e+02
3.670000000000000000e+02 3.570000000000000000e+02 3.690000000000000000e+02 3.690000000000000000e+02
3.890000000000000000e+02 3.930000000000000000e+02 3.830000000000000000e+02 3.910000000000000000e+02
4.370000000000000000e+02 4.090000000000000000e+02 4.230000000000000000e+02 4.130000000000000000e+02
4.650000000000000000e+02 4.450000000000000000e+02 4.570000000000000000e+02 4.570000000000000000e+02
4.630000000000000000e+02 4.790000000000000000e+02 4.810000000000000000e+02 4.810000000000000000e+02
5.110000000000000000e+02 4.970000000000000000e+02 5.010000000000000000e+02 5.050000000000000000e+02
5.270000000000000000e+02 5.390000000000000000e+02 5.290000000000000000e+02 5.230000000000000000e+02
5.630000000000000000e+02 5.590000000000000000e+02 5.450000000000000000e+02 5.710000000000000000e+02
5.910000000000000000e+02 5.910000000000000000e+02 5.890000000000000000e+02 5.650000000000000000e+02
6.230000000000000000e+02 6.230000000000000000e+02 6.150000000000000000e+02 5.990000000000000000e+02
6.310000000000000000e+02 6.370000000000000000e+02 6.370000000000000000e+02 6.330000000000000000e+02
6.650000000000000000e+02 6.630000000000000000e+02 6.710000000000000000e+02 6.490000000000000000e+02
6.950000000000000000e+02 6.950000000000000000e+02 6.950000000000000000e+02 6.930000000000000000e+02
7.170000000000000000e+02 7.210000000000000000e+02 7.210000000000000000e+02 7.330000000000000000e+02
7.470000000000000000e+02 7.530000000000000000e+02 7.330000000000000000e+02 7.490000000000000000e+02
7.650000000000000000e+02 7.810000000000000000e+02 7.710000000000000000e+02 7.750000000000000000e+02
8.150000000000000000e+02 7.750000000000000000e+02 8.130000000000000000e+02 8.210000000000000000e+02
8.470000000000000000e+02 8.330000000000000000e+02 8.410000000000000000e+02 8.430000000000000000e+02
8.470000000000000000e+02 8.430000000000000000e+02 8.610000000000000000e+02 8.570000000000000000e+02
8.610000000000000000e+02 8.730000000000000000e+02 8.710000000000000000e+02 8.810000000000000000e+02
9.150000000000000000e+02 9.190000000000000000e+02 8.910000000000000000e+02 9.290000000000000000e+02
9.750000000000000000e+02 9.330000000000000000e+02 9.470000000000000000e+02 9.390000000000000000e+02
9.610000000000000000e+02 9.650000000000000000e+02 9.610000000000000000e+02 9.530000000000000000e+02
9.990000000000000000e+02 9.990000000000000000e+02 9.970000000000000000e+02 1.009000000000000000e+03
1.029000000000000000e+03 1.031000000000000000e+03 9.890000000000000000e+02 1.041000000000000000e+03
1.039000000000000000e+03 1.049000000000000000e+03 1.049000000000000000e+03 1.051000000000000000e+03
1.083000000000000000e+03 1.059000000000000000e+03 1.085000000000000000e+03 1.075000000000000000e+03
1.097000000000000000e+03 1.101000000000000000e+03 1.125000000000000000e+03 1.117000000000000000e+03
1.109000000000000000e+03 1.129000000000000000e+03 1.145000000000000000e+03 1.149000000000000000e+03
1.149000000000000000e+03 1.137000000000000000e+03 1.173000000000000000e+03 1.147000000000000000e+03
1.177000000000000000e+03 1.197000000000000000e+03 1.201000000000000000e+03 1.169000000000000000e+03
1.211000000000000000e+03 1.219000000000000000e+03 1.209000000000000000e+03 1.203000000000000000e+03
1.241000000000000000e+03 1.249000000000000000e+03 1.265000000000000000e+03 1.251000000000000000e+03
1.277000000000000000e+03 1.241000000000000000e+03 1.287000000000000000e+03 1.275000000000000000e+03
1.297000000000000000e+03 1.301000000000000000e+03 1.297000000000000000e+03 1.273000000000000000e+03
1.333000000000000000e+03 1.337000000000000000e+03 1.351000000000000000e+03 1.331000000000000000e+03
1.361000000000000000e+03 1.335000000000000000e+03 1.345000000000000000e+03 1.345000000000000000e+03
1.373000000000000000e+03 1.381000000000000000e+03 1.363000000000000000e+03 1.379000000000000000e+03
1.403000000000000000e+03 1.455000000000000000e+03 1.393000000000000000e+03 1.387000000000000000e+03
1.425000000000000000e+03 1.451000000000000000e+03 1.441000000000000000e+03 1.457000000000000000e+03
1.437000000000000000e+03 1.473000000000000000e+03 1.455000000000000000e+03 1.469000000000000000e+03
1.485000000000000000e+03 1.491000000000000000e+03 1.497000000000000000e+03 1.465000000000000000e+03
1.525000000000000000e+03 1.509000000000000000e+03 1.519000000000000000e+03 1.521000000000000000e+03
1.555000000000000000e+03 1.515000000000000000e+03 1.559000000000000000e+03 1.529000000000000000e+03
1.553000000000000000e+03 1.537000000000000000e+03 1.583000000000000000e+03 1.571000000000000000e+03
1.597000000000000000e+03 1.577000000000000000e+03 1.583000000000000000e+03 1.583000000000000000e+03
1.613000000000000000e+03 1.607000000000000000e+03 1.611000000000000000e+03 1.591000000000000000e+03
1.649000000000000000e+03 1.627000000000000000e+03 1.645000000000000000e+03 1.661000000000000000e+03
1.671000000000000000e+03 1.681000000000000000e+03 1.675000000000000000e+03 1.663000000000000000e+03
1.703000000000000000e+03 1.689000000000000000e+03 1.675000000000000000e+03 1.673000000000000000e+03
1.729000000000000000e+03 1.725000000000000000e+03 1.693000000000000000e+03 1.739000000000000000e+03
1.747000000000000000e+03 1.761000000000000000e+03 1.743000000000000000e+03 1.749000000000000000e+03
1.767000000000000000e+03 1.801000000000000000e+03 1.783000000000000000e+03 1.779000000000000000e+03
1.839000000000000000e+03 1.809000000000000000e+03 1.783000000000000000e+03 1.803000000000000000e+03
1.829000000000000000e+03 1.851000000000000000e+03 1.841000000000000000e+03 1.851000000000000000e+03
1.875000000000000000e+03 1.883000000000000000e+03 1.875000000000000000e+03 1.843000000000000000e+03
1.901000000000000000e+03 1.885000000000000000e+03 1.899000000000000000e+03 1.925000000000000000e+03
1.927000000000000000e+03 1.909000000000000000e+03 1.939000000000000000e+03 1.959000000000000000e+03
1.971000000000000000e+03 1.909000000000000000e+03 1.951000000000000000e+03 1.967000000000000000e+03
1.977000000000000000e+03 1.989000000000000000e+03 1.977000000000000000e+03 1.967000000000000000e+03
2.009000000000000000e+03 1.979000000000000000e+03 2.027000000000000000e+03 2.009000000000000000e+03
2.043000000000000000e+03 2.049000000000000000e+03 2.009000000000000000e+03 2.013000000000000000e+03
2.055000000000000000e+03 2.045000000000000000e+03 2.075000000000000000e+03 2.075000000000000000e+03
