9.612961296129615141e-01 9.879987998799864002e-01 9.852985298529854941e-01 1.004500450045003879e+00
9.813981398139806078e-01 9.948994899489940202e-01 9.759975997599753539e-01 1.015301530153015053e+00
1.018901890189017889e+00 9.960996099609960019e-01 9.969996999699959339e-01 1.002100210021001025e+00
9.726972697269716805e-01 9.657965796579650597e-01 1.055805580558055290e+00 9.942994299429936955e-01
9.516951695169516556e-01 9.294929492949285388e-01 8.907890789078893867e-01 1.022202220222021785e+00
1.011701170117010884e+00 9.600960096009603095e-01 1.040204020402040186e+00 1.012901290129011977e+00
9.603960396039604719e-01 9.234923492349231822e-01 9.654965496549652304e-01 9.411941194119415321e-01
8.826882688268816723e-01 9.717971797179713045e-01 9.063906390639061561e-01 9.285928592859288289e-01
9.984998499849989662e-01 9.135913591359136054e-01 8.976897689768977839e-01 8.400840084008398545e-01
8.850885088508851917e-01 8.808880888088811423e-01 8.931893189318933501e-01 8.487848784878486708e-01
9.192919291929194658e-01 8.652865286528655941e-01 8.748874887488747865e-01 8.406840684068400682e-01
9.027902790279029865e-01 7.932793279327930991e-01 8.565856585658566669e-01 8.814881488148812450e-01
9.279927992799279490e-01 8.226822682268229991e-01 9.153915391539155788e-01 8.148814881488146700e-01
8.862886288628863962e-01 8.103810381038103472e-01 7.311731173117310689e-01 7.266726672667265241e-01
7.599759975997603112e-01 7.929792979297934918e-01 8.160816081608160966e-01 7.422742274227419612e-01
7.380738073807381339e-01 7.167716771677170584e-01 8.232823282328232128e-01 7.053705370537054486e-01
7.188718871887193052e-01 6.585658565856588043e-01 7.068706870687069266e-01 7.668766876687669320e-01
7.161716171617166227e-01 7.710771077107716476e-01 7.158715871587159052e-01 7.395739573957392787e-01
6.048604860486052059e-01 7.659765976597664450e-01 6.465646564656465367e-01 6.252625262526255723e-01
7.122712271227122915e-01 6.027602760276028482e-01 7.029702970297032616e-01 6.288628862886294080e-01
6.093609360936094177e-01 6.279627962796283658e-01 6.288628862886292969e-01 5.643564356435645246e-01
5.877587758775880689e-01 7.098709870987099935e-01 5.955595559555957319e-01 6.801680168016803751e-01
6.513651365136516880e-01 6.387638763876389847e-01 5.355535553555356154e-01 4.935493549354937337e-01
5.013501350135015633e-01 6.360636063606365243e-01 6.747674767476752322e-01 5.652565256525656778e-01
4.734473447344737518e-01 5.025502550255028789e-01 5.295529552955297037e-01 5.163516351635166757e-01
4.674467446744677290e-01 5.127512751275129510e-01 5.019501950195021100e-01 5.022502250225024945e-01
4.563456345634565037e-01 4.590459045904592972e-01 4.275427542754279275e-01 4.656465646564659777e-01
4.314431443144315925e-01 4.764476447644765411e-01 4.557455745574560679e-01 4.386438643864388198e-01
4.350435043504352617e-01 4.338433843384340571e-01 4.866486648664870018e-01 4.098409840984101882e-01
3.993399339933997871e-01 4.065406540654069034e-01 4.020402040204020810e-01 3.915391539153916800e-01
4.797479747974799924e-01 3.603360336033604727e-01 4.146414641464148398e-01 3.567356735673569701e-01
4.164416441644168687e-01 3.678367836783680844e-01 3.537353735373538477e-01 3.444344434443447067e-01
3.831383138313835257e-01 4.047404740474050411e-01 3.480348034803483204e-01 4.206420642064208626e-01
3.492349234923493584e-01 3.411341134113413665e-01 2.931293129312933510e-01 2.862286228622864526e-01
3.738373837383738296e-01 2.895289528952896263e-01 2.469246924692470035e-01 3.531353135313533009e-01
3.393339333933396151e-01 3.072307230723073657e-01 2.916291629162919286e-01 2.964296429642965802e-01
2.493249324932494682e-01 2.958295829582959224e-01 3.321332133213323323e-01 3.522352235223523698e-01
2.538253825382539852e-01 2.475247524752476058e-01 2.250225022502250760e-01 2.580258025802580346e-01
2.670267026702671798e-01 2.616261626162617038e-01 2.538253825382539852e-01 2.586258625862588589e-01
2.457245724572459100e-01 1.956195619561957311e-01 2.688268826882689866e-01 2.622262226222623616e-01
2.472247224722473324e-01 2.256225622562257060e-01 2.205220522052208088e-01 2.922292229222924198e-01
1.995199519951995626e-01 2.289228922892290741e-01 1.851185118511853023e-01 1.935193519351935121e-01
2.430243024302431998e-01 1.899189918991900927e-01 2.022202220222023006e-01 2.052205220522052287e-01
1.917191719171917330e-01 1.833183318331834954e-01 1.545154515451545030e-01 2.007200720072008504e-01
1.848184818481849179e-01 2.148214821482150594e-01 1.461146114611461544e-01 1.641164116411641671e-01
2.028202820282029306e-01 1.566156615661566109e-01 1.500150015001500969e-01 1.506150615061507547e-01
2.166216621662167274e-01 1.620162016201620869e-01 1.512151215121512737e-01 1.887188718871888327e-01
1.905190519051905840e-01 1.596159615961596501e-01 1.728172817281728724e-01 1.770177017701770605e-01
1.446144614461447320e-01 1.698169816981698887e-01 1.845184518451845890e-01 1.476147614761476601e-01
1.608160816081608824e-01 1.422142214221422396e-01 1.137113711371137287e-01 1.485148514851486190e-01
1.329132913291329876e-01 1.989198919891990436e-01 1.197119711971197931e-01 1.476147614761476878e-01
1.272127212721272105e-01 1.092109210921092394e-01 1.383138313831384081e-01 1.437143714371438563e-01
1.506150615061506715e-01 1.038103810381038744e-01 1.431143114311431708e-01 1.215121512151215999e-01
1.197119711971197653e-01 1.050105010501050373e-01 1.146114611461147292e-01 8.310831083108310979e-02
1.119111911191119912e-01 1.197119711971197376e-01 9.990999099909993186e-02 1.488148814881488924e-01
1.284128412841284150e-01 9.960996099609964460e-02 9.750975097509755052e-02 9.630963096309631821e-02
1.143114311431144003e-01 1.206120612061206271e-01 1.287128712871287994e-01 1.131113111311132097e-01
1.071107110711071453e-01 1.002100210021002469e-01 7.740774077407742981e-02 1.293129312931294017e-01
1.245124512451245558e-01 1.197119711971198347e-01 1.065106510651065846e-01 8.280828082808279478e-02
6.510651065106504154e-02 1.104110411041104578e-01 8.760876087608759910e-02 1.077107710771077614e-01
9.180918091809175952e-02 1.386138613861386815e-01 9.090909090909092549e-02 8.520852085208520388e-02
1.062106210621062558e-01 6.960696069606965575e-02 5.430543054305430467e-02 5.520552055205514563e-02
9.630963096309631821e-02 1.200120012001200248e-01 7.980798079807978340e-02 8.820882088208820138e-02
6.540654065406538431e-02 7.710771077107710092e-02 1.314131413141314542e-01 8.340834083408342481e-02
7.920792079207919500e-02 6.750675067506745064e-02 8.160816081608160411e-02 8.910891089108910479e-02
5.640564056405638488e-02 7.890789078907889387e-02 1.155115511551155494e-01 8.010801080108014005e-02
6.240624062406237987e-02 8.580858085808590330e-02 8.250825082508249364e-02 8.280828082808279478e-02
7.710771077107712868e-02 7.230723072307229660e-02 5.670567056705669989e-02 4.320432043204316258e-02
5.850585058505851366e-02 7.770777077707771707e-02 4.770477047704762413e-02 5.550555055505549534e-02
6.360636063606360524e-02 6.240624062406234518e-02 6.870687068706871070e-02 5.970597059705971821e-02
8.520852085208523163e-02 4.890489048904889113e-02 6.300630063006303072e-02 5.760576057605759637e-02
5.190519051905184700e-02 5.280528052805277817e-02 7.980798079807981116e-02 5.640564056405637100e-02
5.580558055805576873e-02 6.270627062706270183e-02 8.370837083708376758e-02 7.200720072007207873e-02
4.170417041704165689e-02 5.730573057305724666e-02 4.320432043204314176e-02 5.310531053105312094e-02
7.590759075907593800e-02 7.350735073507357054e-02 7.410741074107410342e-02 5.310531053105312788e-02
