8.148814881488148920e-01 7.539753975397539554e-01 7.122712271227122915e-01 8.148814881488148920e-01 7.719771977197720236e-01 7.377737773777377495e-01 7.959795979597960036e-01 7.143714371437143162e-01 6.747674767476747881e-01 7.956795679567957302e-01 7.458745874587459079e-01 7.089708970897089513e-01
7.185718571857185877e-01 5.916591659165916228e-01 5.082508250825082952e-01 7.086708670867086779e-01 5.742574257425742124e-01 4.683468346834683271e-01 6.846684668466846979e-01 6.333633363336333977e-01 4.638463846384638378e-01 7.317731773177317267e-01 6.609660966096609913e-01 5.430543054305430051e-01
6.231623162316232145e-01 4.485448544854485631e-01 3.561356135613561458e-01 6.312631263126312620e-01 4.743474347434743499e-01 3.261326132613261430e-01 6.186618661866186697e-01 4.413441344134413358e-01 3.411341134113411444e-01 6.744674467446745147e-01 5.142514251425142069e-01 4.116411641164116619e-01
5.454545454545454142e-01 3.393339333933393376e-01 2.406240624062406241e-01 5.628562856285628246e-01 3.696369636963696137e-01 2.529252925292529430e-01 5.529552955295529149e-01 3.405340534053405421e-01 2.457245724572457157e-01 5.460546054605460720e-01 3.642364236423642487e-01 2.505250525052505339e-01
5.058505850585058861e-01 3.081308130813081303e-01 1.761176117611761294e-01 4.848484848484848619e-01 2.745274527452745139e-01 1.764176417641764305e-01 4.875487548754875444e-01 2.664266426642664110e-01 1.512151215121512182e-01 4.821482148214821239e-01 3.006300630063006296e-01 1.812181218121812210e-01
4.959495949594959763e-01 3.300330033003300301e-01 1.809180918091809198e-01 4.275427542754275390e-01 2.343234323432343280e-01 1.209120912091209143e-01 4.095409540954095262e-01 1.932193219321932109e-01 1.251125112511251025e-01 4.047404740474047635e-01 2.064206420642064332e-01 1.215121512151215166e-01
3.675367536753675335e-01 1.836183618361836301e-01 8.700870087008701070e-02 3.903390339033903644e-01 1.929192919291929098e-01 9.480948094809481252e-02 4.023402340234023544e-01 1.968196819681968246e-01 1.008100810081008075e-01 3.645364536453645221e-01 1.551155115511551053e-01 7.740774077407740206e-02
3.447344734473447581e-01 1.398139813981398027e-01 7.680768076807681366e-02 3.363336333633363262e-01 1.392139213921392005e-01 7.830783078307830547e-02 3.510351035103510542e-01 1.512151215121512182e-01 7.680768076807681366e-02 3.102310231023102105e-01 1.191119111911191075e-01 5.910591059105910899e-02
3.165316531653165066e-01 1.473147314731473034e-01 6.570657065706571320e-02 2.739273927392739116e-01 1.098109810981098139e-01 5.190519051905190251e-02 3.042304230423042433e-01 1.182118211821182180e-01 6.510651065106511093e-02 3.114311431143114151e-01 1.122112211221122091e-01 5.880588058805880786e-02
2.289228922892289353e-01 7.050705070507050365e-02 3.690369036903690114e-02 2.952295229522952091e-01 1.161116111611161100e-01 6.180618061806180535e-02 2.541254125412541476e-01 1.005100510051005064e-01 3.930393039303930330e-02 2.703270327032703535e-01 1.125112511251125103e-01 4.770477047704770740e-02
2.319231923192319189e-01 7.290729072907291275e-02 4.140414041404140433e-02 2.319231923192319189e-01 7.350735073507350115e-02 3.720372037203720228e-02 2.124212421242124282e-01 8.580858085808580615e-02 3.840384038403840683e-02 2.433243324332433344e-01 9.210921092109210229e-02 4.380438043804380649e-02
1.638163816381638105e-01 5.220522052205220365e-02 2.520252025202520188e-02 1.731173117311731180e-01 5.310531053105310706e-02 2.550255025502550302e-02 1.656165616561656173e-01 4.380438043804380649e-02 1.920192019201920341e-02 2.193219321932193266e-01 6.300630063006300297e-02 3.720372037203720228e-02
1.704170417041704078e-01 4.830483048304830274e-02 2.400240024002400080e-02 1.722172217221722146e-01 4.830483048304830274e-02 2.940294029402940393e-02 1.782178217821782096e-01 5.730573057305730911e-02 2.820282028202820285e-02 1.680168016801680264e-01 6.660666066606660274e-02 2.280228022802280319e-02
1.530153015301530250e-01 3.510351035103510126e-02 2.190219021902190324e-02 1.428142814281428141e-01 3.150315031503150148e-02 1.950195019501950108e-02 1.461146114611461266e-01 4.080408040804080205e-02 1.830183018301830347e-02 1.344134413441344100e-01 4.590459045904590751e-02 1.950195019501950108e-02
1.443144314431443198e-01 4.410441044104410763e-02 2.160216021602160211e-02 1.728172817281728169e-01 5.460546054605460581e-02 2.400240024002400080e-02 1.533153315331533262e-01 3.750375037503750342e-02 1.980198019801980222e-02 1.209120912091209143e-01 3.090309030903090268e-02 2.010201020102010336e-02
1.713171317131713112e-01 4.440444044404440183e-02 2.730273027302730290e-02 1.080108010801080071e-01 3.030303030303030387e-02 2.190219021902190324e-02 1.257125712571257048e-01 4.410441044104410763e-02 2.100210021002100330e-02 1.626162616261626059e-01 4.170417041704170547e-02 2.190219021902190324e-02
1.095109510951095128e-01 2.880288028802880165e-02 1.920192019201920341e-02 9.690969096909690661e-02 2.790279027902790171e-02 1.860186018601860114e-02 9.990999099909990411e-02 3.090309030903090268e-02 1.860186018601860114e-02 9.900990099009901457e-02 2.820282028202820285e-02 1.710171017101710239e-02
7.560756075607560911e-02 2.010201020102010336e-02 1.710171017101710239e-02 8.310831083108310979e-02 2.130213021302130097e-02 1.620162016201620245e-02 8.550855085508550502e-02 2.190219021902190324e-02 1.290129012901290208e-02 6.540654065406541207e-02 2.100210021002100330e-02 1.590159015901590131e-02
6.780678067806780729e-02 1.380138013801380202e-02 1.140114011401140159e-02 8.400840084008401321e-02 3.030303030303030387e-02 1.470147014701470196e-02 9.300930093009300570e-02 2.790279027902790171e-02 1.860186018601860114e-02 6.750675067506750615e-02 2.160216021602160211e-02 2.130213021302130097e-02
7.980798079807981116e-02 1.740174017401740006e-02 1.680168016801680125e-02 6.600660066006600046e-02 1.620162016201620245e-02 1.590159015901590131e-02 6.360636063606360524e-02 1.770177017701770120e-02 1.440144014401440083e-02 6.660666066606660274e-02 1.920192019201920341e-02 1.800180018001800233e-02
5.430543054305430467e-02 1.710171017101710239e-02 1.440144014401440083e-02 9.030903090309030934e-02 3.030303030303030387e-02 2.160216021602160211e-02 6.060606060606060774e-02 1.830183018301830347e-02 1.740174017401740006e-02 7.080708070807080479e-02 2.070207020702070216e-02 1.530153015301530077e-02
4.650465046504650285e-02 1.800180018001800233e-02 1.710171017101710239e-02 8.040804080408041343e-02 2.640264026402640296e-02 1.800180018001800233e-02 5.010501050105010262e-02 1.770177017701770120e-02 1.500150015001500137e-02 8.640864086408640843e-02 2.430243024302430194e-02 1.980198019801980222e-02
6.420642064206420752e-02 2.280228022802280319e-02 1.920192019201920341e-02 5.700570057005700797e-02 1.590159015901590131e-02 1.800180018001800233e-02 7.380738073807380228e-02 2.670267026702670410e-02 1.950195019501950108e-02 5.970597059705970433e-02 2.040204020402040103e-02 1.500150015001500137e-02
3.990399039903990558e-02 1.590159015901590131e-02 1.410141014101410142e-02 4.020402040204020672e-02 1.950195019501950108e-02 1.710171017101710239e-02 4.170417041704170547e-02 1.860186018601860114e-02 1.500150015001500137e-02 6.780678067806780729e-02 2.580258025802580416e-02 1.650165016501650012e-02
4.290429042904290308e-02 1.350135013501350088e-02 1.200120012001200040e-02 3.240324032403240490e-02 1.950195019501950108e-02 1.350135013501350088e-02 4.410441044104410763e-02 2.070207020702070216e-02 1.770177017701770120e-02 3.300330033003300023e-02 1.350135013501350088e-02 1.770177017701770120e-02
3.660366036603660694e-02 1.830183018301830347e-02 1.350135013501350088e-02 5.940594059405940319e-02 2.190219021902190324e-02 1.500150015001500137e-02 3.360336033603360251e-02 1.680168016801680125e-02 1.560156015601560191e-02 3.330333033303330137e-02 1.740174017401740006e-02 1.410141014101410142e-02
3.750375037503750342e-02 1.950195019501950108e-02 1.680168016801680125e-02 3.600360036003600467e-02 2.010201020102010336e-02 1.410141014101410142e-02 3.750375037503750342e-02 2.160216021602160211e-02 1.560156015601560191e-02 3.270327032703270603e-02 1.620162016201620245e-02 1.350135013501350088e-02
2.970297029702970160e-02 1.770177017701770120e-02 1.590159015901590131e-02 4.950495049504950729e-02 1.710171017101710239e-02 1.530153015301530077e-02 3.510351035103510126e-02 1.800180018001800233e-02 1.410141014101410142e-02 3.120312031203120381e-02 1.710171017101710239e-02 1.740174017401740006e-02
3.120312031203120381e-02 1.890189018901890228e-02 1.740174017401740006e-02 2.880288028802880165e-02 1.620162016201620245e-02 1.530153015301530077e-02 2.280228022802280319e-02 1.590159015901590131e-02 1.620162016201620245e-02 3.330333033303330137e-02 1.770177017701770120e-02 1.290129012901290208e-02
2.970297029702970160e-02 1.830183018301830347e-02 1.260126012601260094e-02 2.340234023402340199e-02 1.290129012901290208e-02 1.560156015601560191e-02 2.850285028502850398e-02 1.830183018301830347e-02 1.380138013801380202e-02 3.540354035403540239e-02 1.050105010501050165e-02 1.740174017401740006e-02
2.820282028202820285e-02 2.040204020402040103e-02 1.620162016201620245e-02 1.770177017701770120e-02 1.530153015301530077e-02 1.410141014101410142e-02 2.520252025202520188e-02 1.560156015601560191e-02 1.320132013201320148e-02 2.670267026702670410e-02 1.410141014101410142e-02 1.710171017101710239e-02
2.370237023702370313e-02 1.470147014701470196e-02 1.830183018301830347e-02 2.310231023102310086e-02 8.100810081008101224e-03 1.500150015001500137e-02 2.670267026702670410e-02 1.530153015301530077e-02 1.800180018001800233e-02 2.400240024002400080e-02 1.350135013501350088e-02 1.470147014701470196e-02
2.160216021602160211e-02 1.500150015001500137e-02 9.300930093009300570e-03 3.390339033903390364e-02 1.320132013201320148e-02 1.470147014701470196e-02 2.340234023402340199e-02 1.380138013801380202e-02 1.470147014701470196e-02 2.220222022202220091e-02 1.980198019801980222e-02 1.680168016801680125e-02
2.550255025502550302e-02 1.890189018901890228e-02 1.350135013501350088e-02 2.550255025502550302e-02 1.770177017701770120e-02 1.890189018901890228e-02 2.850285028502850398e-02 1.800180018001800233e-02 1.560156015601560191e-02 1.680168016801680125e-02 1.740174017401740006e-02 1.260126012601260094e-02
2.130213021302130097e-02 1.770177017701770120e-02 1.650165016501650012e-02 1.830183018301830347e-02 1.740174017401740006e-02 1.590159015901590131e-02 2.040204020402040103e-02 1.470147014701470196e-02 1.500150015001500137e-02 2.340234023402340199e-02 1.830183018301830347e-02 1.860186018601860114e-02
2.850285028502850398e-02 1.650165016501650012e-02 1.620162016201620245e-02 2.310231023102310086e-02 1.650165016501650012e-02 1.410141014101410142e-02 1.890189018901890228e-02 1.590159015901590131e-02 1.590159015901590131e-02 2.010201020102010336e-02 1.440144014401440083e-02 1.650165016501650012e-02
1.800180018001800233e-02 1.620162016201620245e-02 1.860186018601860114e-02 2.130213021302130097e-02 1.770177017701770120e-02 1.920192019201920341e-02 1.950195019501950108e-02 1.470147014701470196e-02 1.500150015001500137e-02 2.430243024302430194e-02 1.620162016201620245e-02 1.470147014701470196e-02
1.800180018001800233e-02 1.410141014101410142e-02 1.170117011701170100e-02 1.740174017401740006e-02 1.410141014101410142e-02 1.620162016201620245e-02 2.610261026102610182e-02 1.500150015001500137e-02 1.650165016501650012e-02 1.920192019201920341e-02 1.500150015001500137e-02 1.410141014101410142e-02
1.620162016201620245e-02 1.560156015601560191e-02 1.110111011101110046e-02 2.070207020702070216e-02 1.980198019801980222e-02 1.800180018001800233e-02 2.310231023102310086e-02 1.590159015901590131e-02 1.740174017401740006e-02 1.860186018601860114e-02 1.590159015901590131e-02 1.800180018001800233e-02
1.710171017101710239e-02 1.410141014101410142e-02 1.680168016801680125e-02 1.770177017701770120e-02 1.800180018001800233e-02 2.040204020402040103e-02 1.920192019201920341e-02 1.560156015601560191e-02 1.290129012901290208e-02 1.410141014101410142e-02 1.950195019501950108e-02 1.530153015301530077e-02
1.710171017101710239e-02 1.650165016501650012e-02 1.650165016501650012e-02 1.920192019201920341e-02 1.530153015301530077e-02 1.590159015901590131e-02 1.680168016801680125e-02 1.440144014401440083e-02 1.920192019201920341e-02 1.830183018301830347e-02 1.470147014701470196e-02 1.500150015001500137e-02
1.950195019501950108e-02 1.650165016501650012e-02 1.380138013801380202e-02 2.250225022502250205e-02 1.680168016801680125e-02 1.260126012601260094e-02 1.320132013201320148e-02 1.320132013201320148e-02 1.530153015301530077e-02 2.130213021302130097e-02 1.590159015901590131e-02 1.620162016201620245e-02
1.830183018301830347e-02 1.620162016201620245e-02 1.530153015301530077e-02 2.040204020402040103e-02 1.500150015001500137e-02 2.070207020702070216e-02 1.710171017101710239e-02 1.350135013501350088e-02 1.710171017101710239e-02 1.830183018301830347e-02 1.710171017101710239e-02 1.680168016801680125e-02
1.680168016801680125e-02 1.380138013801380202e-02 1.380138013801380202e-02 1.620162016201620245e-02 1.620162016201620245e-02 1.620162016201620245e-02 1.920192019201920341e-02 2.040204020402040103e-02 1.110111011101110046e-02 1.830183018301830347e-02 1.980198019801980222e-02 1.350135013501350088e-02
1.830183018301830347e-02 1.500150015001500137e-02 1.530153015301530077e-02 1.290129012901290208e-02 1.710171017101710239e-02 1.230123012301230154e-02 1.590159015901590131e-02 1.590159015901590131e-02 1.380138013801380202e-02 1.680168016801680125e-02 1.650165016501650012e-02 1.620162016201620245e-02
