8.048999999999999488e-01 8.117999999999999661e-01 7.799000000000000377e-01 7.906999999999999584e-01
7.060999999999999499e-01 7.090999999999999526e-01 6.862000000000000322e-01 7.345000000000000417e-01
6.260999999999999899e-01 6.276000000000000467e-01 6.183999999999999497e-01 6.735999999999999766e-01
5.437999999999999501e-01 5.585999999999999854e-01 5.654000000000000137e-01 5.611000000000000432e-01
4.833000000000000074e-01 4.741000000000000214e-01 4.717000000000000082e-01 4.873000000000000109e-01
4.989000000000000101e-01 4.299999999999999933e-01 4.213999999999999968e-01 4.063999999999999835e-01
3.689000000000000057e-01 3.769000000000000128e-01 3.879000000000000226e-01 3.468999999999999861e-01
3.617000000000000215e-01 3.296999999999999931e-01 3.402999999999999914e-01 3.266999999999999904e-01
3.131999999999999784e-01 2.680000000000000160e-01 3.024000000000000021e-01 3.059000000000000052e-01
2.116999999999999993e-01 2.979999999999999871e-01 2.596999999999999864e-01 2.755000000000000226e-01
2.298000000000000043e-01 2.202999999999999958e-01 2.175999999999999879e-01 2.427999999999999881e-01
1.728000000000000091e-01 1.827999999999999903e-01 1.666999999999999871e-01 2.235000000000000042e-01
1.685999999999999999e-01 1.763000000000000123e-01 1.754000000000000004e-01 1.632000000000000117e-01
1.464999999999999913e-01 1.353999999999999926e-01 1.476999999999999980e-01 1.295999999999999930e-01
1.310999999999999943e-01 1.628000000000000003e-01 1.396000000000000019e-01 1.228999999999999954e-01
1.610000000000000042e-01 1.197000000000000008e-01 1.298999999999999877e-01 1.507000000000000006e-01
1.123999999999999999e-01 9.719999999999999474e-02 1.011999999999999983e-01 1.008000000000000007e-01
7.489999999999999436e-02 8.920000000000000151e-02 7.929999999999999549e-02 7.380000000000000449e-02
6.800000000000000488e-02 8.609999999999999598e-02 9.439999999999999780e-02 7.359999999999999876e-02
7.739999999999999658e-02 6.959999999999999520e-02 6.700000000000000400e-02 6.310000000000000331e-02
5.580000000000000238e-02 9.299999999999999933e-02 6.040000000000000230e-02 6.289999999999999758e-02
5.330000000000000016e-02 7.710000000000000187e-02 4.850000000000000144e-02 8.870000000000000107e-02
6.669999999999999540e-02 6.069999999999999701e-02 7.270000000000000073e-02 5.589999999999999830e-02
3.309999999999999748e-02 4.719999999999999890e-02 4.290000000000000063e-02 7.299999999999999545e-02
4.359999999999999987e-02 3.599999999999999728e-02 4.309999999999999942e-02 3.529999999999999805e-02
3.479999999999999760e-02 5.790000000000000008e-02 3.579999999999999849e-02 3.490000000000000047e-02
3.919999999999999873e-02 3.520000000000000212e-02 3.629999999999999893e-02 3.300000000000000155e-02
3.119999999999999857e-02 4.109999999999999765e-02 3.780000000000000027e-02 2.740000000000000074e-02
2.999999999999999889e-02 2.869999999999999982e-02 2.699999999999999969e-02 3.549999999999999684e-02
3.819999999999999785e-02 2.500000000000000139e-02 2.529999999999999957e-02 2.840000000000000163e-02
2.680000000000000090e-02 2.380000000000000171e-02 2.649999999999999925e-02 2.529999999999999957e-02
2.529999999999999957e-02 2.369999999999999885e-02 2.790000000000000119e-02 2.779999999999999832e-02
2.029999999999999860e-02 3.509999999999999926e-02 2.440000000000000155e-02 2.350000000000000006e-02
2.620000000000000107e-02 2.309999999999999901e-02 2.400000000000000050e-02 2.189999999999999933e-02
2.699999999999999969e-02 2.589999999999999941e-02 2.510000000000000078e-02 2.160000000000000114e-02
2.409999999999999989e-02 2.259999999999999856e-02 2.179999999999999993e-02 2.170000000000000054e-02
2.019999999999999921e-02 2.029999999999999860e-02 2.000000000000000042e-02 2.290000000000000022e-02
1.820000000000000090e-02 1.909999999999999892e-02 2.270000000000000143e-02 2.179999999999999993e-02
2.040000000000000147e-02 1.789999999999999925e-02 1.940000000000000058e-02 2.199999999999999872e-02
1.760000000000000106e-02 1.820000000000000090e-02 1.969999999999999876e-02 1.909999999999999892e-02
2.040000000000000147e-02 2.000000000000000042e-02 1.490000000000000005e-02 1.600000000000000033e-02
1.799999999999999864e-02 1.880000000000000074e-02 1.580000000000000154e-02 1.650000000000000078e-02
1.870000000000000134e-02 1.650000000000000078e-02 1.590000000000000094e-02 1.540000000000000049e-02
1.919999999999999832e-02 1.650000000000000078e-02 1.549999999999999989e-02 1.609999999999999973e-02
1.839999999999999969e-02 1.499999999999999944e-02 1.739999999999999880e-02 1.720000000000000001e-02
