5.000000000000000000e+01 4.200000000000000000e+01 4.400000000000000000e+01 3.800000000000000000e+01
8.400000000000000000e+01 7.400000000000000000e+01 7.200000000000000000e+01 9.000000000000000000e+01
1.000000000000000000e+02 1.180000000000000000e+02 1.020000000000000000e+02 1.320000000000000000e+02
1.280000000000000000e+02 1.340000000000000000e+02 1.500000000000000000e+02 1.540000000000000000e+02
1.580000000000000000e+02 1.680000000000000000e+02 1.720000000000000000e+02 1.640000000000000000e+02
2.140000000000000000e+02 2.140000000000000000e+02 2.060000000000000000e+02 1.820000000000000000e+02
2.340000000000000000e+02 2.280000000000000000e+02 2.320000000000000000e+02 2.180000000000000000e+02
2.680000000000000000e+02 2.700000000000000000e+02 2.280000000000000000e+02 2.540000000000000000e+02
3.460000000000000000e+02 2.960000000000000000e+02 2.960000000000000000e+02 3.160000000000000000e+02
3.100000000000000000e+02 3.100000000000000000e+02 3.500000000000000000e+02 2.980000000000000000e+02
3.240000000000000000e+02 3.700000000000000000e+02 3.660000000000000000e+02 3.740000000000000000e+02
3.700000000000000000e+02 3.780000000000000000e+02 4.200000000000000000e+02 4.480000000000000000e+02
4.180000000000000000e+02 4.420000000000000000e+02 4.020000000000000000e+02 4.220000000000000000e+02
4.420000000000000000e+02 4.660000000000000000e+02 4.860000000000000000e+02 4.600000000000000000e+02
4.740000000000000000e+02 5.000000000000000000e+02 5.400000000000000000e+02 5.000000000000000000e+02
5.400000000000000000e+02 5.440000000000000000e+02 5.160000000000000000e+02 5.040000000000000000e+02
5.480000000000000000e+02 5.720000000000000000e+02 5.520000000000000000e+02 5.220000000000000000e+02
5.700000000000000000e+02 5.940000000000000000e+02 5.820000000000000000e+02 5.740000000000000000e+02
5.980000000000000000e+02 6.180000000000000000e+02 6.120000000000000000e+02 6.240000000000000000e+02
6.660000000000000000e+02 6.560000000000000000e+02 6.740000000000000000e+02 6.540000000000000000e+02
6.600000000000000000e+02 6.940000000000000000e+02 6.920000000000000000e+02 6.960000000000000000e+02
7.240000000000000000e+02 7.060000000000000000e+02 6.900000000000000000e+02 7.300000000000000000e+02
7.560000000000000000e+02 7.620000000000000000e+02 7.840000000000000000e+02 8.060000000000000000e+02
7.640000000000000000e+02 8.240000000000000000e+02 7.900000000000000000e+02 7.260000000000000000e+02
8.080000000000000000e+02 8.180000000000000000e+02 8.000000000000000000e+02 8.200000000000000000e+02
8.420000000000000000e+02 8.940000000000000000e+02 8.640000000000000000e+02 8.320000000000000000e+02
8.740000000000000000e+02 9.080000000000000000e+02 8.740000000000000000e+02 8.560000000000000000e+02
9.100000000000000000e+02 8.580000000000000000e+02 8.980000000000000000e+02 9.060000000000000000e+02
8.900000000000000000e+02 9.160000000000000000e+02 9.200000000000000000e+02 9.620000000000000000e+02
9.980000000000000000e+02 9.780000000000000000e+02 9.660000000000000000e+02 9.320000000000000000e+02
9.920000000000000000e+02 9.980000000000000000e+02 1.022000000000000000e+03 1.052000000000000000e+03
1.002000000000000000e+03 1.026000000000000000e+03 1.004000000000000000e+03 1.026000000000000000e+03
1.032000000000000000e+03 1.090000000000000000e+03 1.072000000000000000e+03 1.058000000000000000e+03
1.122000000000000000e+03 1.156000000000000000e+03 1.088000000000000000e+03 1.060000000000000000e+03
1.144000000000000000e+03 1.100000000000000000e+03 1.124000000000000000e+03 1.126000000000000000e+03
1.122000000000000000e+03 1.180000000000000000e+03 1.182000000000000000e+03 1.184000000000000000e+03
1.186000000000000000e+03 1.204000000000000000e+03 1.198000000000000000e+03 1.134000000000000000e+03
1.186000000000000000e+03 1.170000000000000000e+03 1.226000000000000000e+03 1.216000000000000000e+03
1.286000000000000000e+03 1.266000000000000000e+03 1.242000000000000000e+03 1.242000000000000000e+03
1.238000000000000000e+03 1.252000000000000000e+03 1.306000000000000000e+03 1.324000000000000000e+03
1.224000000000000000e+03 1.316000000000000000e+03 1.330000000000000000e+03 1.256000000000000000e+03
1.340000000000000000e+03 1.356000000000000000e+03 1.316000000000000000e+03 1.352000000000000000e+03
1.358000000000000000e+03 1.426000000000000000e+03 1.362000000000000000e+03 1.316000000000000000e+03
1.404000000000000000e+03 1.382000000000000000e+03 1.406000000000000000e+03 1.454000000000000000e+03
1.484000000000000000e+03 1.444000000000000000e+03 1.422000000000000000e+03 1.406000000000000000e+03
