8.949894989498942133e-01 8.664866486648664656e-01 9.195919591959196282e-01 8.583858385838586402e-01
8.889888988898886346e-01 8.715871587158711131e-01 6.177617761776169614e-01 7.554755475547545451e-01
8.799879987998803221e-01 7.968796879687970458e-01 8.730873087308734792e-01 8.922892289228924190e-01
8.589858985898594090e-01 8.325832583258330200e-01 8.829882988298832780e-01 7.959795979597961146e-01
7.692769276927698963e-01 8.073807380738079464e-01 8.145814581458150627e-01 7.257725772577260370e-01
6.786678667866786752e-01 7.005700570057006304e-01 7.740774077407749365e-01 7.164716471647172291e-01
6.387638763876388737e-01 6.870687068706875511e-01 7.173717371737181603e-01 7.056705670567063882e-01
6.915691569156925400e-01 6.696669666966705847e-01 6.762676267626770432e-01 6.324632463246330216e-01
5.733573357335735032e-01 5.442544254425448758e-01 6.231623162316239917e-01 6.564656465646574457e-01
5.121512151215130704e-01 5.991599159915999007e-01 5.001500150015005808e-01 5.211521152115217159e-01
5.184518451845192555e-01 5.124512451245130107e-01 4.182418241824186755e-01 4.974497449744981203e-01
3.600360036003603104e-01 3.855385538553858793e-01 3.846384638463851147e-01 5.061506150615068256e-01
3.903390339033909195e-01 4.011401140114018715e-01 3.909390939093913553e-01 3.270327032703274628e-01
3.756375637563761916e-01 3.534353435343539629e-01 3.342334233423345791e-01 2.850285028502852480e-01
3.222322232223227556e-01 3.786378637863790919e-01 3.672367236723678152e-01 2.901290129012905616e-01
4.080408040804085479e-01 2.550255025502554118e-01 2.658265826582661417e-01 3.846384638463852257e-01
2.613261326132617635e-01 2.256225622562259558e-01 2.256225622562259003e-01 2.295229522952298429e-01
1.836183618361838521e-01 2.016201620162019481e-01 2.037203720372039728e-01 1.491149114911493601e-01
1.734173417341737522e-01 1.758175817581760780e-01 2.139213921392142947e-01 1.590159015901593531e-01
2.040204020402044127e-01 1.653165316531655382e-01 1.521152115211523992e-01 1.602160216021603356e-01
1.260126012601262002e-01 2.016201620162019204e-01 1.443144314431445696e-01 1.656165616561658394e-01
1.026102610261027254e-01 1.800180018001802940e-01 1.122112211221123618e-01 2.061206120612063541e-01
1.434143414341436107e-01 1.413141314131415582e-01 1.608160816081610489e-01 1.329132913291330709e-01
8.610861086108625995e-02 7.920792079207931990e-02 8.430843084308439761e-02 1.425142514251426518e-01
1.002100210021003440e-01 5.220522052205225916e-02 8.790879087908798351e-02 7.620762076207632241e-02
6.840684068406845120e-02 1.275127512751277059e-01 6.600660066006606985e-02 6.180618061806183311e-02
7.080708070807087418e-02 6.180618061806186780e-02 6.330633063306337349e-02 6.300630063006308623e-02
5.190519051905192333e-02 1.125112511251126907e-01 6.540654065406548145e-02 5.970597059705976678e-02
5.430543054305435324e-02 5.310531053105313481e-02 3.690369036903694278e-02 5.970597059705975290e-02
4.680468046804683174e-02 4.710471047104714676e-02 4.440444044404440876e-02 9.210921092109224106e-02
3.960396039603963220e-02 2.130213021302130444e-02 4.200420042004201354e-02 5.490549054905499021e-02
4.530453045304536075e-02 6.000600060006011649e-02 5.220522052205227997e-02 4.620462046204627804e-02
2.910291029102910626e-02 7.680768076807693856e-02 4.350435043504354005e-02 2.400240024002399039e-02
3.330333033303329443e-02 4.230423042304237713e-02 4.710471047104714676e-02 1.080108010801078024e-02
2.730273027302730637e-02 1.860186018601860114e-02 3.210321032103209682e-02 3.390339033903388283e-02
5.220522052205225916e-02 3.390339033903390364e-02 2.490249024902489727e-02 3.360336033603363720e-02
2.400240024002401468e-02 3.000300030003000273e-02 2.940294029402941087e-02 3.900390039003902298e-02
2.340234023402341587e-02 2.610261026102610182e-02 4.980498049804986394e-02 2.670267026702670757e-02
1.290129012901287953e-02 2.070207020702067441e-02 3.900390039003901604e-02 2.610261026102612611e-02
2.580258025802581456e-02 1.950195019501949067e-02 2.370237023702368925e-02 -9.000900090009549123e-04
1.830183018301828959e-02 2.760276027602762486e-02 2.640264026402643766e-02 2.580258025802582497e-02
2.280228022802277543e-02 2.970297029702971894e-02 1.530153015301531638e-02 3.240324032403242571e-02
2.160216021602162292e-02 3.690369036903694278e-02 2.790279027902794334e-02 2.040204020402038368e-02
2.280228022802282054e-02 1.620162016201620592e-02 7.500750075007452111e-03 9.000900090008949125e-03
2.520252025202521229e-02 -3.000300030003557271e-04 1.380138013801377427e-02 1.710171017101711280e-02
