3.975000000000000200e-01 7.818000000000000504e-01 3.837999999999999745e-01 3.249000000000000221e-01
2.975999999999999757e-01 2.795000000000000262e-01 2.847999999999999976e-01 8.899999999999999578e-02
2.627999999999999781e-01 1.388999999999999957e-01 2.674000000000000266e-01 2.770000000000000240e-01
1.358999999999999930e-01 8.150000000000000300e-02 1.179999999999999938e-01 1.267999999999999960e-01
2.174999999999999989e-01 1.262999999999999956e-01 3.230000000000000232e-02 4.000000000000000083e-02
3.860000000000000236e-02 3.420000000000000123e-02 3.919999999999999873e-02 1.081000000000000016e-01
1.830000000000000029e-02 1.053999999999999937e-01 1.789999999999999925e-01 4.959999999999999826e-02
1.839999999999999969e-02 1.710000000000000062e-02 1.640000000000000138e-02 4.580000000000000043e-02
3.049999999999999933e-02 1.650000000000000078e-02 2.939999999999999905e-02 1.609999999999999973e-02
2.910000000000000087e-02 4.830000000000000265e-02 7.449999999999999678e-02 7.220000000000000029e-02
4.880000000000000310e-02 5.929999999999999855e-02 6.310000000000000331e-02 3.980000000000000204e-02
3.440000000000000002e-02 6.400000000000000307e-03 2.980000000000000010e-02 1.400000000000000029e-02
1.149999999999999981e-02 3.849999999999999950e-02 3.749999999999999861e-02 9.599999999999999159e-03
2.189999999999999933e-02 1.739999999999999880e-02 6.100000000000000387e-03 1.000000000000000021e-02
1.170000000000000033e-02 1.319999999999999993e-02 7.799999999999999642e-03 1.700000000000000122e-02
6.599999999999999964e-03 2.759999999999999953e-02 2.560000000000000123e-02 4.599999999999999922e-03
1.580000000000000154e-02 9.599999999999999159e-03 5.400000000000000286e-03 1.510000000000000057e-02
3.899999999999999821e-03 6.400000000000000307e-03 1.349999999999999985e-02 7.700000000000000247e-03
7.400000000000000328e-03 2.089999999999999844e-02 1.710000000000000062e-02 4.799999999999999580e-03
5.499999999999999681e-03 1.569999999999999868e-02 1.529999999999999936e-02 1.569999999999999868e-02
1.349999999999999985e-02 5.599999999999999943e-03 1.839999999999999969e-02 1.280000000000000061e-02
1.209999999999999964e-02 5.000000000000000104e-03 3.700000000000000164e-03 9.900000000000000813e-03
4.899999999999999842e-03 7.100000000000000408e-03 6.400000000000000307e-03 1.870000000000000134e-02
1.379999999999999977e-02 5.300000000000000024e-03 2.089999999999999844e-02 1.349999999999999985e-02
4.100000000000000346e-03 4.199999999999999740e-03 4.700000000000000185e-03 3.899999999999999821e-03
4.499999999999999660e-03 5.599999999999999943e-03 5.700000000000000205e-03 1.119999999999999989e-02
4.400000000000000265e-03 1.260000000000000009e-02 5.100000000000000366e-03 3.700000000000000164e-03
1.480000000000000066e-02 1.220000000000000077e-02 4.300000000000000003e-03 4.100000000000000346e-03
1.290000000000000001e-02 4.400000000000000265e-03 1.340000000000000045e-02 1.370000000000000037e-02
6.400000000000000307e-03 2.129999999999999949e-02 4.499999999999999660e-03 1.039999999999999952e-02
3.399999999999999811e-03 1.119999999999999989e-02 1.220000000000000077e-02 4.499999999999999660e-03
1.389999999999999916e-02 1.299999999999999940e-02 5.300000000000000024e-03 4.400000000000000265e-03
4.400000000000000265e-03 1.290000000000000001e-02 1.209999999999999964e-02 3.099999999999999891e-03
1.290000000000000001e-02 1.159999999999999920e-02 4.100000000000000346e-03 1.179999999999999973e-02
1.209999999999999964e-02 3.899999999999999821e-03 1.260000000000000009e-02 5.100000000000000366e-03
