4.326432643264324085e-01 8.553855385538555733e-01 4.593459345934593485e-01 3.675367536753675335e-01
3.810381038103807239e-01 3.138313831383136021e-01 3.123312331233121242e-01 1.089108910891089105e-01
2.808280828082808656e-01 1.548154815481548041e-01 3.561356135613560903e-01 3.585358535853584439e-01
2.088208820882089534e-01 1.272127212721273215e-01 1.770177017701771160e-01 1.299129912991299207e-01
3.105310531053105949e-01 1.974197419741974546e-01 1.320132013201311127e-02 8.490849084908502764e-02
5.430543054305431161e-02 7.560756075607569238e-02 7.410741074107418669e-02 1.707170717071707922e-01
3.900390039003901604e-02 1.368136813681368469e-01 3.102310231023102660e-01 6.090609060906088806e-02
3.810381038103814733e-02 2.820282028202823754e-02 2.850285028502850398e-02 8.670867086708677896e-02
4.290429042904294471e-02 2.550255025502554465e-02 5.280528052805284756e-02 3.000300030003003743e-02
3.090309030903086798e-02 7.320732073207324164e-02 1.170117011701170967e-01 1.170117011701170551e-01
7.440744074407448783e-02 1.137113711371138397e-01 1.269126912691269649e-01 8.940894089408951695e-02
6.390639063906392026e-02 5.400540054005384914e-03 4.800480048004802242e-02 2.700270027002704687e-02
1.440144014401441297e-02 3.390339033903386201e-02 7.290729072907298214e-02 9.900990099009888967e-03
5.190519051905197190e-02 1.380138013801378467e-02 1.170117011701170447e-02 1.620162016201620245e-02
3.180318031803183038e-02 2.100210021002101371e-02 9.300930093009307509e-03 1.170117011701167845e-02
1.080108010801080626e-02 5.670567056705674847e-02 2.550255025502548220e-02 1.800180018001803009e-02
2.700270027002702258e-02 2.370237023702373089e-02 4.500450045004485838e-03 2.220222022202221479e-02
1.680168016801683595e-02 7.200720072007202148e-03 1.740174017401741047e-02 1.620162016201622326e-02
9.900990099009914988e-03 3.450345034503452674e-02 4.500450045004442470e-03 1.800180018001792297e-03
1.320132013201322577e-02 1.500150015001501351e-02 1.500150015001496667e-02 1.650165016501650359e-02
2.520252025202523657e-02 5.700570057005699930e-03 2.910291029102913402e-02 9.300930093009276284e-03
1.770177017701771160e-02 2.400240024002397825e-03 4.500450045004499716e-03 4.500450045004491043e-03
1.080108010801080973e-02 1.290129012901291596e-02 1.020102010201021092e-02 1.560156015601559150e-02
2.250225022502252634e-02 1.140114011401141200e-02 1.470147014701468115e-02 2.190219021902192406e-02
3.300330033003296901e-03 6.000600060005912163e-04 5.400540054005404864e-03 -4.200420042004232406e-03
5.100510051005101124e-03 1.170117011701172528e-02 1.200120012001179397e-03 1.110111011101108831e-02
5.400540054005395323e-03 1.170117011701170794e-02 8.700870087008703499e-03 5.100510051005098522e-03
1.170117011701167671e-02 9.000900090008978616e-03 1.200120012001193275e-03 6.000600060005822174e-04
1.200120012001199693e-02 3.000300030002915966e-04 2.400240024002402509e-02 1.320132013201319975e-02
7.500750075007502418e-03 1.500150015001499616e-02 4.800480048004798252e-03 5.700570057005666970e-03
6.300630063006310878e-03 3.600360036003553369e-03 1.650165016501650012e-02 2.100210021002095386e-03
1.740174017401741047e-02 1.680168016801680472e-02 1.380138013801382110e-02 1.350135013501352343e-02
5.100510051005099389e-03 2.130213021302132179e-02 2.610261026102614693e-02 6.000600060006000200e-03
1.200120012001197958e-02 1.230123012301227899e-02 3.900390039003892237e-03 1.410141014101405285e-02
1.050105010501050685e-02 1.500150015001483136e-03 9.300930093009279753e-03 8.100810081008120306e-03
