9.103999999999999870e-01 9.333000000000000185e-01 9.402000000000000357e-01 9.242000000000000215e-01
8.895999999999999464e-01 8.789000000000000146e-01 8.757000000000000339e-01 8.578000000000000069e-01
8.501999999999999558e-01 8.386000000000000121e-01 8.326999999999999957e-01 8.547000000000000153e-01
8.203000000000000291e-01 8.264000000000000234e-01 8.034000000000000030e-01 8.262000000000000455e-01
7.433999999999999497e-01 7.703999999999999737e-01 7.683999999999999719e-01 7.792999999999999927e-01
7.562999999999999723e-01 7.601999999999999869e-01 7.387000000000000233e-01 7.512999999999999678e-01
6.889999999999999458e-01 7.446000000000000396e-01 6.933000000000000274e-01 6.875999999999999890e-01
6.624999999999999778e-01 6.550000000000000266e-01 6.535999999999999588e-01 6.703999999999999959e-01
6.499000000000000332e-01 6.711000000000000298e-01 6.222999999999999643e-01 6.208000000000000185e-01
5.855000000000000204e-01 5.994000000000000439e-01 6.202999999999999625e-01 6.008000000000000007e-01
6.007000000000000117e-01 6.122999999999999554e-01 6.178000000000000158e-01 5.926000000000000156e-01
5.531000000000000361e-01 5.738999999999999657e-01 5.734000000000000208e-01 5.768999999999999684e-01
5.366999999999999549e-01 4.939000000000000057e-01 5.379000000000000448e-01 5.060000000000000053e-01
4.837000000000000188e-01 5.131999999999999895e-01 4.999000000000000110e-01 5.342000000000000082e-01
4.748999999999999888e-01 4.984999999999999987e-01 5.114999999999999547e-01 4.646000000000000130e-01
4.845999999999999752e-01 4.390999999999999903e-01 5.006000000000000449e-01 4.642999999999999905e-01
4.778999999999999915e-01 4.660000000000000253e-01 4.506999999999999895e-01 4.516000000000000014e-01
4.321999999999999731e-01 4.406999999999999806e-01 4.253000000000000114e-01 4.114999999999999769e-01
4.285999999999999810e-01 4.133000000000000007e-01 3.996999999999999997e-01 4.218999999999999972e-01
4.290999999999999814e-01 4.017000000000000015e-01 3.533999999999999919e-01 4.102000000000000091e-01
3.698000000000000176e-01 3.734999999999999987e-01 3.618000000000000105e-01 3.805000000000000049e-01
3.548999999999999932e-01 3.587000000000000188e-01 3.653000000000000136e-01 3.861999999999999877e-01
3.513999999999999901e-01 3.825000000000000067e-01 3.635999999999999788e-01 3.522000000000000131e-01
3.403999999999999804e-01 3.549999999999999822e-01 3.784000000000000141e-01 3.402000000000000024e-01
3.313999999999999724e-01 3.299000000000000266e-01 3.323999999999999733e-01 3.096999999999999753e-01
2.939999999999999836e-01 3.054999999999999938e-01 3.114999999999999991e-01 3.084999999999999964e-01
3.296999999999999931e-01 3.053000000000000158e-01 3.201999999999999846e-01 3.192999999999999727e-01
2.811000000000000165e-01 3.055999999999999828e-01 2.898999999999999910e-01 2.871000000000000218e-01
3.027000000000000246e-01 3.004999999999999893e-01 2.904999999999999805e-01 2.751000000000000112e-01
2.732999999999999874e-01 2.674000000000000266e-01 2.752999999999999892e-01 2.676000000000000045e-01
2.797000000000000042e-01 2.801000000000000156e-01 3.037000000000000255e-01 2.757000000000000006e-01
2.807999999999999940e-01 2.474000000000000088e-01 2.515999999999999903e-01 2.620999999999999996e-01
2.389999999999999902e-01 2.679000000000000270e-01 2.503000000000000225e-01 2.551999999999999824e-01
2.736000000000000099e-01 2.416000000000000092e-01 2.454000000000000070e-01 2.364999999999999880e-01
2.371000000000000052e-01 2.348999999999999977e-01 2.328999999999999959e-01 2.570999999999999952e-01
2.652999999999999803e-01 2.336000000000000021e-01 2.127999999999999892e-01 2.374999999999999889e-01
2.300999999999999990e-01 2.391999999999999960e-01 2.485999999999999877e-01 2.054999999999999882e-01
2.253000000000000003e-01 2.368999999999999995e-01 2.164999999999999980e-01 2.321000000000000008e-01
2.242999999999999994e-01 2.154000000000000081e-01 2.122999999999999887e-01 2.134000000000000064e-01
2.003000000000000058e-01 2.187999999999999945e-01 2.190000000000000002e-01 2.265000000000000069e-01
2.054999999999999882e-01 2.049999999999999878e-01 2.036999999999999922e-01 2.039999999999999869e-01
1.923999999999999877e-01 2.000000000000000111e-01 2.144000000000000072e-01 1.864000000000000101e-01
1.875999999999999890e-01 2.187999999999999945e-01 2.091000000000000081e-01 1.993000000000000049e-01
1.957000000000000128e-01 1.915000000000000036e-01 1.925999999999999934e-01 1.930999999999999939e-01
1.869000000000000106e-01 1.852000000000000035e-01 1.854000000000000092e-01 2.233999999999999875e-01
1.729999999999999871e-01 1.859000000000000097e-01 1.761000000000000065e-01 1.837999999999999912e-01
1.841000000000000136e-01 1.841000000000000136e-01 1.877000000000000057e-01 1.922999999999999987e-01
1.734999999999999876e-01 1.708000000000000074e-01 1.804000000000000048e-01 1.806000000000000105e-01
1.917000000000000093e-01 1.850999999999999868e-01 1.756000000000000061e-01 1.781000000000000083e-01
1.615999999999999936e-01 1.759999999999999898e-01 1.763000000000000123e-01 1.809000000000000052e-01
1.751000000000000056e-01 1.618999999999999884e-01 1.595999999999999919e-01 1.625000000000000056e-01
1.607000000000000095e-01 1.658999999999999919e-01 1.729999999999999871e-01 1.557999999999999940e-01
1.700000000000000122e-01 1.628000000000000003e-01 1.691000000000000003e-01 1.812000000000000000e-01
1.549000000000000099e-01 1.648999999999999910e-01 1.622000000000000108e-01 1.549000000000000099e-01
1.700000000000000122e-01 1.721999999999999920e-01 1.653999999999999915e-01 1.683000000000000052e-01
1.744999999999999885e-01 1.466000000000000081e-01 1.539000000000000090e-01 1.597999999999999976e-01
1.607000000000000095e-01 1.613999999999999879e-01 1.681999999999999884e-01 1.607000000000000095e-01
1.595999999999999919e-01 1.544999999999999984e-01 1.585999999999999910e-01 1.617000000000000104e-01
1.613999999999999879e-01 1.554999999999999993e-01 1.496000000000000107e-01 1.635000000000000064e-01
1.532000000000000028e-01 1.532000000000000028e-01 1.463000000000000134e-01 1.585000000000000020e-01
1.554999999999999993e-01 1.575000000000000011e-01 1.540999999999999870e-01 1.559000000000000108e-01
1.557999999999999940e-01 1.574000000000000121e-01 1.532999999999999918e-01 1.486000000000000099e-01
1.534000000000000086e-01 1.396999999999999909e-01 1.504999999999999949e-01 1.405000000000000138e-01
1.481999999999999984e-01 1.477999999999999869e-01 1.405000000000000138e-01 1.418999999999999984e-01
1.461999999999999966e-01 1.406999999999999917e-01 1.421000000000000041e-01 1.481000000000000094e-01
1.393999999999999961e-01 1.424999999999999878e-01 1.491999999999999993e-01 1.474000000000000032e-01
1.373999999999999944e-01 1.433000000000000107e-01 1.335999999999999965e-01 1.375000000000000111e-01
1.431000000000000050e-01 1.335999999999999965e-01 1.512999999999999901e-01 1.441999999999999948e-01
1.355999999999999983e-01 1.444999999999999896e-01 1.365999999999999992e-01 1.370000000000000107e-01
1.516000000000000125e-01 1.564000000000000112e-01 1.371999999999999886e-01 1.401999999999999913e-01
