9.147914791479148100e-01 8.790879087908790579e-01 8.667866786678667390e-01 9.414941494149414725e-01 9.186918691869186970e-01 8.949894989498949904e-01 9.435943594359436082e-01 9.114911491149114697e-01 8.946894689468947170e-01 9.228922892289228574e-01 8.928892889288928547e-01 8.793879387938794423e-01
8.943894389438944437e-01 8.121812181218122095e-01 7.761776177617761840e-01 8.760876087608761020e-01 7.878787878787878451e-01 7.563756375637563645e-01 8.733873387338734195e-01 8.127812781278127563e-01 7.410741074107410897e-01 8.631863186318632364e-01 8.151815181518151654e-01 7.410741074107410897e-01
8.412841284128412811e-01 7.536753675367536820e-01 6.972697269726972902e-01 8.541854185418541467e-01 7.368736873687368183e-01 6.891689168916891317e-01 8.451845184518451681e-01 7.773777377737773886e-01 6.978697869786978369e-01 8.595859585958596227e-01 7.614761476147614561e-01 6.867686768676867226e-01
8.190819081908190524e-01 6.969696969696970168e-01 6.072607260726072820e-01 8.244824482448245284e-01 7.068706870687068156e-01 6.162616261626162606e-01 8.049804980498049822e-01 6.693669366936693121e-01 5.799579957995799617e-01 8.319831983198320291e-01 6.825682568256825622e-01 6.198619861986198742e-01
7.434743474347434988e-01 5.895589558955895981e-01 4.788478847884788392e-01 7.638763876387638652e-01 6.402640264026402406e-01 5.454545454545454142e-01 7.590759075907590470e-01 6.198619861986198742e-01 5.070507050705070906e-01 7.731773177317732282e-01 6.381638163816382159e-01 5.499549954995499590e-01
7.506750675067507261e-01 6.276627662766276483e-01 5.058505850585058861e-01 7.554755475547554333e-01 6.027602760276027372e-01 4.923492349234923626e-01 7.494749474947495216e-01 6.060606060606060774e-01 4.629462946294629622e-01 7.611761176117611827e-01 5.790579057905790306e-01 4.992499249924992610e-01
6.750675067506750615e-01 4.956495649564956474e-01 4.116411641164116619e-01 7.380738073807380228e-01 5.613561356135613467e-01 4.479447944794479608e-01 7.152715271527152474e-01 5.208520852085208874e-01 4.104410441044104574e-01 7.008700870087009038e-01 4.695469546954695317e-01 3.969396939693969339e-01
6.639663966396639472e-01 4.947494749474947717e-01 3.489348934893489185e-01 6.501650165016501504e-01 4.524452445244524501e-01 3.336333633363336437e-01 6.417641764176417185e-01 4.797479747974797704e-01 3.642364236423642487e-01 6.744674467446745147e-01 4.614461446144614287e-01 3.633363336333633176e-01
6.480648064806480146e-01 4.737473747374737476e-01 3.255325532553255408e-01 6.660666066606660829e-01 4.893489348934893512e-01 3.606360636063606351e-01 6.147614761476147827e-01 4.164416441644164246e-01 2.931293129312931289e-01 6.204620462046204210e-01 3.936393639363936492e-01 3.123312331233123462e-01
5.865586558655865312e-01 4.053405340534053658e-01 2.889288928892889130e-01 6.006600660066007125e-01 3.759375937593759653e-01 2.730273027302730360e-01 6.072607260726072820e-01 4.299429942994299481e-01 3.135313531353135508e-01 5.886588658865886670e-01 3.915391539153915135e-01 2.883288328832883107e-01
6.060606060606060774e-01 3.963396339633963317e-01 2.922292229222922533e-01 6.171617161716171918e-01 4.119411941194119353e-01 2.964296429642964137e-01 6.210621062106210788e-01 4.449444944494449494e-01 3.111311131113111417e-01 5.967596759675967144e-01 3.939393939393939226e-01 2.919291929192919244e-01
5.523552355235523681e-01 3.918391839183918424e-01 2.538253825382538187e-01 5.631563156315632090e-01 4.083408340834083217e-01 2.637263726372637285e-01 5.754575457545754169e-01 3.924392439243924446e-01 2.592259225922592392e-01 5.847584758475847799e-01 4.065406540654065148e-01 2.757275727572757185e-01
5.421542154215421849e-01 3.516351635163516565e-01 2.358235823582358337e-01 4.938493849384938406e-01 2.943294329432943335e-01 2.076207620762076100e-01 5.214521452145214342e-01 3.216321632163216537e-01 2.400240024002400219e-01 4.998499849984998633e-01 3.099309930993099371e-01 2.127212721272127294e-01
4.911491149114911581e-01 2.985298529852985494e-01 2.049204920492049276e-01 4.917491749174917604e-01 2.856285628562856282e-01 2.142214221422142351e-01 4.773477347734773613e-01 3.207320732073207226e-01 2.082208220822082123e-01 5.418541854185418005e-01 3.270327032703270187e-01 2.340234023402340269e-01
4.656465646564656446e-01 2.811281128112811389e-01 1.761176117611761294e-01 4.941494149414941695e-01 2.925292529252925267e-01 2.046204620462046264e-01 5.220522052205220920e-01 3.369336933693369285e-01 2.247224722472247194e-01 4.644464446444644401e-01 2.883288328832883107e-01 1.914191419141914319e-01
4.944494449444944428e-01 2.868286828682868328e-01 1.833183318331833289e-01 4.320432043204320283e-01 2.313231323132313166e-01 1.656165616561656173e-01 5.061506150615061594e-01 3.012301230123012319e-01 1.977197719771977280e-01 4.635463546354635644e-01 2.361236123612361348e-01 1.854185418541854091e-01
4.695469546954695317e-01 2.781278127812781276e-01 1.971197119711971257e-01 4.713471347134713385e-01 2.544254425442544210e-01 1.713171317131713112e-01 4.440444044404440183e-01 2.742274227422742405e-01 1.776177617761776073e-01 4.521452145214521212e-01 2.271227122712271285e-01 1.821182118211821244e-01
4.341434143414341640e-01 2.133213321332133316e-01 1.584158415841584178e-01 4.365436543654365176e-01 2.325232523252325212e-01 1.800180018001800164e-01 4.323432343234323572e-01 2.283228322832283330e-01 1.764176417641764305e-01 4.092409240924092528e-01 2.172217221722172187e-01 1.680168016801680264e-01
4.290429042904290169e-01 2.412241224122412264e-01 1.659165916591659184e-01 4.272427242724272656e-01 2.445244524452445112e-01 1.614161416141614291e-01 3.882388238823882287e-01 2.286228622862286342e-01 1.638163816381638105e-01 4.206420642064206405e-01 2.382238223822382150e-01 1.686168616861686287e-01
4.200420042004200383e-01 2.232223222322232137e-01 1.596159615961596223e-01 4.005400540054005476e-01 2.031203120312031207e-01 1.692169216921692032e-01 3.726372637263726251e-01 1.863186318631863125e-01 1.296129612961296196e-01 4.224422442244224474e-01 2.316231623162316178e-01 1.545154515451545030e-01
3.654365436543654533e-01 1.809180918091809198e-01 1.443144314431443198e-01 3.729372937293729540e-01 2.028202820282028196e-01 1.506150615061506159e-01 3.702370237023702160e-01 1.866186618661866137e-01 1.332133213321332055e-01 3.663366336633663289e-01 1.890189018901890228e-01 1.491149114911491103e-01
3.336333633363336437e-01 1.821182118211821244e-01 1.395139513951395016e-01 3.600360036003600328e-01 1.677167716771677253e-01 1.392139213921392005e-01 3.723372337233723517e-01 2.226222622262226114e-01 1.488148814881488091e-01 3.813381338133813303e-01 2.064206420642064332e-01 1.407140714071407062e-01
3.543354335433543389e-01 1.905190519051905285e-01 1.401140114011401039e-01 3.759375937593759653e-01 2.256225622562256228e-01 1.638163816381638105e-01 3.648364836483648510e-01 2.040204020402040241e-01 1.458145814581458255e-01 3.606360636063606351e-01 1.944194419441944155e-01 1.413141314131413084e-01
3.324332433243324392e-01 1.947194719471947166e-01 1.491149114911491103e-01 3.639363936393639198e-01 1.788178817881788119e-01 1.524152415241524228e-01 3.765376537653765121e-01 1.929192919291929098e-01 1.578157815781578155e-01 3.489348934893489185e-01 1.839183918391839312e-01 1.389138913891389271e-01
3.306330633063306323e-01 1.803180318031803175e-01 1.380138013801380237e-01 3.357335733573357239e-01 1.863186318631863125e-01 1.425142514251425130e-01 3.315331533153315080e-01 1.680168016801680264e-01 1.500150015001500137e-01 3.156315631563156310e-01 1.641164116411641116e-01 1.395139513951395016e-01
2.907290729072907198e-01 1.638163816381638105e-01 1.302130213021302219e-01 3.030303030303030387e-01 1.422142214221422118e-01 1.317131713171316998e-01 3.249324932493249385e-01 1.674167416741674241e-01 1.407140714071407062e-01 3.060306030603060501e-01 1.653165316531653162e-01 1.338133813381338078e-01
3.261326132613261430e-01 1.683168316831683275e-01 1.494149414941494114e-01 3.105310531053105394e-01 1.758175817581758282e-01 1.464146414641464278e-01 3.117311731173117439e-01 1.704170417041704078e-01 1.305130513051305230e-01 3.144314431443144264e-01 1.650165016501650150e-01 1.347134713471347112e-01
2.805280528052805367e-01 1.566156615661566109e-01 1.221122112211221189e-01 2.919291929192919244e-01 1.692169216921692032e-01 1.377137713771377225e-01 2.886288628862886396e-01 1.623162316231623048e-01 1.287128712871287162e-01 2.667266726672667398e-01 1.680168016801680264e-01 1.428142814281428141e-01
2.958295829582958114e-01 1.644164416441644128e-01 1.350135013501350123e-01 2.982298229822982205e-01 1.470147014701470023e-01 1.302130213021302219e-01 3.003300330033003562e-01 1.656165616561656173e-01 1.428142814281428141e-01 2.715271527152715025e-01 1.461146114611461266e-01 1.221122112211221189e-01
2.706270627062706269e-01 1.446144614461446209e-01 1.272127212721272105e-01 2.829282928292829458e-01 1.482148214821482068e-01 1.371137113711371203e-01 2.817281728172817412e-01 1.554155415541554064e-01 1.254125412541254037e-01 2.826282628262826169e-01 1.596159615961596223e-01 1.341134113411341089e-01
2.733273327332733094e-01 1.500150015001500137e-01 1.317131713171316998e-01 2.901290129012901176e-01 1.605160516051605257e-01 1.338133813381338078e-01 2.979297929792979471e-01 1.743174317431743225e-01 1.338133813381338078e-01 2.730273027302730360e-01 1.524152415241524228e-01 1.374137413741374214e-01
2.646264626462646041e-01 1.560156015601560087e-01 1.248124812481248153e-01 2.583258325832583080e-01 1.323132313231323021e-01 1.296129612961296196e-01 2.634263426342633996e-01 1.461146114611461266e-01 1.425142514251425130e-01 2.532253225322532164e-01 1.374137413741374214e-01 1.326132613261326032e-01
2.400240024002400219e-01 1.479147914791479057e-01 1.365136513651365180e-01 2.775277527752775253e-01 1.461146114611461266e-01 1.437143714371437175e-01 2.610261026102610460e-01 1.515151515151515194e-01 1.314131413141314264e-01 2.514251425142514096e-01 1.575157515751575144e-01 1.218121812181218178e-01
2.736273627362736383e-01 1.578157815781578155e-01 1.302130213021302219e-01 2.463246324632463180e-01 1.500150015001500137e-01 1.293129312931293184e-01 2.331233123312331235e-01 1.254125412541254037e-01 1.170117011701170134e-01 2.406240624062406241e-01 1.503150315031503148e-01 1.272127212721272105e-01
2.379237923792379139e-01 1.350135013501350123e-01 1.092109210921092116e-01 2.466246624662466191e-01 1.329132913291329043e-01 1.197119711971197098e-01 2.295229522952295098e-01 1.341134113411341089e-01 1.176117611761176157e-01 2.688268826882688201e-01 1.452145214521452232e-01 1.230123012301230084e-01
2.667266726672667398e-01 1.578157815781578155e-01 1.239123912391239118e-01 2.307230723072307144e-01 1.365136513651365180e-01 1.239123912391239118e-01 2.136213621362136328e-01 1.296129612961296196e-01 1.245124512451245141e-01 2.430243024302430332e-01 1.407140714071407062e-01 1.383138313831383248e-01
2.355235523552355326e-01 1.329132913291329043e-01 1.137113711371137148e-01 2.307230723072307144e-01 1.512151215121512182e-01 1.230123012301230084e-01 2.409240924092409253e-01 1.482148214821482068e-01 1.242124212421242130e-01 2.190219021902190255e-01 1.401140114011401039e-01 1.176117611761176157e-01
2.235223522352235148e-01 1.383138313831383248e-01 1.209120912091209143e-01 2.400240024002400219e-01 1.416141614161416096e-01 1.341134113411341089e-01 2.088208820882088146e-01 1.275127512751275116e-01 1.248124812481248153e-01 2.307230723072307144e-01 1.434143414341434164e-01 1.155115511551155077e-01
2.001200120012001094e-01 1.371137113711371203e-01 1.257125712571257048e-01 2.151215121512151107e-01 1.428142814281428141e-01 1.224122412241224062e-01 2.100210021002100191e-01 1.296129612961296196e-01 1.281128112811281139e-01 2.196219621962196278e-01 1.380138013801380237e-01 1.293129312931293184e-01
1.986198619861986314e-01 1.266126612661266082e-01 1.161116111611161100e-01 2.076207620762076100e-01 1.437143714371437175e-01 1.323132313231323021e-01 2.262226222622262251e-01 1.482148214821482068e-01 1.269126912691269093e-01 2.325232523252325212e-01 1.458145814581458255e-01 1.284128412841284150e-01
2.004200420042004105e-01 1.314131413141314264e-01 1.305130513051305230e-01 1.992199219921992337e-01 1.233123312331233096e-01 1.134113411341134137e-01 1.986198619861986314e-01 1.347134713471347112e-01 1.203120312031203121e-01 2.034203420342034219e-01 1.329132913291329043e-01 1.386138613861386260e-01
1.971197119711971257e-01 1.170117011701170134e-01 1.287128712871287162e-01 2.040204020402040241e-01 1.275127512751275116e-01 1.128112811281128114e-01 2.058205820582058310e-01 1.299129912991299207e-01 1.179117911791179169e-01 1.851185118511851080e-01 1.290129012901290173e-01 1.320132013201320009e-01
1.902190219021902273e-01 1.368136813681368191e-01 1.227122712271227073e-01 2.187218721872187244e-01 1.512151215121512182e-01 1.185118511851185052e-01 1.968196819681968246e-01 1.311131113111311253e-01 1.290129012901290173e-01 1.965196519651965235e-01 1.323132313231323021e-01 1.239123912391239118e-01
2.037203720372037230e-01 1.284128412841284150e-01 1.224122412241224062e-01 1.860186018601860114e-01 1.362136213621362169e-01 1.263126312631263071e-01 1.902190219021902273e-01 1.254125412541254037e-01 1.296129612961296196e-01 1.920192019201920064e-01 1.254125412541254037e-01 1.278127812781278128e-01
1.800180018001800164e-01 1.380138013801380237e-01 1.287128712871287162e-01 1.965196519651965235e-01 1.254125412541254037e-01 1.203120312031203121e-01 1.800180018001800164e-01 1.257125712571257048e-01 1.212121212121212155e-01 2.184218421842184232e-01 1.383138313831383248e-01 1.404140414041404050e-01
1.731173117311731180e-01 1.167116711671167123e-01 1.266126612661266082e-01 1.887188718871887216e-01 1.326132613261326032e-01 1.194119411941194087e-01 1.683168316831683275e-01 1.302130213021302219e-01 1.185118511851185052e-01 1.896189618961896250e-01 1.410141014101410073e-01 1.206120612061206132e-01
1.872187218721872159e-01 1.323132313231323021e-01 1.296129612961296196e-01 1.803180318031803175e-01 1.332133213321332055e-01 1.155115511551155077e-01 1.818181818181818232e-01 1.317131713171316998e-01 1.344134413441344100e-01 1.863186318631863125e-01 1.260126012601260059e-01 1.206120612061206132e-01
1.812181218121812210e-01 1.374137413741374214e-01 1.242124212421242130e-01 1.818181818181818232e-01 1.317131713171316998e-01 1.269126912691269093e-01 1.704170417041704078e-01 1.359135913591359157e-01 1.203120312031203121e-01 1.788178817881788119e-01 1.299129912991299207e-01 1.284128412841284150e-01
1.779177917791779084e-01 1.266126612661266082e-01 1.245124512451245141e-01 1.785178517851785107e-01 1.233123312331233096e-01 1.335133513351335066e-01 1.761176117611761294e-01 1.323132313231323021e-01 1.233123312331233096e-01 1.761176117611761294e-01 1.146114611461146182e-01 1.188118811881188064e-01
1.674167416741674241e-01 1.332133213321332055e-01 1.293129312931293184e-01 1.773177317731773062e-01 1.245124512451245141e-01 1.236123612361236107e-01 1.851185118511851080e-01 1.419141914191419107e-01 1.269126912691269093e-01 1.800180018001800164e-01 1.239123912391239118e-01 1.206120612061206132e-01
1.581158115811581166e-01 1.341134113411341089e-01 1.257125712571257048e-01 1.578157815781578155e-01 1.203120312031203121e-01 1.329132913291329043e-01 1.614161416141614291e-01 1.218121812181218178e-01 1.296129612961296196e-01 1.707170717071707089e-01 1.248124812481248153e-01 1.167116711671167123e-01
1.650165016501650150e-01 1.326132613261326032e-01 1.284128412841284150e-01 1.695169516951695043e-01 1.257125712571257048e-01 1.215121512151215166e-01 1.827182718271827266e-01 1.224122412241224062e-01 1.308130813081308241e-01 1.539153915391539285e-01 1.293129312931293184e-01 1.224122412241224062e-01
1.722172217221722146e-01 1.362136213621362169e-01 1.275127512751275116e-01 1.557155715571557075e-01 1.296129612961296196e-01 1.131113111311131125e-01 1.686168616861686287e-01 1.398139813981398027e-01 1.248124812481248153e-01 1.914191419141914319e-01 1.311131113111311253e-01 1.230123012301230084e-01
1.569156915691569121e-01 1.125112511251125103e-01 1.110111011101110046e-01 1.611161116111611280e-01 1.269126912691269093e-01 1.188118811881188064e-01 1.806180618061806187e-01 1.230123012301230084e-01 1.206120612061206132e-01 1.464146414641464278e-01 1.233123312331233096e-01 1.224122412241224062e-01
1.596159615961596223e-01 1.293129312931293184e-01 1.251125112511251025e-01 1.560156015601560087e-01 1.203120312031203121e-01 1.248124812481248153e-01 1.680168016801680264e-01 1.284128412841284150e-01 1.350135013501350123e-01 1.641164116411641116e-01 1.344134413441344100e-01 1.257125712571257048e-01
1.641164116411641116e-01 1.296129612961296196e-01 1.353135313531353134e-01 1.533153315331533262e-01 1.317131713171316998e-01 1.185118511851185052e-01 1.569156915691569121e-01 1.224122412241224062e-01 1.176117611761176157e-01 1.503150315031503148e-01 1.281128112811281139e-01 1.290129012901290173e-01
1.500150015001500137e-01 1.341134113411341089e-01 1.209120912091209143e-01 1.548154815481548041e-01 1.185118511851185052e-01 1.158115811581158089e-01 1.533153315331533262e-01 1.317131713171316998e-01 1.326132613261326032e-01 1.569156915691569121e-01 1.260126012601260059e-01 1.188118811881188064e-01
1.515151515151515194e-01 1.254125412541254037e-01 1.326132613261326032e-01 1.491149114911491103e-01 1.359135913591359157e-01 1.194119411941194087e-01 1.533153315331533262e-01 1.302130213021302219e-01 1.329132913291329043e-01 1.620162016201620037e-01 1.281128112811281139e-01 1.275127512751275116e-01
1.662166216621662196e-01 1.260126012601260059e-01 1.419141914191419107e-01 1.587158715871587189e-01 1.248124812481248153e-01 1.293129312931293184e-01 1.512151215121512182e-01 1.305130513051305230e-01 1.281128112811281139e-01 1.494149414941494114e-01 1.263126312631263071e-01 1.329132913291329043e-01
1.539153915391539285e-01 1.299129912991299207e-01 1.236123612361236107e-01 1.536153615361536273e-01 1.263126312631263071e-01 1.284128412841284150e-01 1.425142514251425130e-01 1.212121212121212155e-01 1.197119711971197098e-01 1.440144014401440187e-01 1.170117011701170134e-01 1.323132313231323021e-01
1.581158115811581166e-01 1.296129612961296196e-01 1.344134413441344100e-01 1.569156915691569121e-01 1.224122412241224062e-01 1.272127212721272105e-01 1.500150015001500137e-01 1.239123912391239118e-01 1.299129912991299207e-01 1.473147314731473034e-01 1.302130213021302219e-01 1.302130213021302219e-01
1.407140714071407062e-01 1.263126312631263071e-01 1.377137713771377225e-01 1.668166816681668219e-01 1.299129912991299207e-01 1.305130513051305230e-01 1.620162016201620037e-01 1.359135913591359157e-01 1.251125112511251025e-01 1.446144614461446209e-01 1.170117011701170134e-01 1.227122712271227073e-01
1.389138913891389271e-01 1.269126912691269093e-01 1.248124812481248153e-01 1.461146114611461266e-01 1.290129012901290173e-01 1.257125712571257048e-01 1.452145214521452232e-01 1.266126612661266082e-01 1.311131113111311253e-01 1.425142514251425130e-01 1.182118211821182180e-01 1.272127212721272105e-01
1.410141014101410073e-01 1.239123912391239118e-01 1.230123012301230084e-01 1.431143114311431153e-01 1.230123012301230084e-01 1.155115511551155077e-01 1.443144314431443198e-01 1.290129012901290173e-01 1.224122412241224062e-01 1.506150615061506159e-01 1.203120312031203121e-01 1.140114011401140159e-01
1.467146714671467012e-01 1.305130513051305230e-01 1.167116711671167123e-01 1.422142214221422118e-01 1.275127512751275116e-01 1.230123012301230084e-01 1.404140414041404050e-01 1.119111911191119080e-01 1.236123612361236107e-01 1.479147914791479057e-01 1.209120912091209143e-01 1.260126012601260059e-01
1.446144614461446209e-01 1.323132313231323021e-01 1.347134713471347112e-01 1.500150015001500137e-01 1.242124212421242130e-01 1.275127512751275116e-01 1.428142814281428141e-01 1.245124512451245141e-01 1.290129012901290173e-01 1.431143114311431153e-01 1.170117011701170134e-01 1.236123612361236107e-01
1.479147914791479057e-01 1.170117011701170134e-01 1.329132913291329043e-01 1.533153315331533262e-01 1.230123012301230084e-01 1.263126312631263071e-01 1.407140714071407062e-01 1.242124212421242130e-01 1.269126912691269093e-01 1.368136813681368191e-01 1.212121212121212155e-01 1.236123612361236107e-01
1.464146414641464278e-01 1.281128112811281139e-01 1.242124212421242130e-01 1.458145814581458255e-01 1.104110411041104162e-01 1.164116411641164112e-01 1.407140714071407062e-01 1.236123612361236107e-01 1.209120912091209143e-01 1.449144914491449221e-01 1.287128712871287162e-01 1.200120012001200109e-01
1.482148214821482068e-01 1.197119711971197098e-01 1.242124212421242130e-01 1.416141614161416096e-01 1.239123912391239118e-01 1.239123912391239118e-01 1.500150015001500137e-01 1.173117311731173146e-01 1.284128412841284150e-01 1.455145514551455244e-01 1.146114611461146182e-01 1.215121512151215166e-01
1.467146714671467012e-01 1.242124212421242130e-01 1.293129312931293184e-01 1.431143114311431153e-01 1.323132313231323021e-01 1.227122712271227073e-01 1.428142814281428141e-01 1.263126312631263071e-01 1.176117611761176157e-01 1.590159015901590200e-01 1.359135913591359157e-01 1.263126312631263071e-01
