9.738973897389742174e-01 9.633963396339628726e-01 9.909990999099900222e-01 9.693969396939684513e-01
1.022802280228023664e+00 1.021002100210021135e+00 9.228922892289226354e-01 8.850885088508840814e-01
9.600960096009595324e-01 1.041104110411040562e+00 9.012901290129001763e-01 9.810981098109811116e-01
9.735973597359728338e-01 9.690969096909682889e-01 9.867986798679871940e-01 1.068106810681068053e+00
9.405940594059400972e-01 9.162916291629160659e-01 9.246924692469248308e-01 9.549954995499552179e-01
8.748874887488745644e-01 9.504950495049502290e-01 8.931893189318925730e-01 1.045604560456045551e+00
9.498949894989496823e-01 9.780978097809780447e-01 9.936993699369941480e-01 1.090909090909092161e+00
8.565856585658565558e-01 9.267926792679267445e-01 8.502850285028503707e-01 1.002400240024002853e+00
8.484848484848478423e-01 8.907890789078914962e-01 8.880888088808883696e-01 9.927992799279931058e-01
8.325832583258324648e-01 9.471947194719477769e-01 8.454845484548455525e-01 8.796879687968804928e-01
9.213921392139219346e-01 9.120912091209129047e-01 8.394839483948387526e-01 9.003900390039005774e-01
7.353735373537356734e-01 7.281728172817277800e-01 8.082808280828076564e-01 8.103810381038103472e-01
8.073807380738076134e-01 8.061806180618065198e-01 8.394839483948397518e-01 7.824782478247827022e-01
7.827782778277835307e-01 8.325832583258331310e-01 6.780678067806782394e-01 8.784878487848787332e-01
7.296729672967300351e-01 8.094809480948100822e-01 7.800780078007805152e-01 7.197719771977202363e-01
8.061806180618067419e-01 7.677767776777679742e-01 8.124812481248130380e-01 8.676867686768684473e-01
7.713771377137719210e-01 8.220822082208225634e-01 6.870687068706874401e-01 8.571857185718578798e-01
8.208820882088214699e-01 7.920792079207925607e-01 7.884788478847890580e-01 7.440744074407447117e-01
7.293729372937298727e-01 7.095709570957103862e-01 6.426642664266429827e-01 7.158715871587162383e-01
7.500750075007505124e-01 7.614761476147626773e-01 6.885688568856892511e-01 7.269726972697272416e-01
6.978697869786988361e-01 6.609660966096615464e-01 6.840684068406847063e-01 6.810681068106819724e-01
5.940594059405945870e-01 7.161716171617167337e-01 5.979597959795986961e-01 6.654665466546656472e-01
6.315631563156316464e-01 6.147614761476148937e-01 6.282628262826283061e-01 6.399639963996403003e-01
5.622562256225632771e-01 7.077707770777085239e-01 7.086708670867096771e-01 6.339633963396347216e-01
5.889588958895893844e-01 5.907590759075912468e-01 6.405640564056411801e-01 5.940594059405948091e-01
5.109510951095113107e-01 6.141614161416150131e-01 6.132613261326135268e-01 5.559555955595565369e-01
6.228622862286237183e-01 5.505550555055508388e-01 5.544554455445549479e-01 5.829582958295836947e-01
4.938493849384943957e-01 5.058505850585061081e-01 5.076507650765083035e-01 4.389438943894394263e-01
5.292529252925297634e-01 5.838583858385844039e-01 5.469546954695476693e-01 4.983498349834987184e-01
5.052505250525057834e-01 5.412541254125419199e-01 5.043504350435048522e-01 5.031503150315032036e-01
5.016501650165020587e-01 5.226522652265230828e-01 5.046504650465047925e-01 4.992499249924997051e-01
4.506450645064509208e-01 5.076507650765081925e-01 4.944494449444949424e-01 4.800480048004806544e-01
4.128412841284129220e-01 5.379537953795384686e-01 4.599459945994603394e-01 4.035403540354039476e-01
4.776477647764780787e-01 4.182418241824185645e-01 4.401440144014405198e-01 3.981398139813985271e-01
4.179417941794184577e-01 4.608460846084614371e-01 4.038403840384041654e-01 4.938493849384941736e-01
4.506450645064508653e-01 4.065406540654069034e-01 3.765376537653769007e-01 4.452445244524457779e-01
4.215421542154220158e-01 3.615361536153617328e-01 4.023402340234026875e-01 3.543354335433546165e-01
3.765376537653767341e-01 4.293429342934297344e-01 3.687368736873691266e-01 3.774377437743776098e-01
3.147314731473148108e-01 3.393339333933395041e-01 3.693369336933696734e-01 3.741374137413745471e-01
3.321332133213324433e-01 3.240324032403241739e-01 3.609360936093609085e-01 3.885388538853887797e-01
3.375337533753376973e-01 3.411341134113415330e-01 3.120312031203123504e-01 3.501350135013504561e-01
3.690369036903692890e-01 3.423342334233425710e-01 3.456345634563458002e-01 3.003300330033006338e-01
2.829282928292831678e-01 3.210321032103211070e-01 3.261326132613262541e-01 3.165316531653167287e-01
3.483348334833487048e-01 2.757275727572758850e-01 3.240324032403245624e-01 3.276327632763278430e-01
2.547254725472548054e-01 3.336333633363337547e-01 2.841284128412842058e-01 3.807380738073808946e-01
2.958295829582958669e-01 2.877287728772878750e-01 2.328232823282328223e-01 2.664266426642662999e-01
2.943294329432945000e-01 2.568256825682568856e-01 2.847284728472850301e-01 3.015301530153019494e-01
2.556255625562556810e-01 2.772277227722774184e-01 2.238223822382237604e-01 2.751275127512752272e-01
2.784278427842786230e-01 2.991299129912995958e-01 2.547254725472548054e-01 3.033303330333035341e-01
2.319231923192321132e-01 2.820282028202820146e-01 2.565256525652564457e-01 2.889288928892890795e-01
1.977197719771977003e-01 2.454245424542457199e-01 2.484248424842485925e-01 2.544254425442542544e-01
2.256225622562259003e-01 2.529252925292529985e-01 3.117311731173120770e-01 1.962196219621961391e-01
2.355235523552355048e-01 1.914191419141912376e-01 2.112211221122114457e-01 3.039303930393040254e-01
2.442244224422443488e-01 2.214221422142214901e-01 2.934293429342936799e-01 1.917191719171915942e-01
2.160216021602159864e-01 2.319231923192320022e-01 2.538253825382538742e-01 2.148214821482148373e-01
2.388238823882389839e-01 1.833183318331831624e-01 2.211221122112214388e-01 1.956195619561956478e-01
1.686168616861686564e-01 2.247224722472248581e-01 1.974197419741974269e-01 2.115211521152115526e-01
2.109210921092110336e-01 1.590159015901588535e-01 2.022202220222023561e-01 2.292229222922292087e-01
2.625262526252628015e-01 2.310231023102311265e-01 1.902190219021901996e-01 2.022202220222020785e-01
1.956195619561956478e-01 2.103210321032105701e-01 1.836183618361837133e-01 2.133213321332135259e-01
2.199219921992199567e-01 2.307230723072307699e-01 2.082208220822082678e-01 1.815181518151814943e-01
1.809180918091809476e-01 2.412241224122415040e-01 2.034203420342032553e-01 2.055205520552055298e-01
1.608160816081607158e-01 1.770177017701770883e-01 1.869186918691870536e-01 2.001200120012001649e-01
1.743174317431742393e-01 1.758175817581756895e-01 1.683168316831683275e-01 2.049204920492048443e-01
1.653165316531653994e-01 1.671167116711669010e-01 2.091209120912091435e-01 2.070207020702069800e-01
1.716171617161715290e-01 2.049204920492050663e-01 1.839183918391839589e-01 2.019201920192020272e-01
2.256225622562255118e-01 2.172217221722171909e-01 1.764176417641762917e-01 1.704170417041704355e-01
1.791179117911793073e-01 2.226222622262229167e-01 1.722172217221719925e-01 1.686168616861687120e-01
2.097209720972096070e-01 1.770177017701771438e-01 2.265226522652268315e-01 2.142214221422144849e-01
1.968196819681967691e-01 1.551155115511550220e-01 1.671167116711671785e-01 1.956195619561955090e-01
