8.205820582058205304e-01 7.611761176117611827e-01 7.098709870987098824e-01 8.004800480048004374e-01 7.812781278127812756e-01 7.287728772877287708e-01 7.821782178217822068e-01 7.386738673867386806e-01 6.909690969096909940e-01 7.995799579957996173e-01 7.620762076207621138e-01 7.011701170117011772e-01
6.924692469246924720e-01 5.982598259825983034e-01 5.103510351035103199e-01 7.050705070507050642e-01 5.814581458145814397e-01 4.683468346834683271e-01 6.987698769876987681e-01 5.520552055205520947e-01 4.551455145514551326e-01 7.365736573657365449e-01 6.396639663966396938e-01 5.517551755175517103e-01
6.282628262826283061e-01 4.680468046804680537e-01 3.543354335433543389e-01 6.321632163216321931e-01 4.770477047704770324e-01 3.453345334533453603e-01 6.096609660966096911e-01 4.503450345034503699e-01 3.480348034803480428e-01 6.744674467446745147e-01 5.406540654065407070e-01 4.245424542454245276e-01
5.502550255025502324e-01 3.732373237323732273e-01 2.343234323432343280e-01 5.586558655865586642e-01 3.723372337233723517e-01 2.514251425142514096e-01 5.532553255325532993e-01 3.735373537353735562e-01 2.358235823582358337e-01 5.685568556855685740e-01 3.597359735973597594e-01 2.523252325232523408e-01
4.968496849684968519e-01 3.066306630663066524e-01 1.809180918091809198e-01 4.665466546654665203e-01 2.844284428442844237e-01 1.806180618061806187e-01 4.668466846684668492e-01 2.514251425142514096e-01 1.638163816381638105e-01 4.815481548154815217e-01 2.880288028802880373e-01 1.734173417341734191e-01
4.878487848784878733e-01 3.021302130213021075e-01 1.908190819081908296e-01 4.179417941794179581e-01 2.148214821482148096e-01 1.209120912091209143e-01 4.110411041104110597e-01 2.115211521152115248e-01 1.311131113111311253e-01 3.996399639963996164e-01 1.983198319831983303e-01 1.224122412241224062e-01
3.759375937593759653e-01 1.611161116111611280e-01 9.030903090309030934e-02 3.873387338733873531e-01 1.881188118811881194e-01 1.029102910291029155e-01 3.840384038403840128e-01 1.845184518451845057e-01 1.041104110411041062e-01 3.486348634863486451e-01 1.569156915691569121e-01 7.590759075907591025e-02
3.372337233723372574e-01 1.539153915391539285e-01 8.040804080408041343e-02 3.174317431743174378e-01 1.377137713771377225e-01 6.660666066606660274e-02 3.261326132613261430e-01 1.428142814281428141e-01 7.230723072307231047e-02 3.318331833183318369e-01 1.293129312931293184e-01 6.420642064206420752e-02
3.099309930993099371e-01 1.260126012601260059e-01 6.480648064806480979e-02 2.712271227122712292e-01 1.011101110111011087e-01 5.070507050705070490e-02 2.970297029702970160e-01 1.269126912691269093e-01 5.790579057905790444e-02 2.952295229522952091e-01 1.266126612661266082e-01 6.480648064806480979e-02
2.160216021602160141e-01 7.140714071407140706e-02 3.330333033303330137e-02 3.168316831683168355e-01 1.206120612061206132e-01 5.670567056705670683e-02 2.625262526252625239e-01 9.420942094209421025e-02 4.020402040204020672e-02 2.817281728172817412e-01 1.152115211521152066e-01 6.240624062406240763e-02
2.253225322532253216e-01 7.590759075907591025e-02 3.870387038703870103e-02 2.298229822982298109e-01 8.370837083708371207e-02 3.570357035703570353e-02 2.031203120312031207e-01 7.410741074107410342e-02 3.630363036303630581e-02 2.457245724572457157e-01 9.000900090009000820e-02 4.140414041404140433e-02
1.779177917791779084e-01 5.430543054305430467e-02 2.970297029702970160e-02 1.767176717671767039e-01 5.550555055505550228e-02 1.920192019201920341e-02 1.635163516351635093e-01 4.230423042304230080e-02 2.250225022502250205e-02 2.094209420942094169e-01 8.070807080708071457e-02 3.420342034203420478e-02
1.773177317731773062e-01 5.460546054605460581e-02 2.790279027902790171e-02 1.677167716771677253e-01 5.430543054305430467e-02 2.760276027602760404e-02 1.872187218721872159e-01 5.640564056405640569e-02 1.890189018901890228e-02 1.575157515751575144e-01 4.350435043504350535e-02 2.310231023102310086e-02
1.584158415841584178e-01 4.470447044704470296e-02 2.460246024602460307e-02 1.443144314431443198e-01 3.750375037503750342e-02 2.190219021902190324e-02 1.533153315331533262e-01 4.020402040204020672e-02 2.280228022802280319e-02 1.386138613861386260e-01 3.480348034803480012e-02 1.800180018001800233e-02
1.401140114011401039e-01 4.440444044404440183e-02 2.550255025502550302e-02 1.806180618061806187e-01 4.830483048304830274e-02 3.180318031803180262e-02 1.419141914191419107e-01 3.330333033303330137e-02 1.950195019501950108e-02 1.242124212421242130e-01 3.270327032703270603e-02 1.680168016801680125e-02
1.491149114911491103e-01 4.800480048004800160e-02 2.760276027602760404e-02 1.203120312031203121e-01 3.360336033603360251e-02 1.800180018001800233e-02 1.437143714371437175e-01 3.690369036903690114e-02 1.770177017701770120e-02 1.446144614461446209e-01 4.200420042004200660e-02 2.340234023402340199e-02
1.122112211221122091e-01 3.120312031203120381e-02 2.040204020402040103e-02 9.810981098109811116e-02 2.520252025202520188e-02 1.650165016501650012e-02 9.870987098709871344e-02 2.700270027002700177e-02 1.770177017701770120e-02 1.035103510351035039e-01 2.550255025502550302e-02 1.710171017101710239e-02
7.290729072907291275e-02 1.950195019501950108e-02 1.680168016801680125e-02 9.240924092409240342e-02 2.310231023102310086e-02 1.440144014401440083e-02 8.310831083108310979e-02 2.880288028802880165e-02 1.620162016201620245e-02 7.080708070807080479e-02 1.920192019201920341e-02 1.620162016201620245e-02
6.570657065706571320e-02 2.160216021602160211e-02 1.410141014101410142e-02 8.790879087908791412e-02 2.310231023102310086e-02 1.830183018301830347e-02 9.480948094809481252e-02 2.910291029102910279e-02 2.070207020702070216e-02 7.050705070507050365e-02 2.490249024902490421e-02 1.710171017101710239e-02
7.260726072607261161e-02 1.920192019201920341e-02 1.830183018301830347e-02 7.350735073507350115e-02 2.010201020102010336e-02 1.200120012001200040e-02 7.260726072607261161e-02 1.620162016201620245e-02 1.320132013201320148e-02 6.540654065406541207e-02 1.800180018001800233e-02 1.650165016501650012e-02
6.000600060006000547e-02 1.920192019201920341e-02 1.920192019201920341e-02 9.600960096009600320e-02 2.910291029102910279e-02 1.950195019501950108e-02 6.060606060606060774e-02 2.340234023402340199e-02 1.560156015601560191e-02 5.820582058205820558e-02 2.250225022502250205e-02 1.470147014701470196e-02
5.520552055205520808e-02 1.590159015901590131e-02 1.620162016201620245e-02 8.490849084908490274e-02 2.700270027002700177e-02 1.980198019801980222e-02 5.130513051305130717e-02 1.620162016201620245e-02 1.710171017101710239e-02 8.670867086708670957e-02 2.280228022802280319e-02 2.310231023102310086e-02
6.270627062706270183e-02 1.890189018901890228e-02 1.950195019501950108e-02 4.950495049504950729e-02 1.830183018301830347e-02 1.770177017701770120e-02 7.410741074107410342e-02 2.280228022802280319e-02 1.380138013801380202e-02 6.360636063606360524e-02 1.650165016501650012e-02 1.890189018901890228e-02
3.420342034203420478e-02 1.470147014701470196e-02 1.770177017701770120e-02 4.470447044704470296e-02 1.740174017401740006e-02 1.560156015601560191e-02 4.890489048904890501e-02 1.860186018601860114e-02 1.740174017401740006e-02 8.130813081308130297e-02 1.830183018301830347e-02 1.950195019501950108e-02
4.770477047704770740e-02 1.410141014101410142e-02 1.650165016501650012e-02 3.780378037803780455e-02 1.470147014701470196e-02 1.440144014401440083e-02 4.140414041404140433e-02 1.710171017101710239e-02 1.920192019201920341e-02 3.870387038703870103e-02 1.410141014101410142e-02 1.740174017401740006e-02
3.720372037203720228e-02 1.260126012601260094e-02 1.470147014701470196e-02 5.940594059405940319e-02 2.040204020402040103e-02 1.560156015601560191e-02 3.780378037803780455e-02 1.890189018901890228e-02 1.380138013801380202e-02 3.090309030903090268e-02 1.770177017701770120e-02 1.170117011701170100e-02
3.660366036603660694e-02 2.010201020102010336e-02 1.500150015001500137e-02 3.810381038103810569e-02 1.680168016801680125e-02 1.650165016501650012e-02 3.720372037203720228e-02 1.440144014401440083e-02 1.440144014401440083e-02 3.270327032703270603e-02 1.620162016201620245e-02 1.860186018601860114e-02
2.850285028502850398e-02 1.950195019501950108e-02 1.350135013501350088e-02 3.990399039903990558e-02 1.650165016501650012e-02 1.800180018001800233e-02 3.690369036903690114e-02 2.040204020402040103e-02 1.680168016801680125e-02 3.060306030603060154e-02 1.620162016201620245e-02 1.740174017401740006e-02
2.970297029702970160e-02 1.410141014101410142e-02 1.380138013801380202e-02 2.970297029702970160e-02 1.710171017101710239e-02 1.560156015601560191e-02 2.820282028202820285e-02 1.560156015601560191e-02 1.410141014101410142e-02 3.300330033003300023e-02 1.980198019801980222e-02 1.560156015601560191e-02
2.790279027902790171e-02 1.770177017701770120e-02 1.620162016201620245e-02 2.490249024902490421e-02 1.620162016201620245e-02 1.320132013201320148e-02 3.120312031203120381e-02 1.380138013801380202e-02 1.110111011101110046e-02 3.090309030903090268e-02 1.560156015601560191e-02 1.590159015901590131e-02
2.820282028202820285e-02 1.380138013801380202e-02 1.380138013801380202e-02 2.250225022502250205e-02 1.620162016201620245e-02 1.500150015001500137e-02 2.490249024902490421e-02 1.560156015601560191e-02 1.590159015901590131e-02 2.790279027902790171e-02 1.710171017101710239e-02 1.500150015001500137e-02
2.550255025502550302e-02 1.560156015601560191e-02 2.430243024302430194e-02 2.220222022202220091e-02 1.470147014701470196e-02 1.410141014101410142e-02 2.790279027902790171e-02 1.350135013501350088e-02 1.680168016801680125e-02 2.790279027902790171e-02 1.440144014401440083e-02 1.590159015901590131e-02
2.130213021302130097e-02 1.620162016201620245e-02 1.590159015901590131e-02 3.540354035403540239e-02 1.830183018301830347e-02 1.170117011701170100e-02 2.190219021902190324e-02 1.380138013801380202e-02 1.590159015901590131e-02 2.100210021002100330e-02 1.620162016201620245e-02 1.830183018301830347e-02
3.180318031803180262e-02 1.560156015601560191e-02 1.530153015301530077e-02 2.460246024602460307e-02 1.620162016201620245e-02 1.530153015301530077e-02 2.310231023102310086e-02 1.590159015901590131e-02 1.320132013201320148e-02 2.580258025802580416e-02 1.440144014401440083e-02 1.320132013201320148e-02
2.550255025502550302e-02 1.650165016501650012e-02 1.710171017101710239e-02 2.250225022502250205e-02 1.860186018601860114e-02 1.380138013801380202e-02 2.010201020102010336e-02 1.830183018301830347e-02 1.410141014101410142e-02 2.700270027002700177e-02 1.560156015601560191e-02 1.650165016501650012e-02
2.280228022802280319e-02 1.770177017701770120e-02 1.500150015001500137e-02 2.610261026102610182e-02 1.860186018601860114e-02 1.200120012001200040e-02 2.400240024002400080e-02 1.620162016201620245e-02 1.470147014701470196e-02 2.130213021302130097e-02 1.410141014101410142e-02 1.110111011101110046e-02
1.860186018601860114e-02 1.530153015301530077e-02 1.380138013801380202e-02 2.010201020102010336e-02 2.280228022802280319e-02 1.440144014401440083e-02 2.040204020402040103e-02 1.920192019201920341e-02 1.530153015301530077e-02 2.250225022502250205e-02 1.530153015301530077e-02 1.170117011701170100e-02
2.160216021602160211e-02 1.110111011101110046e-02 1.380138013801380202e-02 2.250225022502250205e-02 1.650165016501650012e-02 1.560156015601560191e-02 2.460246024602460307e-02 1.560156015601560191e-02 1.320132013201320148e-02 2.340234023402340199e-02 1.560156015601560191e-02 1.350135013501350088e-02
1.800180018001800233e-02 1.440144014401440083e-02 1.680168016801680125e-02 1.560156015601560191e-02 1.530153015301530077e-02 1.530153015301530077e-02 2.220222022202220091e-02 1.590159015901590131e-02 1.950195019501950108e-02 2.430243024302430194e-02 1.590159015901590131e-02 1.860186018601860114e-02
2.040204020402040103e-02 1.620162016201620245e-02 1.710171017101710239e-02 1.920192019201920341e-02 1.650165016501650012e-02 1.680168016801680125e-02 1.830183018301830347e-02 1.740174017401740006e-02 1.470147014701470196e-02 1.770177017701770120e-02 1.500150015001500137e-02 1.410141014101410142e-02
2.190219021902190324e-02 1.200120012001200040e-02 1.140114011401140159e-02 2.190219021902190324e-02 1.890189018901890228e-02 1.650165016501650012e-02 1.620162016201620245e-02 1.710171017101710239e-02 1.470147014701470196e-02 1.740174017401740006e-02 1.350135013501350088e-02 1.830183018301830347e-02
1.860186018601860114e-02 1.290129012901290208e-02 1.530153015301530077e-02 1.860186018601860114e-02 1.350135013501350088e-02 1.950195019501950108e-02 1.650165016501650012e-02 1.500150015001500137e-02 1.260126012601260094e-02 1.920192019201920341e-02 1.410141014101410142e-02 1.740174017401740006e-02
1.320132013201320148e-02 1.650165016501650012e-02 2.100210021002100330e-02 1.830183018301830347e-02 1.680168016801680125e-02 1.620162016201620245e-02 1.920192019201920341e-02 1.620162016201620245e-02 1.380138013801380202e-02 1.800180018001800233e-02 1.650165016501650012e-02 1.590159015901590131e-02
1.320132013201320148e-02 1.200120012001200040e-02 1.080108010801080105e-02 1.380138013801380202e-02 1.410141014101410142e-02 1.560156015601560191e-02 1.860186018601860114e-02 1.320132013201320148e-02 1.230123012301230154e-02 1.350135013501350088e-02 1.410141014101410142e-02 1.410141014101410142e-02
1.440144014401440083e-02 1.650165016501650012e-02 1.260126012601260094e-02 1.200120012001200040e-02 1.440144014401440083e-02 1.200120012001200040e-02 1.650165016501650012e-02 1.500150015001500137e-02 1.470147014701470196e-02 1.560156015601560191e-02 1.530153015301530077e-02 1.830183018301830347e-02
1.650165016501650012e-02 1.710171017101710239e-02 1.980198019801980222e-02 1.530153015301530077e-02 1.800180018001800233e-02 1.590159015901590131e-02 1.560156015601560191e-02 1.560156015601560191e-02 1.680168016801680125e-02 1.740174017401740006e-02 1.740174017401740006e-02 1.650165016501650012e-02
1.500150015001500137e-02 1.770177017701770120e-02 1.590159015901590131e-02 1.890189018901890228e-02 1.200120012001200040e-02 1.920192019201920341e-02 1.530153015301530077e-02 1.650165016501650012e-02 1.650165016501650012e-02 1.590159015901590131e-02 1.620162016201620245e-02 1.830183018301830347e-02
1.770177017701770120e-02 1.770177017701770120e-02 1.560156015601560191e-02 1.650165016501650012e-02 1.680168016801680125e-02 1.230123012301230154e-02 1.860186018601860114e-02 1.200120012001200040e-02 1.350135013501350088e-02 1.650165016501650012e-02 1.470147014701470196e-02 1.740174017401740006e-02
1.470147014701470196e-02 2.070207020702070216e-02 1.380138013801380202e-02 1.890189018901890228e-02 1.350135013501350088e-02 1.530153015301530077e-02 1.410141014101410142e-02 1.440144014401440083e-02 1.380138013801380202e-02 1.410141014101410142e-02 1.290129012901290208e-02 1.710171017101710239e-02
1.800180018001800233e-02 1.350135013501350088e-02 1.650165016501650012e-02 1.860186018601860114e-02 1.500150015001500137e-02 1.590159015901590131e-02 1.770177017701770120e-02 2.160216021602160211e-02 1.650165016501650012e-02 1.890189018901890228e-02 1.290129012901290208e-02 1.290129012901290208e-02
