8.880888088808870373e-01 7.863786378637859231e-01 8.214821482148206844e-01 8.136813681368129103e-01
7.929792979297923816e-01 8.391839183918384792e-01 8.952895289528957079e-01 8.424842484248414864e-01
8.349834983498349850e-01 8.106810681068109536e-01 8.259825982598252292e-01 8.259825982598251182e-01
7.653765376537654541e-01 8.103810381038111244e-01 7.749774977497748685e-01 8.787878787878793396e-01
7.515751575157519904e-01 7.269726972697272416e-01 8.100810081008108510e-01 7.539753975397540664e-01
7.479747974797485988e-01 7.302730273027306929e-01 7.296729672967302571e-01 7.263726372637263617e-01
7.347734773477351267e-01 7.005700570057011856e-01 7.026702670267029882e-01 6.510651065106517477e-01
6.303630363036312190e-01 6.057605760576061371e-01 6.222622262226228385e-01 6.717671767176728315e-01
6.165616561656170891e-01 5.610561056105616284e-01 5.682568256825688557e-01 5.706570657065710428e-01
4.671467146714676777e-01 6.453645364536461093e-01 5.451545154515459179e-01 5.619561956195625596e-01
4.869486948694874973e-01 4.740474047404744096e-01 4.233423342334237671e-01 5.085508550855091237e-01
4.005400540054011582e-01 3.828382838283832523e-01 3.861386138613865926e-01 4.203420342034208113e-01
3.960396039603964469e-01 3.678367836783683620e-01 4.113411341134117216e-01 3.651365136513656795e-01
3.657365736573663928e-01 3.423342334233428486e-01 3.621362136213627236e-01 3.294329432943299274e-01
3.126312631263129527e-01 4.287428742874295207e-01 3.453345334533459154e-01 2.913291329132918217e-01
3.309330933093314608e-01 2.781278127812784051e-01 3.381338133813385216e-01 3.312331233123316787e-01
2.634263426342637326e-01 2.352235223522355090e-01 2.328232823282332109e-01 2.511251125112514693e-01
1.770177017701773658e-01 2.223222322232225601e-01 1.791179117911793350e-01 1.710171017101712876e-01
1.464146414641466498e-01 2.127212721272130347e-01 2.178217821782181540e-01 1.539153915391540672e-01
1.785178517851787328e-01 1.722172217221723811e-01 1.824182418241828141e-01 1.587158715871589409e-01
1.416141614161417761e-01 2.202220222022204521e-01 1.272127212721273493e-01 1.218121812181220120e-01
1.341134113411343032e-01 1.935193519351937896e-01 1.224122412241225866e-01 2.148214821482151426e-01
1.509150915091511669e-01 1.113111311131115555e-01 1.677167716771679473e-01 1.602160216021604744e-01
7.620762076207628077e-02 9.750975097509761991e-02 1.083108310831084331e-01 2.085208520852088188e-01
1.173117311731174950e-01 8.370837083708386472e-02 9.210921092109224106e-02 9.120912091209130990e-02
8.850885088508868292e-02 1.326132613261327420e-01 7.050705070507060079e-02 5.130513051305137656e-02
6.450645064506456416e-02 8.040804080408049670e-02 8.280828082808291968e-02 6.810681068106819169e-02
4.050405040504054949e-02 8.820882088208832628e-02 6.630663066306635711e-02 6.060606060606067713e-02
6.060606060606065632e-02 5.340534053405342901e-02 5.190519051905191639e-02 5.520552055205522890e-02
4.680468046804685256e-02 3.930393039303931718e-02 6.330633063306335961e-02 6.180618061806189556e-02
5.700570057005707736e-02 3.390339033903390364e-02 4.380438043804384812e-02 4.740474047404743402e-02
5.400540054005410762e-02 3.660366036603663470e-02 6.000600060006006792e-02 5.640564056405647508e-02
3.120312031203120728e-02 6.300630063006300297e-02 4.020402040204024835e-02 3.270327032703271991e-02
6.390639063906398964e-02 4.050405040504053561e-02 3.480348034803481400e-02 4.740474047404748259e-02
4.410441044104416314e-02 2.550255025502549261e-02 1.950195019501945945e-02 5.070507050705078123e-02
3.030303030303032816e-02 3.450345034503449204e-02 3.810381038103812651e-02 3.270327032703273379e-02
2.370237023702369272e-02 6.300630063006239755e-03 1.890189018901887105e-02 3.330333033303332219e-02
4.530453045304536075e-02 3.360336033603362332e-02 4.020402040204024835e-02 3.690369036903693584e-02
2.760276027602763874e-02 1.620162016201621286e-02 3.840384038403844152e-02 4.380438043804384812e-02
2.970297029702971200e-02 2.490249024902490074e-02 1.740174017401740353e-02 2.220222022202220785e-02
4.110411041104115176e-02 2.550255025502550649e-02 1.200120012001197438e-02 3.000300030003003396e-02
3.240324032403242571e-02 3.480348034803486257e-02 1.710171017101708851e-02 3.270327032703274767e-02
1.110111011101108658e-02 2.070207020702069869e-02 2.280228022802279278e-02 2.040204020402040450e-02
1.440144014401439389e-02 1.470147014701470196e-02 2.850285028502852133e-02 1.230123012301229286e-02
6.300630063006262306e-03 4.800480048004775700e-03 1.920192019201918607e-02 1.920192019201920688e-02
1.800180018001800927e-02 7.800780078007750647e-03 1.680168016801679431e-02 1.650165016501649665e-02
7.800780078007758453e-03 3.990399039903995415e-02 1.290129012901290381e-02 1.740174017401740700e-02
1.560156015601556027e-02 1.140114011401134608e-02 3.330333033303333606e-02 2.280228022802280319e-02
-4.200420042004287050e-03 3.150315031503152924e-02 1.290129012901287606e-02 2.070207020702072298e-02
3.000300030003002355e-02 2.670267026702669716e-02 4.800480048004741873e-03 3.090309030903092349e-02
