9.124999999999999778e-01 9.084999999999999742e-01 9.203999999999999959e-01 9.122000000000000108e-01
8.252000000000000446e-01 8.242000000000000437e-01 8.185999999999999943e-01 8.300999999999999490e-01
7.157999999999999918e-01 7.749000000000000332e-01 7.665999999999999481e-01 7.459000000000000075e-01
6.886999999999999789e-01 6.723999999999999977e-01 6.582000000000000073e-01 6.744999999999999885e-01
6.472999999999999865e-01 6.004000000000000448e-01 6.042999999999999483e-01 5.994000000000000439e-01
6.121999999999999664e-01 5.843000000000000416e-01 5.354999999999999760e-01 5.561000000000000387e-01
5.392000000000000126e-01 5.018000000000000238e-01 5.078000000000000291e-01 4.882000000000000228e-01
4.464000000000000190e-01 4.132000000000000117e-01 4.570000000000000173e-01 4.446999999999999842e-01
3.971999999999999975e-01 4.339999999999999969e-01 4.172000000000000153e-01 4.033999999999999808e-01
3.459999999999999742e-01 3.799000000000000155e-01 3.670999999999999819e-01 3.709000000000000075e-01
3.541000000000000258e-01 3.073000000000000176e-01 3.134000000000000119e-01 3.099999999999999978e-01
2.711999999999999966e-01 2.849999999999999756e-01 2.909999999999999809e-01 2.691999999999999948e-01
2.509000000000000119e-01 2.556999999999999829e-01 2.407999999999999863e-01 2.459000000000000075e-01
2.328000000000000069e-01 2.084999999999999909e-01 2.451000000000000123e-01 2.479000000000000092e-01
2.076000000000000068e-01 2.207000000000000073e-01 2.172999999999999932e-01 2.210999999999999910e-01
2.162000000000000033e-01 1.958000000000000018e-01 2.205000000000000016e-01 1.695000000000000118e-01
1.703000000000000069e-01 1.663000000000000034e-01 2.053999999999999992e-01 1.549999999999999989e-01
1.522999999999999909e-01 1.482999999999999874e-01 1.474000000000000032e-01 1.330999999999999961e-01
1.223000000000000059e-01 1.343000000000000027e-01 1.257999999999999952e-01 1.297999999999999987e-01
1.214999999999999969e-01 1.107999999999999957e-01 1.010000000000000064e-01 1.147999999999999993e-01
1.076000000000000012e-01 9.690000000000000002e-02 1.011999999999999983e-01 1.179000000000000048e-01
8.980000000000000482e-02 9.389999999999999736e-02 1.048999999999999932e-01 1.048999999999999932e-01
7.580000000000000626e-02 8.250000000000000389e-02 8.939999999999999336e-02 8.859999999999999820e-02
8.100000000000000255e-02 7.159999999999999698e-02 7.290000000000000646e-02 7.950000000000000122e-02
7.670000000000000429e-02 6.980000000000000093e-02 6.759999999999999343e-02 5.999999999999999778e-02
5.020000000000000157e-02 5.530000000000000193e-02 6.859999999999999432e-02 6.360000000000000375e-02
4.929999999999999660e-02 6.060000000000000109e-02 4.639999999999999680e-02 5.090000000000000080e-02
4.490000000000000241e-02 4.100000000000000172e-02 5.070000000000000201e-02 4.059999999999999720e-02
4.359999999999999987e-02 4.279999999999999777e-02 4.440000000000000197e-02 4.039999999999999841e-02
3.919999999999999873e-02 4.019999999999999962e-02 3.629999999999999893e-02 3.880000000000000115e-02
