9.141914191419141522e-01 8.754875487548754442e-01 8.241824182418241440e-01 9.081908190819082405e-01 8.505850585058505331e-01 8.169816981698170277e-01 9.225922592259225841e-01 8.790879087908790579e-01 8.427842784278427590e-01 9.075907590759075827e-01 8.607860786078608273e-01 8.100810081008100738e-01
8.277827782778277577e-01 7.104710471047104292e-01 6.138613861386138515e-01 8.223822382238223927e-01 7.110711071107110870e-01 6.066606660666066242e-01 8.172817281728173011e-01 7.092709270927092247e-01 5.772577257725772792e-01 8.271827182718272109e-01 7.200720072007200656e-01 6.324632463246324665e-01
7.215721572157215435e-01 5.658565856585658915e-01 4.413441344134413358e-01 7.587758775877587736e-01 6.105610561056105112e-01 5.115511551155115244e-01 7.893789378937894341e-01 6.129612961296129203e-01 4.995499549954995344e-01 7.269726972697270195e-01 5.784578457845784838e-01 4.548454845484548592e-01
6.879687968796879272e-01 4.869486948694869421e-01 3.531353135313531344e-01 6.678667866786678342e-01 4.725472547254725431e-01 3.495349534953495207e-01 6.546654665466546952e-01 4.512451245124512456e-01 3.351335133513351217e-01 6.768676867686768128e-01 4.884488448844884756e-01 3.459345934593459071e-01
6.687668766876687654e-01 4.437443744374437449e-01 3.099309930993099371e-01 5.895589558955895981e-01 3.774377437743774433e-01 2.307230723072307144e-01 6.087608760876087599e-01 3.870387038703870242e-01 2.403240324032403230e-01 6.045604560456045995e-01 3.825382538253825349e-01 2.391239123912391185e-01
6.027602760276027372e-01 3.873387338733873531e-01 2.517251725172517385e-01 5.823582358235823708e-01 3.453345334533453603e-01 2.232223222322232137e-01 5.286528652865286615e-01 3.045304530453045166e-01 1.749174917491749248e-01 5.553555355535553240e-01 3.351335133513351217e-01 1.959195919591959212e-01
5.406540654065407070e-01 3.063306330633063235e-01 1.953195319531953189e-01 5.001500150015001367e-01 2.751275127512751162e-01 1.560156015601560087e-01 4.974497449744974542e-01 2.775277527752775253e-01 1.449144914491449221e-01 4.908490849084908292e-01 2.598259825982598414e-01 1.380138013801380237e-01
4.527452745274527235e-01 2.208220822082208323e-01 1.119111911191119080e-01 4.176417641764176292e-01 1.836183618361836301e-01 8.190819081908190524e-02 4.620462046204620310e-01 2.298229822982298109e-01 1.149114911491149055e-01 4.455445544554455517e-01 2.064206420642064332e-01 9.990999099909990411e-02
4.008400840084008210e-01 1.743174317431743225e-01 7.680768076807681366e-02 4.350435043504350396e-01 1.932193219321932109e-01 9.450945094509451139e-02 4.242424242424242542e-01 1.902190219021902273e-01 8.160816081608160411e-02 3.981398139813981385e-01 1.719171917191719134e-01 7.170717071707170820e-02
3.447344734473447581e-01 1.290129012901290173e-01 5.280528052805280592e-02 3.888388838883888310e-01 1.572157215721572132e-01 6.870687068706871070e-02 3.729372937293729540e-01 1.497149714971497125e-01 5.970597059705970433e-02 3.741374137413741585e-01 1.554155415541554064e-01 6.240624062406240763e-02
3.678367836783678624e-01 1.359135913591359157e-01 5.970597059705970433e-02 2.910291029102910487e-01 9.000900090009000820e-02 3.510351035103510126e-02 3.114311431143114151e-01 1.152115211521152066e-01 4.170417041704170547e-02 3.105310531053105394e-01 1.089108910891089105e-01 4.440444044404440183e-02
2.823282328232823435e-01 8.190819081908190524e-02 2.490249024902490421e-02 2.823282328232823435e-01 9.600960096009600320e-02 3.210321032103210376e-02 2.862286228622862305e-01 1.092109210921092116e-01 3.930393039303930330e-02 2.787278727872787298e-01 8.010801080108011230e-02 2.940294029402940393e-02
2.436243624362436355e-01 6.660666066606660274e-02 2.100210021002100330e-02 2.493249324932493294e-01 7.020702070207020251e-02 2.160216021602160211e-02 2.502250225022502050e-01 5.880588058805880786e-02 1.770177017701770120e-02 2.457245724572457157e-01 6.000600060006000547e-02 2.040204020402040103e-02
2.337233723372337257e-01 6.600660066006600046e-02 2.070207020702070216e-02 2.169216921692169175e-01 4.950495049504950729e-02 1.170117011701170100e-02 2.409240924092409253e-01 6.210621062106210649e-02 1.980198019801980222e-02 2.436243624362436355e-01 6.180618061806180535e-02 2.490249024902490421e-02
2.094209420942094169e-01 4.170417041704170547e-02 9.900990099009901110e-03 2.334233423342334246e-01 5.220522052205220365e-02 1.380138013801380202e-02 2.118211821182118260e-01 5.820582058205820558e-02 1.680168016801680125e-02 2.130213021302130305e-01 4.890489048904890501e-02 1.980198019801980222e-02
2.301230123012301121e-01 5.070507050705070490e-02 1.950195019501950108e-02 1.914191419141914319e-01 3.750375037503750342e-02 1.380138013801380202e-02 2.148214821482148096e-01 4.740474047404740626e-02 1.500150015001500137e-02 1.710171017101710100e-01 3.180318031803180262e-02 6.600660066006600740e-03
1.671167116711671230e-01 3.420342034203420478e-02 8.100810081008101224e-03 1.626162616261626059e-01 3.480348034803480012e-02 1.140114011401140159e-02 2.061206120612061321e-01 4.860486048604860387e-02 1.350135013501350088e-02 1.746174617461746237e-01 2.730273027302730290e-02 7.200720072007200413e-03
1.491149114911491103e-01 2.850285028502850398e-02 6.000600060006000200e-03 1.479147914791479057e-01 2.850285028502850398e-02 3.900390039003900477e-03 1.464146414641464278e-01 2.490249024902490421e-02 5.700570057005700797e-03 1.329132913291329043e-01 2.280228022802280319e-02 3.000300030003000100e-03
1.215121512151215166e-01 1.350135013501350088e-02 3.000300030003000100e-03 1.320132013201320009e-01 1.830183018301830347e-02 6.900690069006901010e-03 1.371137113711371203e-01 2.100210021002100330e-02 3.600360036003600207e-03 1.305130513051305230e-01 2.100210021002100330e-02 3.900390039003900477e-03
1.239123912391239118e-01 2.460246024602460307e-02 3.000300030003000100e-03 1.200120012001200109e-01 1.890189018901890228e-02 3.000300030003000100e-03 9.990999099909990411e-02 1.080108010801080105e-02 3.000300030003000100e-03 1.299129912991299207e-01 1.470147014701470196e-02 2.700270027002700263e-03
1.017101710171017109e-01 9.900990099009901110e-03 1.500150015001500050e-03 9.180918091809181503e-02 9.600960096009601707e-03 1.800180018001800103e-03 1.053105310531053107e-01 1.470147014701470196e-02 3.000300030003000100e-03 1.131113111311131125e-01 1.680168016801680125e-02 4.500450045004500584e-03
8.280828082808280866e-02 1.350135013501350088e-02 1.800180018001800103e-03 1.032103210321032166e-01 1.290129012901290208e-02 6.000600060006001067e-04 1.056105610561056118e-01 1.470147014701470196e-02 2.700270027002700263e-03 1.077107710771077059e-01 1.200120012001200040e-02 3.000300030003000100e-03
7.950795079507951002e-02 5.400540054005400527e-03 2.100210021002100157e-03 8.790879087908791412e-02 7.200720072007200413e-03 1.500150015001500050e-03 7.890789078907890775e-02 8.400840084008400627e-03 1.200120012001200213e-03 8.340834083408341093e-02 1.350135013501350088e-02 1.500150015001500050e-03
8.460846084608460160e-02 9.300930093009300570e-03 1.500150015001500050e-03 7.020702070207020251e-02 6.300630063006300470e-03 2.100210021002100157e-03 7.980798079807981116e-02 7.500750075007500683e-03 9.000900090009000517e-04 8.370837083708371207e-02 9.600960096009601707e-03 2.700270027002700263e-03
7.530753075307530797e-02 6.900690069006901010e-03 6.000600060006001067e-04 6.930693069306931298e-02 6.000600060006000200e-03 1.200120012001200213e-03 7.230723072307231047e-02 3.000300030003000100e-03 0.000000000000000000e+00 5.820582058205820558e-02 3.300330033003300370e-03 9.000900090009000517e-04
5.850585058505850672e-02 5.400540054005400527e-03 6.000600060006001067e-04 6.300630063006300297e-02 5.400540054005400527e-03 0.000000000000000000e+00 6.720672067206720501e-02 9.000900090009001167e-03 2.100210021002100157e-03 5.460546054605460581e-02 6.600660066006600740e-03 1.200120012001200213e-03
5.310531053105310706e-02 3.600360036003600207e-03 6.000600060006001067e-04 5.730573057305730911e-02 4.200420042004200313e-03 0.000000000000000000e+00 4.860486048604860387e-02 3.000300030003000100e-03 1.800180018001800103e-03 5.130513051305130717e-02 3.300330033003300370e-03 9.000900090009000517e-04
5.010501050105010262e-02 5.100510051005100257e-03 9.000900090009000517e-04 4.500450045004500410e-02 3.000300030003000100e-03 6.000600060006001067e-04 5.670567056705670683e-02 5.100510051005100257e-03 6.000600060006001067e-04 4.080408040804080205e-02 3.000300030003000100e-03 6.000600060006001067e-04
4.740474047404740626e-02 3.900390039003900477e-03 3.000300030003000534e-04 3.960396039603960444e-02 2.700270027002700263e-03 9.000900090009000517e-04 4.650465046504650285e-02 1.500150015001500050e-03 6.000600060006001067e-04 4.170417041704170547e-02 3.900390039003900477e-03 6.000600060006001067e-04
3.870387038703870103e-02 1.500150015001500050e-03 6.000600060006001067e-04 3.930393039303930330e-02 4.800480048004800854e-03 9.000900090009000517e-04 4.230423042304230080e-02 2.700270027002700263e-03 9.000900090009000517e-04 2.940294029402940393e-02 2.100210021002100157e-03 6.000600060006001067e-04
