7.100000000000000000e+01 7.100000000000000000e+01 6.900000000000000000e+01 7.500000000000000000e+01
1.390000000000000000e+02 1.330000000000000000e+02 1.470000000000000000e+02 1.510000000000000000e+02
1.830000000000000000e+02 1.870000000000000000e+02 2.050000000000000000e+02 1.950000000000000000e+02
2.710000000000000000e+02 2.670000000000000000e+02 2.390000000000000000e+02 2.430000000000000000e+02
3.270000000000000000e+02 3.010000000000000000e+02 2.970000000000000000e+02 2.990000000000000000e+02
3.690000000000000000e+02 3.930000000000000000e+02 3.750000000000000000e+02 3.650000000000000000e+02
4.310000000000000000e+02 4.190000000000000000e+02 4.350000000000000000e+02 4.090000000000000000e+02
4.850000000000000000e+02 4.610000000000000000e+02 5.010000000000000000e+02 4.710000000000000000e+02
5.370000000000000000e+02 5.090000000000000000e+02 5.350000000000000000e+02 5.450000000000000000e+02
5.870000000000000000e+02 6.050000000000000000e+02 6.390000000000000000e+02 5.950000000000000000e+02
6.570000000000000000e+02 5.850000000000000000e+02 6.550000000000000000e+02 6.590000000000000000e+02
6.970000000000000000e+02 7.270000000000000000e+02 6.930000000000000000e+02 7.310000000000000000e+02
8.090000000000000000e+02 7.750000000000000000e+02 7.730000000000000000e+02 7.630000000000000000e+02
7.890000000000000000e+02 8.250000000000000000e+02 8.110000000000000000e+02 8.110000000000000000e+02
8.170000000000000000e+02 8.330000000000000000e+02 8.670000000000000000e+02 8.570000000000000000e+02
9.310000000000000000e+02 9.050000000000000000e+02 9.250000000000000000e+02 9.330000000000000000e+02
1.013000000000000000e+03 9.870000000000000000e+02 9.870000000000000000e+02 9.810000000000000000e+02
1.039000000000000000e+03 1.075000000000000000e+03 1.043000000000000000e+03 1.095000000000000000e+03
1.125000000000000000e+03 1.119000000000000000e+03 1.093000000000000000e+03 1.121000000000000000e+03
1.179000000000000000e+03 1.191000000000000000e+03 1.157000000000000000e+03 1.217000000000000000e+03
1.185000000000000000e+03 1.223000000000000000e+03 1.201000000000000000e+03 1.199000000000000000e+03
1.301000000000000000e+03 1.321000000000000000e+03 1.297000000000000000e+03 1.251000000000000000e+03
1.323000000000000000e+03 1.367000000000000000e+03 1.353000000000000000e+03 1.331000000000000000e+03
1.421000000000000000e+03 1.413000000000000000e+03 1.393000000000000000e+03 1.431000000000000000e+03
1.473000000000000000e+03 1.431000000000000000e+03 1.435000000000000000e+03 1.453000000000000000e+03
1.533000000000000000e+03 1.497000000000000000e+03 1.511000000000000000e+03 1.567000000000000000e+03
1.577000000000000000e+03 1.589000000000000000e+03 1.517000000000000000e+03 1.553000000000000000e+03
1.597000000000000000e+03 1.671000000000000000e+03 1.675000000000000000e+03 1.589000000000000000e+03
1.673000000000000000e+03 1.659000000000000000e+03 1.737000000000000000e+03 1.697000000000000000e+03
1.699000000000000000e+03 1.777000000000000000e+03 1.713000000000000000e+03 1.779000000000000000e+03
