8.916891689168916502e-01 8.403840384038403499e-01 7.839783978397839581e-01 8.829882988298829449e-01 7.950795079507950724e-01 7.635763576357635918e-01 9.063906390639063781e-01 8.439843984398439636e-01 7.989798979897989595e-01 8.925892589258925813e-01 8.277827782778277577e-01 7.830783078307830269e-01
7.617761776177617294e-01 6.225622562256225567e-01 4.905490549054905558e-01 7.635763576357635918e-01 6.015601560156015326e-01 5.025502550255025458e-01 7.671767176717672054e-01 5.973597359735973722e-01 4.812481248124812483e-01 7.722772277227722970e-01 6.189618961896189431e-01 4.974497449744974542e-01
6.372637263726372847e-01 4.179417941794179581e-01 2.811281128112811389e-01 6.627662766276627426e-01 4.701470147014701340e-01 3.030303030303030387e-01 6.897689768976897895e-01 4.863486348634863399e-01 3.426342634263426223e-01 6.612661266126612647e-01 4.530453045304530524e-01 3.060306030603060501e-01
5.799579957995799617e-01 3.549354935493549412e-01 2.175217521752175198e-01 5.988598859885988501e-01 3.639363936393639198e-01 2.166216621662166164e-01 5.724572457245724610e-01 3.558355835583558169e-01 2.175217521752175198e-01 5.586558655865586642e-01 3.288328832883288255e-01 1.851185118511851080e-01
5.118511851185117978e-01 2.838283828382838214e-01 1.623162316231623048e-01 5.364536453645364356e-01 2.988298829882988228e-01 1.707170717071707089e-01 4.923492349234923626e-01 2.661266126612661376e-01 1.452145214521452232e-01 4.875487548754875444e-01 2.349234923492349303e-01 1.230123012301230084e-01
4.425442544254425403e-01 1.926192619261926087e-01 1.017101710171017109e-01 4.056405640564056392e-01 1.809180918091809198e-01 8.790879087908791412e-02 4.125412541254125376e-01 1.914191419141914319e-01 8.070807080708071457e-02 4.119411941194119353e-01 1.869186918691869148e-01 8.160816081608160411e-02
3.462346234623462360e-01 1.215121512151215166e-01 4.920492049204920615e-02 3.990399039903990142e-01 1.599159915991599235e-01 7.350735073507350115e-02 3.576357635763576237e-01 1.311131113111311253e-01 4.920492049204920615e-02 3.672367236723672601e-01 1.416141614161416096e-01 5.490549054905490695e-02
2.904290429042904464e-01 8.790879087908791412e-02 3.150315031503150148e-02 3.087308730873087326e-01 1.062106210621062141e-01 2.880288028802880165e-02 3.081308130813081303e-01 9.120912091209121275e-02 3.690369036903690114e-02 3.066306630663066524e-01 9.870987098709871344e-02 3.960396039603960444e-02
2.547254725472547499e-01 8.010801080108011230e-02 1.950195019501950108e-02 2.418241824182418287e-01 6.720672067206720501e-02 2.100210021002100330e-02 2.730273027302730360e-01 7.980798079807981116e-02 1.950195019501950108e-02 2.457245724572457157e-01 7.140714071407140706e-02 2.040204020402040103e-02
2.193219321932193266e-01 5.910591059105910899e-02 1.530153015301530077e-02 2.175217521752175198e-01 5.160516051605160831e-02 1.290129012901290208e-02 2.421242124212421298e-01 7.230723072307231047e-02 1.770177017701770120e-02 2.016201620162016150e-01 4.200420042004200660e-02 1.110111011101110046e-02
1.932193219321932109e-01 4.410441044104410763e-02 1.260126012601260094e-02 1.680168016801680264e-01 3.180318031803180262e-02 6.900690069006901010e-03 1.782178217821782096e-01 4.200420042004200660e-02 9.600960096009601707e-03 1.839183918391839312e-01 3.960396039603960444e-02 8.400840084008400627e-03
1.614161416141614291e-01 2.910291029102910279e-02 5.700570057005700797e-03 1.626162616261626059e-01 2.580258025802580416e-02 5.700570057005700797e-03 1.479147914791479057e-01 2.730273027302730290e-02 6.300630063006300470e-03 1.653165316531653162e-01 3.150315031503150148e-02 6.900690069006901010e-03
1.347134713471347112e-01 1.920192019201920341e-02 3.300330033003300370e-03 1.377137713771377225e-01 2.190219021902190324e-02 3.900390039003900477e-03 1.290129012901290173e-01 2.280228022802280319e-02 5.400540054005400527e-03 1.377137713771377225e-01 2.130213021302130097e-02 4.800480048004800854e-03
1.239123912391239118e-01 2.040204020402040103e-02 2.400240024002400427e-03 1.188118811881188064e-01 1.290129012901290208e-02 1.800180018001800103e-03 1.137113711371137148e-01 1.410141014101410142e-02 1.500150015001500050e-03 1.347134713471347112e-01 2.040204020402040103e-02 3.000300030003000100e-03
1.017101710171017109e-01 1.320132013201320148e-02 1.200120012001200213e-03 1.113111311131113057e-01 1.200120012001200040e-02 2.100210021002100157e-03 1.110111011101110046e-01 1.410141014101410142e-02 3.300330033003300370e-03 9.990999099909990411e-02 1.380138013801380202e-02 2.400240024002400427e-03
9.180918091809181503e-02 9.300930093009300570e-03 9.000900090009000517e-04 8.460846084608460160e-02 8.400840084008400627e-03 9.000900090009000517e-04 9.180918091809181503e-02 9.000900090009001167e-03 9.000900090009000517e-04 8.700870087008701070e-02 9.300930093009300570e-03 9.000900090009000517e-04
7.980798079807981116e-02 8.700870087008700030e-03 1.500150015001500050e-03 6.600660066006600046e-02 5.400540054005400527e-03 6.000600060006001067e-04 6.900690069006901184e-02 5.700570057005700797e-03 3.000300030003000534e-04 6.570657065706571320e-02 5.700570057005700797e-03 3.000300030003000534e-04
5.850585058505850672e-02 4.800480048004800854e-03 6.000600060006001067e-04 6.540654065406541207e-02 4.500450045004500584e-03 6.000600060006001067e-04 5.130513051305130717e-02 2.100210021002100157e-03 1.500150015001500050e-03 6.300630063006300297e-02 4.800480048004800854e-03 9.000900090009000517e-04
4.860486048604860387e-02 3.300330033003300370e-03 3.000300030003000534e-04 4.380438043804380649e-02 1.800180018001800103e-03 3.000300030003000534e-04 4.830483048304830274e-02 2.100210021002100157e-03 3.000300030003000534e-04 4.530453045304530524e-02 3.000300030003000100e-03 0.000000000000000000e+00
3.600360036003600467e-02 1.200120012001200213e-03 0.000000000000000000e+00 3.720372037203720228e-02 1.200120012001200213e-03 6.000600060006001067e-04 5.520552055205520808e-02 7.500750075007500683e-03 9.000900090009000517e-04 3.870387038703870103e-02 2.400240024002400427e-03 0.000000000000000000e+00
3.630363036303630581e-02 9.000900090009000517e-04 0.000000000000000000e+00 3.120312031203120381e-02 1.800180018001800103e-03 0.000000000000000000e+00 4.440444044404440183e-02 1.500150015001500050e-03 6.000600060006001067e-04 3.780378037803780455e-02 1.500150015001500050e-03 0.000000000000000000e+00
2.790279027902790171e-02 1.800180018001800103e-03 0.000000000000000000e+00 2.640264026402640296e-02 1.500150015001500050e-03 3.000300030003000534e-04 3.030303030303030387e-02 1.500150015001500050e-03 3.000300030003000534e-04 3.660366036603660694e-02 1.800180018001800103e-03 0.000000000000000000e+00
2.970297029702970160e-02 1.200120012001200213e-03 6.000600060006001067e-04 2.550255025502550302e-02 9.000900090009000517e-04 0.000000000000000000e+00 2.310231023102310086e-02 9.000900090009000517e-04 0.000000000000000000e+00 2.820282028202820285e-02 2.100210021002100157e-03 0.000000000000000000e+00
2.190219021902190324e-02 9.000900090009000517e-04 0.000000000000000000e+00 1.680168016801680125e-02 3.000300030003000534e-04 3.000300030003000534e-04 2.670267026702670410e-02 3.000300030003000534e-04 0.000000000000000000e+00 2.310231023102310086e-02 1.200120012001200213e-03 0.000000000000000000e+00
1.920192019201920341e-02 1.200120012001200213e-03 0.000000000000000000e+00 1.830183018301830347e-02 6.000600060006001067e-04 0.000000000000000000e+00 2.010201020102010336e-02 6.000600060006001067e-04 0.000000000000000000e+00 2.550255025502550302e-02 3.000300030003000534e-04 0.000000000000000000e+00
