9.004999999999999671e-01 8.925999999999999490e-01 9.050000000000000266e-01 8.969000000000000306e-01
7.561999999999999833e-01 7.608000000000000318e-01 7.657000000000000473e-01 7.762999999999999901e-01
6.290999999999999925e-01 6.640000000000000346e-01 6.850000000000000533e-01 6.576999999999999513e-01
5.843000000000000416e-01 5.978999999999999870e-01 5.755000000000000115e-01 5.542000000000000259e-01
5.093999999999999639e-01 5.336999999999999522e-01 4.830999999999999739e-01 4.747999999999999998e-01
4.394000000000000128e-01 4.233999999999999986e-01 4.183000000000000052e-01 4.109999999999999765e-01
3.476000000000000201e-01 3.886000000000000010e-01 3.499999999999999778e-01 3.598000000000000087e-01
2.854999999999999760e-01 3.054000000000000048e-01 3.149000000000000132e-01 3.104999999999999982e-01
2.575000000000000067e-01 2.521999999999999797e-01 2.490999999999999881e-01 2.610999999999999988e-01
2.260999999999999954e-01 2.114000000000000046e-01 2.467000000000000026e-01 2.084000000000000019e-01
1.932999999999999996e-01 1.711999999999999911e-01 1.897999999999999965e-01 2.011000000000000010e-01
1.615999999999999936e-01 1.610000000000000042e-01 1.502999999999999892e-01 1.713000000000000078e-01
1.353000000000000036e-01 1.469999999999999918e-01 1.262000000000000066e-01 1.361999999999999877e-01
1.140999999999999931e-01 1.048999999999999932e-01 1.121000000000000052e-01 1.332000000000000128e-01
1.073000000000000065e-01 1.074999999999999983e-01 1.015000000000000069e-01 9.719999999999999474e-02
9.030000000000000526e-02 7.389999999999999347e-02 9.070000000000000284e-02 9.139999999999999514e-02
7.080000000000000182e-02 6.950000000000000622e-02 7.449999999999999678e-02 7.240000000000000602e-02
5.249999999999999806e-02 5.559999999999999665e-02 5.160000000000000003e-02 6.710000000000000686e-02
4.700000000000000011e-02 4.290000000000000063e-02 4.649999999999999967e-02 4.680000000000000132e-02
3.950000000000000039e-02 3.980000000000000204e-02 5.210000000000000048e-02 4.259999999999999898e-02
3.529999999999999805e-02 3.420000000000000123e-02 3.849999999999999950e-02 3.729999999999999982e-02
2.860000000000000042e-02 2.670000000000000151e-02 2.649999999999999925e-02 3.139999999999999736e-02
3.030000000000000054e-02 2.690000000000000030e-02 2.549999999999999836e-02 2.400000000000000050e-02
1.700000000000000122e-02 2.120000000000000009e-02 2.309999999999999901e-02 2.069999999999999965e-02
1.849999999999999908e-02 1.899999999999999953e-02 1.820000000000000090e-02 1.700000000000000122e-02
