9.700000000000000000e+01 9.100000000000000000e+01 9.900000000000000000e+01 1.050000000000000000e+02
1.990000000000000000e+02 1.970000000000000000e+02 1.750000000000000000e+02 1.830000000000000000e+02
2.510000000000000000e+02 2.650000000000000000e+02 2.650000000000000000e+02 2.650000000000000000e+02
3.310000000000000000e+02 3.290000000000000000e+02 3.410000000000000000e+02 3.230000000000000000e+02
4.170000000000000000e+02 4.350000000000000000e+02 3.830000000000000000e+02 4.350000000000000000e+02
5.150000000000000000e+02 5.130000000000000000e+02 4.690000000000000000e+02 4.770000000000000000e+02
5.530000000000000000e+02 5.710000000000000000e+02 5.670000000000000000e+02 5.670000000000000000e+02
6.390000000000000000e+02 6.390000000000000000e+02 6.450000000000000000e+02 6.590000000000000000e+02
7.330000000000000000e+02 6.710000000000000000e+02 7.250000000000000000e+02 7.390000000000000000e+02
7.590000000000000000e+02 8.210000000000000000e+02 8.170000000000000000e+02 8.670000000000000000e+02
8.430000000000000000e+02 8.550000000000000000e+02 8.650000000000000000e+02 8.830000000000000000e+02
9.790000000000000000e+02 9.050000000000000000e+02 9.990000000000000000e+02 9.410000000000000000e+02
1.051000000000000000e+03 1.029000000000000000e+03 1.041000000000000000e+03 1.045000000000000000e+03
1.121000000000000000e+03 1.125000000000000000e+03 1.133000000000000000e+03 1.067000000000000000e+03
1.149000000000000000e+03 1.153000000000000000e+03 1.233000000000000000e+03 1.183000000000000000e+03
1.271000000000000000e+03 1.257000000000000000e+03 1.295000000000000000e+03 1.295000000000000000e+03
1.303000000000000000e+03 1.347000000000000000e+03 1.345000000000000000e+03 1.323000000000000000e+03
1.377000000000000000e+03 1.419000000000000000e+03 1.435000000000000000e+03 1.471000000000000000e+03
1.467000000000000000e+03 1.475000000000000000e+03 1.503000000000000000e+03 1.469000000000000000e+03
1.559000000000000000e+03 1.523000000000000000e+03 1.579000000000000000e+03 1.545000000000000000e+03
1.579000000000000000e+03 1.703000000000000000e+03 1.669000000000000000e+03 1.661000000000000000e+03
1.713000000000000000e+03 1.769000000000000000e+03 1.673000000000000000e+03 1.697000000000000000e+03
1.841000000000000000e+03 1.763000000000000000e+03 1.767000000000000000e+03 1.795000000000000000e+03
1.855000000000000000e+03 1.853000000000000000e+03 1.919000000000000000e+03 1.847000000000000000e+03
1.913000000000000000e+03 1.941000000000000000e+03 1.933000000000000000e+03 1.949000000000000000e+03
