9.378937893789371927e-01 1.027302730273027098e+00 9.861986198619858701e-01 9.774977497749772759e-01
9.081908190819073523e-01 9.885988598859881682e-01 9.906990699069899708e-01 9.573957395739568499e-01
9.390939093909388413e-01 8.808880888088804761e-01 9.528952895289526381e-01 9.306930693069302984e-01
8.925892589258925813e-01 9.213921392139216016e-01 8.673867386738677299e-01 8.745874587458745131e-01
8.463846384638459286e-01 8.835883588358834917e-01 8.238823882388236486e-01 8.808880888088810313e-01
8.514851485148519084e-01 7.620762076207623359e-01 7.440744074407441566e-01 7.566756675667570819e-01
7.233723372337236279e-01 7.908790879087908010e-01 7.287728772877289929e-01 7.317731773177323928e-01
6.390639063906393691e-01 6.363636363636367976e-01 6.876687668766880979e-01 6.633663366336636225e-01
5.433543354335437225e-01 5.448544854485452005e-01 5.991599159915995676e-01 5.433543354335433895e-01
4.959495949594963093e-01 5.106510651065110373e-01 5.271527152715274056e-01 4.899489948994905086e-01
4.599459945994602839e-01 4.155415541554157710e-01 4.182418241824183425e-01 4.413441344134415578e-01
4.026402640264029609e-01 4.161416141614163178e-01 3.681368136813685799e-01 4.083408340834084882e-01
3.498349834983501272e-01 3.513351335133516051e-01 3.240324032403242849e-01 3.540354035403542876e-01
3.129312931293131150e-01 3.195319531953196845e-01 3.003300330033005783e-01 3.459345934593460736e-01
2.667266726672669619e-01 3.000300030003002494e-01 2.940294029402941711e-01 2.607260726072609947e-01
2.484248424842486480e-01 2.295229522952298151e-01 2.493249324932495792e-01 2.340234023402342212e-01
2.148214821482150039e-01 1.824182418241825088e-01 1.902190219021903661e-01 1.803180318031804841e-01
1.617161716171618413e-01 1.833183318331835787e-01 1.491149114911492768e-01 1.755175517551755826e-01
1.362136213621363279e-01 1.263126312631263903e-01 1.389138913891390104e-01 1.269126912691270481e-01
1.044104410441045044e-01 1.086108610861086926e-01 1.440144014401441575e-01 1.089108910891089521e-01
1.062106210621063113e-01 8.820882088208828464e-02 1.293129312931294572e-01 1.089108910891089799e-01
7.830783078307838874e-02 7.500750075007506235e-02 8.670867086708677896e-02 1.044104410441045044e-01
8.610861086108617668e-02 7.380738073807389943e-02 6.660666066606665825e-02 7.830783078307837486e-02
6.300630063006305848e-02 4.980498049804984312e-02 7.920792079207927827e-02 6.570657065706572708e-02
5.400540054005402435e-02 5.310531053105315563e-02 5.850585058505856223e-02 7.560756075607567850e-02
