1.600000000000000000e+01 1.600000000000000000e+01 1.400000000000000000e+01 1.600000000000000000e+01
4.400000000000000000e+01 4.600000000000000000e+01 3.800000000000000000e+01 4.400000000000000000e+01
7.800000000000000000e+01 7.200000000000000000e+01 7.600000000000000000e+01 7.400000000000000000e+01
1.020000000000000000e+02 1.060000000000000000e+02 1.060000000000000000e+02 1.100000000000000000e+02
1.320000000000000000e+02 1.360000000000000000e+02 1.420000000000000000e+02 1.380000000000000000e+02
1.720000000000000000e+02 1.720000000000000000e+02 1.660000000000000000e+02 1.680000000000000000e+02
2.020000000000000000e+02 1.880000000000000000e+02 2.040000000000000000e+02 1.980000000000000000e+02
2.260000000000000000e+02 2.320000000000000000e+02 2.320000000000000000e+02 2.280000000000000000e+02
2.660000000000000000e+02 2.520000000000000000e+02 2.580000000000000000e+02 2.580000000000000000e+02
2.840000000000000000e+02 3.000000000000000000e+02 2.880000000000000000e+02 2.960000000000000000e+02
3.280000000000000000e+02 3.240000000000000000e+02 3.280000000000000000e+02 3.300000000000000000e+02
3.520000000000000000e+02 3.500000000000000000e+02 3.560000000000000000e+02 3.460000000000000000e+02
3.800000000000000000e+02 3.860000000000000000e+02 3.820000000000000000e+02 3.780000000000000000e+02
4.120000000000000000e+02 4.100000000000000000e+02 4.200000000000000000e+02 4.220000000000000000e+02
4.440000000000000000e+02 4.380000000000000000e+02 4.440000000000000000e+02 4.460000000000000000e+02
4.780000000000000000e+02 4.800000000000000000e+02 4.720000000000000000e+02 4.580000000000000000e+02
5.140000000000000000e+02 5.020000000000000000e+02 5.000000000000000000e+02 4.960000000000000000e+02
5.300000000000000000e+02 5.280000000000000000e+02 5.380000000000000000e+02 5.300000000000000000e+02
5.560000000000000000e+02 5.540000000000000000e+02 5.700000000000000000e+02 5.620000000000000000e+02
6.020000000000000000e+02 5.840000000000000000e+02 6.040000000000000000e+02 6.020000000000000000e+02
6.220000000000000000e+02 6.200000000000000000e+02 6.300000000000000000e+02 6.360000000000000000e+02
6.500000000000000000e+02 6.520000000000000000e+02 6.500000000000000000e+02 6.460000000000000000e+02
6.840000000000000000e+02 6.760000000000000000e+02 6.820000000000000000e+02 6.800000000000000000e+02
7.200000000000000000e+02 7.260000000000000000e+02 7.300000000000000000e+02 7.140000000000000000e+02
7.560000000000000000e+02 7.500000000000000000e+02 7.540000000000000000e+02 7.320000000000000000e+02
