8.628000000000000114e-01 8.819000000000000172e-01 8.693999999999999506e-01 8.681999999999999718e-01
7.731000000000000094e-01 7.582999999999999741e-01 8.070000000000000506e-01 7.547000000000000375e-01
6.764000000000000012e-01 6.817999999999999616e-01 6.625999999999999668e-01 6.932000000000000384e-01
6.078999999999999959e-01 6.175000000000000488e-01 5.742000000000000437e-01 5.954000000000000403e-01
5.201000000000000068e-01 5.212999999999999856e-01 4.749999999999999778e-01 5.272000000000000020e-01
4.163000000000000034e-01 4.299999999999999933e-01 4.449000000000000177e-01 4.199999999999999845e-01
3.725999999999999868e-01 4.073999999999999844e-01 3.583000000000000074e-01 3.518000000000000016e-01
3.192999999999999727e-01 2.907000000000000139e-01 3.017000000000000237e-01 3.397999999999999909e-01
2.641000000000000014e-01 2.696999999999999953e-01 2.467999999999999916e-01 2.437000000000000000e-01
2.358000000000000096e-01 2.341999999999999915e-01 2.434000000000000052e-01 2.661999999999999922e-01
2.064000000000000001e-01 1.905999999999999917e-01 2.036000000000000032e-01 1.827000000000000013e-01
1.645000000000000073e-01 1.743000000000000105e-01 1.635999999999999954e-01 1.713999999999999968e-01
1.668000000000000038e-01 1.753000000000000114e-01 1.330999999999999961e-01 1.370000000000000107e-01
1.123999999999999999e-01 1.158000000000000002e-01 1.298999999999999877e-01 1.215999999999999998e-01
1.048000000000000043e-01 1.121000000000000052e-01 1.023000000000000020e-01 1.192000000000000004e-01
9.650000000000000244e-02 9.360000000000000264e-02 8.480000000000000038e-02 8.640000000000000457e-02
6.850000000000000533e-02 7.989999999999999880e-02 9.110000000000000042e-02 8.019999999999999352e-02
6.239999999999999714e-02 6.300000000000000044e-02 6.790000000000000202e-02 6.679999999999999827e-02
4.939999999999999947e-02 5.999999999999999778e-02 5.480000000000000149e-02 5.160000000000000003e-02
4.599999999999999922e-02 4.689999999999999725e-02 4.379999999999999866e-02 4.240000000000000019e-02
4.510000000000000120e-02 4.270000000000000184e-02 4.000000000000000083e-02 3.679999999999999938e-02
3.570000000000000256e-02 3.339999999999999913e-02 3.139999999999999736e-02 3.710000000000000103e-02
3.230000000000000232e-02 2.970000000000000070e-02 3.300000000000000155e-02 3.109999999999999917e-02
2.539999999999999897e-02 2.220000000000000098e-02 2.160000000000000114e-02 2.929999999999999966e-02
2.170000000000000054e-02 2.100000000000000130e-02 2.149999999999999828e-02 2.380000000000000171e-02
