8.691869186918691481e-01 7.857785778577858204e-01 7.296729672967297020e-01 8.820882088208821248e-01 8.451845184518451681e-01 7.938793879387938679e-01 8.682868286828683280e-01 8.007800780078008218e-01 7.482748274827483170e-01 8.634863486348635098e-01 7.860786078607860938e-01 7.323732373237323845e-01
7.668766876687669320e-01 6.297629762976297840e-01 5.313531353135313440e-01 7.545754575457546132e-01 6.174617461746174651e-01 4.848484848484848619e-01 7.992799279927992329e-01 6.747674767476747881e-01 5.820582058205820974e-01 7.452745274527452501e-01 6.039603960396039417e-01 4.806480648064806460e-01
6.684668466846684920e-01 4.842484248424842597e-01 3.531353135313531344e-01 6.822682268226822888e-01 4.932493249324932383e-01 3.600360036003600328e-01 6.771677167716771972e-01 4.893489348934893512e-01 3.306330633063306323e-01 6.828682868286828356e-01 4.956495649564956474e-01 3.780378037803780455e-01
6.072607260726072820e-01 3.939393939393939226e-01 2.382238223822382150e-01 6.117611761176117158e-01 4.050405040504050369e-01 2.553255325532553521e-01 5.724572457245724610e-01 3.498349834983498496e-01 2.244224422442244182e-01 5.967596759675967144e-01 3.774377437743774433e-01 2.382238223822382150e-01
5.088508850885088419e-01 2.682268226822682178e-01 1.458145814581458255e-01 5.130513051305130023e-01 2.919291929192919244e-01 1.626162616261626059e-01 4.704470447044704629e-01 2.406240624062406241e-01 1.260126012601260059e-01 5.292529252925292083e-01 3.048304830483048455e-01 1.740174017401740214e-01
4.095409540954095262e-01 1.815181518151815221e-01 8.760876087608761298e-02 4.188418841884188337e-01 1.857185718571857103e-01 9.210921092109210229e-02 4.200420042004200383e-01 1.989198919891989326e-01 1.041104110411041062e-01 4.188418841884188337e-01 1.926192619261926087e-01 7.950795079507951002e-02
3.786378637863786478e-01 1.641164116411641116e-01 6.540654065406541207e-02 4.065406540654065148e-01 1.779177917791779084e-01 7.830783078307830547e-02 3.711371137113711471e-01 1.467146714671467012e-01 5.520552055205520808e-02 3.471347134713471116e-01 1.401140114011401039e-01 5.550555055505550228e-02
3.219321932193219271e-01 1.095109510951095128e-01 3.660366036603660694e-02 3.024302430243024364e-01 9.720972097209720775e-02 3.330333033303330137e-02 3.069306930693069257e-01 1.020102010201020121e-01 3.900390039003900217e-02 3.405340534053405421e-01 1.326132613261326032e-01 5.700570057005700797e-02
2.637263726372637285e-01 8.820882088208821525e-02 2.280228022802280319e-02 2.889288928892889130e-01 8.280828082808280866e-02 2.760276027602760404e-02 2.385238523852385162e-01 5.460546054605460581e-02 1.500150015001500137e-02 2.514251425142514096e-01 6.330633063306330410e-02 1.920192019201920341e-02
2.367236723672367371e-01 6.570657065706571320e-02 1.500150015001500137e-02 2.346234623462346292e-01 7.050705070507050365e-02 1.620162016201620245e-02 2.463246324632463180e-01 6.690669066906690388e-02 1.620162016201620245e-02 2.751275127512751162e-01 7.950795079507951002e-02 2.580258025802580416e-02
1.950195019501950178e-01 4.740474047404740626e-02 1.230123012301230154e-02 1.710171017101710100e-01 4.020402040204020672e-02 7.200720072007200413e-03 2.079207920792079112e-01 4.740474047404740626e-02 1.140114011401140159e-02 1.794179417941794141e-01 3.450345034503450592e-02 6.000600060006000200e-03
1.671167116711671230e-01 3.000300030003000273e-02 6.600660066006600740e-03 1.737173717371737203e-01 3.990399039903990558e-02 7.500750075007500683e-03 1.623162316231623048e-01 3.030303030303030387e-02 7.200720072007200413e-03 1.749174917491749248e-01 3.330333033303330137e-02 5.700570057005700797e-03
1.701170117011701066e-01 2.970297029702970160e-02 7.800780078007800954e-03 1.752175217521752260e-01 3.930393039303930330e-02 1.140114011401140159e-02 1.407140714071407062e-01 1.920192019201920341e-02 3.600360036003600207e-03 1.365136513651365180e-01 2.490249024902490421e-02 3.300330033003300370e-03
1.191119111911191075e-01 1.410141014101410142e-02 1.500150015001500050e-03 1.086108610861086093e-01 1.470147014701470196e-02 1.200120012001200213e-03 1.164116411641164112e-01 1.590159015901590131e-02 3.900390039003900477e-03 1.356135613561356146e-01 1.770177017701770120e-02 2.400240024002400427e-03
1.098109810981098139e-01 1.170117011701170100e-02 2.700270027002700263e-03 1.089108910891089105e-01 1.770177017701770120e-02 3.000300030003000100e-03 1.029102910291029155e-01 1.320132013201320148e-02 2.700270027002700263e-03 1.116111611161116068e-01 1.980198019801980222e-02 2.700270027002700263e-03
9.720972097209720775e-02 7.800780078007800954e-03 1.800180018001800103e-03 8.730873087308731184e-02 8.700870087008700030e-03 6.000600060006001067e-04 8.880888088808880365e-02 9.300930093009300570e-03 6.000600060006001067e-04 9.960996099609961685e-02 1.230123012301230154e-02 1.800180018001800103e-03
7.170717071707170820e-02 7.200720072007200413e-03 1.500150015001500050e-03 9.120912091209121275e-02 6.000600060006000200e-03 6.000600060006001067e-04 9.030903090309030934e-02 1.230123012301230154e-02 1.500150015001500050e-03 6.780678067806780729e-02 8.400840084008400627e-03 1.200120012001200213e-03
7.230723072307231047e-02 4.200420042004200313e-03 0.000000000000000000e+00 6.690669066906690388e-02 7.200720072007200413e-03 6.000600060006001067e-04 6.690669066906690388e-02 3.600360036003600207e-03 3.000300030003000534e-04 6.990699069906990137e-02 3.600360036003600207e-03 9.000900090009000517e-04
4.020402040204020672e-02 2.400240024002400427e-03 0.000000000000000000e+00 6.480648064806480979e-02 5.100510051005100257e-03 6.000600060006001067e-04 5.760576057605760331e-02 4.200420042004200313e-03 3.000300030003000534e-04 4.680468046804680399e-02 3.900390039003900477e-03 3.000300030003000534e-04
4.560456045604560638e-02 2.400240024002400427e-03 1.200120012001200213e-03 5.400540054005400353e-02 2.700270027002700263e-03 6.000600060006001067e-04 4.440444044404440183e-02 1.200120012001200213e-03 3.000300030003000534e-04 4.170417041704170547e-02 1.200120012001200213e-03 0.000000000000000000e+00
3.960396039603960444e-02 2.400240024002400427e-03 3.000300030003000534e-04 4.800480048004800160e-02 2.400240024002400427e-03 0.000000000000000000e+00 4.050405040504050092e-02 1.200120012001200213e-03 0.000000000000000000e+00 3.810381038103810569e-02 9.000900090009000517e-04 0.000000000000000000e+00
2.940294029402940393e-02 9.000900090009000517e-04 0.000000000000000000e+00 2.940294029402940393e-02 1.500150015001500050e-03 0.000000000000000000e+00 3.270327032703270603e-02 0.000000000000000000e+00 0.000000000000000000e+00 3.600360036003600467e-02 1.800180018001800103e-03 0.000000000000000000e+00
3.780378037803780455e-02 1.800180018001800103e-03 0.000000000000000000e+00 3.390339033903390364e-02 9.000900090009000517e-04 0.000000000000000000e+00 3.090309030903090268e-02 3.000300030003000534e-04 0.000000000000000000e+00 2.970297029702970160e-02 6.000600060006001067e-04 0.000000000000000000e+00
2.430243024302430194e-02 9.000900090009000517e-04 0.000000000000000000e+00 2.340234023402340199e-02 3.000300030003000534e-04 0.000000000000000000e+00 2.940294029402940393e-02 9.000900090009000517e-04 0.000000000000000000e+00 2.640264026402640296e-02 6.000600060006001067e-04 0.000000000000000000e+00
2.400240024002400080e-02 9.000900090009000517e-04 3.000300030003000534e-04 1.980198019801980222e-02 9.000900090009000517e-04 0.000000000000000000e+00 2.040204020402040103e-02 6.000600060006001067e-04 0.000000000000000000e+00 1.830183018301830347e-02 0.000000000000000000e+00 0.000000000000000000e+00
