1.240000000000000000e+02 1.200000000000000000e+02 1.260000000000000000e+02 1.220000000000000000e+02
2.320000000000000000e+02 2.340000000000000000e+02 2.480000000000000000e+02 2.320000000000000000e+02
3.060000000000000000e+02 3.260000000000000000e+02 3.160000000000000000e+02 3.120000000000000000e+02
4.360000000000000000e+02 4.120000000000000000e+02 4.060000000000000000e+02 3.960000000000000000e+02
5.240000000000000000e+02 5.020000000000000000e+02 4.820000000000000000e+02 5.080000000000000000e+02
5.740000000000000000e+02 5.840000000000000000e+02 5.780000000000000000e+02 5.840000000000000000e+02
6.680000000000000000e+02 7.160000000000000000e+02 6.540000000000000000e+02 6.800000000000000000e+02
7.980000000000000000e+02 7.780000000000000000e+02 7.740000000000000000e+02 7.700000000000000000e+02
8.420000000000000000e+02 9.100000000000000000e+02 8.700000000000000000e+02 8.780000000000000000e+02
1.002000000000000000e+03 9.260000000000000000e+02 9.680000000000000000e+02 9.240000000000000000e+02
1.038000000000000000e+03 1.026000000000000000e+03 1.018000000000000000e+03 1.028000000000000000e+03
1.136000000000000000e+03 1.140000000000000000e+03 1.136000000000000000e+03 1.178000000000000000e+03
1.226000000000000000e+03 1.226000000000000000e+03 1.228000000000000000e+03 1.250000000000000000e+03
1.332000000000000000e+03 1.340000000000000000e+03 1.298000000000000000e+03 1.298000000000000000e+03
1.424000000000000000e+03 1.434000000000000000e+03 1.428000000000000000e+03 1.382000000000000000e+03
1.488000000000000000e+03 1.482000000000000000e+03 1.542000000000000000e+03 1.556000000000000000e+03
1.562000000000000000e+03 1.622000000000000000e+03 1.614000000000000000e+03 1.618000000000000000e+03
1.676000000000000000e+03 1.708000000000000000e+03 1.662000000000000000e+03 1.720000000000000000e+03
1.800000000000000000e+03 1.804000000000000000e+03 1.788000000000000000e+03 1.802000000000000000e+03
1.860000000000000000e+03 1.920000000000000000e+03 1.830000000000000000e+03 1.858000000000000000e+03
1.992000000000000000e+03 2.000000000000000000e+03 1.982000000000000000e+03 1.926000000000000000e+03
2.112000000000000000e+03 2.110000000000000000e+03 2.120000000000000000e+03 2.114000000000000000e+03
2.184000000000000000e+03 2.180000000000000000e+03 2.198000000000000000e+03 2.164000000000000000e+03
2.254000000000000000e+03 2.222000000000000000e+03 2.226000000000000000e+03 2.234000000000000000e+03
2.322000000000000000e+03 2.328000000000000000e+03 2.342000000000000000e+03 2.364000000000000000e+03
