9.798979897989786858e-01 9.045904590459034056e-01 9.507950795079505024e-01 9.645964596459641882e-01
9.426942694269422329e-01 8.961896189618954178e-01 9.555955595559546545e-01 9.045904590459039607e-01
9.057905790579056093e-01 9.270927092709265738e-01 8.940894089408930601e-01 9.396939693969388330e-01
8.781878187818776826e-01 8.754875487548750002e-01 8.922892289228921969e-01 8.961896189618957509e-01
8.676867686768678922e-01 8.259825982598261174e-01 8.154815481548157718e-01 8.472847284728469708e-01
7.716771677167716392e-01 7.914791479147917919e-01 7.674767476747674788e-01 7.581758175817583378e-01
7.089708970897093954e-01 7.641764176417644716e-01 7.284728472847288305e-01 6.765676567656767615e-01
6.738673867386740790e-01 6.489648964896491679e-01 6.537653765376537640e-01 6.807680768076808109e-01
5.493549354935495233e-01 6.459645964596462120e-01 5.667566756675670447e-01 5.835583558355836864e-01
5.280528052805284478e-01 5.085508550855090126e-01 5.544554455445548369e-01 6.126612661266127580e-01
4.551455145514553546e-01 3.996399639963998385e-01 4.929492949294933535e-01 4.407440744074411221e-01
4.179417941794181801e-01 4.089408940894092015e-01 4.032403240324034521e-01 4.305430543054307724e-01
4.290429042904295720e-01 4.191419141914194402e-01 3.681368136813683023e-01 3.381338133813384106e-01
3.165316531653167842e-01 2.829282928292831123e-01 3.054305430543055588e-01 3.561356135613562013e-01
2.970297029702972380e-01 2.766276627662768717e-01 2.718271827182720535e-01 2.781278127812781831e-01
2.700270027002703577e-01 2.364236423642365748e-01 2.391239123912392295e-01 2.637263726372638395e-01
1.950195019501951843e-01 2.562256225622563943e-01 2.355235523552356713e-01 1.794179417941796639e-01
2.043204320432044918e-01 1.797179717971798263e-01 1.902190219021902828e-01 1.998199819981999747e-01
1.134113411341135108e-01 1.797179717971798540e-01 1.605160516051606368e-01 1.290129012901291006e-01
1.308130813081309629e-01 1.545154515451546695e-01 1.299129912991300040e-01 1.215121512151216276e-01
1.119111911191119912e-01 1.368136813681369579e-01 1.179117911791180140e-01 1.116111611161117179e-01
8.550855085508558828e-02 8.370837083708379533e-02 9.810981098109815279e-02 1.026102610261026421e-01
1.080108010801080903e-01 9.900990099009911172e-02 9.180918091809187054e-02 8.730873087308739511e-02
7.020702070207025802e-02 6.930693069306936849e-02 8.550855085508558828e-02 7.740774077407747145e-02
6.960696069606965575e-02 5.670567056705676928e-02 5.940594059405947952e-02 5.490549054905497633e-02
