9.834000000000000519e-01 9.806000000000000272e-01 9.828000000000000069e-01 9.814000000000000501e-01
9.613000000000000433e-01 9.578999999999999737e-01 9.597999999999999865e-01 9.559999999999999609e-01
9.446999999999999842e-01 9.391000000000000458e-01 9.404000000000000137e-01 9.398999999999999577e-01
9.127999999999999448e-01 9.245999999999999774e-01 9.137999999999999456e-01 9.109000000000000430e-01
8.824999999999999512e-01 9.005999999999999561e-01 8.931999999999999940e-01 8.995999999999999552e-01
8.899000000000000243e-01 8.870999999999999996e-01 8.809000000000000163e-01 8.757000000000000339e-01
8.381999999999999451e-01 8.728000000000000203e-01 8.457000000000000073e-01 8.397000000000000020e-01
8.222000000000000419e-01 8.097999999999999643e-01 8.306000000000000050e-01 8.333000000000000407e-01
8.043000000000000149e-01 8.277999999999999803e-01 7.886999999999999567e-01 8.094999999999999973e-01
7.822999999999999954e-01 7.773999999999999799e-01 7.892000000000000126e-01 7.742999999999999883e-01
7.939000000000000501e-01 7.984999999999999876e-01 8.106999999999999762e-01 7.914999999999999813e-01
7.488000000000000211e-01 7.753999999999999782e-01 7.576000000000000512e-01 7.692999999999999838e-01
7.542999999999999705e-01 7.238999999999999879e-01 7.504999999999999449e-01 7.300999999999999712e-01
7.072000000000000508e-01 7.269999999999999796e-01 7.320999999999999730e-01 7.245000000000000329e-01
7.017999999999999794e-01 6.946999999999999842e-01 7.299999999999999822e-01 6.945000000000000062e-01
7.046999999999999931e-01 6.665999999999999703e-01 7.098999999999999755e-01 6.792000000000000259e-01
6.931000000000000494e-01 6.705999999999999739e-01 6.745999999999999774e-01 6.845999999999999863e-01
6.575999999999999623e-01 6.564999999999999725e-01 6.497000000000000552e-01 6.349000000000000199e-01
6.579000000000000403e-01 6.437000000000000499e-01 6.239999999999999991e-01 6.505999999999999561e-01
6.447000000000000508e-01 6.420000000000000151e-01 6.049999999999999822e-01 6.487000000000000544e-01
6.135000000000000453e-01 6.159000000000000030e-01 5.915000000000000258e-01 5.994000000000000439e-01
5.936000000000000165e-01 5.876000000000000112e-01 6.012999999999999456e-01 6.267000000000000348e-01
5.773000000000000353e-01 6.136000000000000343e-01 5.813000000000000389e-01 5.840999999999999526e-01
5.635000000000000009e-01 5.724000000000000199e-01 6.078999999999999959e-01 5.724000000000000199e-01
5.632000000000000339e-01 5.516999999999999682e-01 5.633000000000000229e-01 5.514999999999999902e-01
5.332000000000000073e-01 5.578999999999999515e-01 5.412000000000000144e-01 5.334999999999999742e-01
5.567999999999999616e-01 5.273999999999999799e-01 5.405999999999999694e-01 5.454999999999999849e-01
5.090999999999999970e-01 5.259000000000000341e-01 5.153999999999999693e-01 5.098000000000000309e-01
5.252999999999999892e-01 5.161000000000000032e-01 5.113999999999999657e-01 5.080999999999999961e-01
4.863999999999999990e-01 4.833000000000000074e-01 5.149000000000000243e-01 4.944999999999999951e-01
4.980999999999999872e-01 5.082999999999999741e-01 5.182999999999999829e-01 5.047000000000000375e-01
4.778000000000000025e-01 4.727999999999999980e-01 4.712999999999999967e-01 4.854999999999999871e-01
4.512999999999999790e-01 4.964000000000000079e-01 4.743999999999999884e-01 4.784999999999999809e-01
4.791000000000000258e-01 4.450999999999999956e-01 4.445000000000000062e-01 4.526000000000000023e-01
4.682000000000000051e-01 4.536999999999999922e-01 4.344999999999999973e-01 4.647999999999999909e-01
4.799999999999999822e-01 4.353000000000000203e-01 4.268000000000000127e-01 4.582999999999999852e-01
4.527999999999999803e-01 4.612999999999999878e-01 4.588999999999999746e-01 4.188000000000000056e-01
4.198000000000000065e-01 4.269999999999999907e-01 4.047999999999999932e-01 4.364999999999999991e-01
4.223999999999999977e-01 4.190999999999999726e-01 4.112000000000000099e-01 4.293000000000000149e-01
4.016000000000000125e-01 4.274000000000000021e-01 4.177000000000000157e-01 4.223000000000000087e-01
3.971000000000000085e-01 4.133999999999999897e-01 3.856999999999999873e-01 4.046000000000000152e-01
3.800000000000000044e-01 3.947999999999999843e-01 3.953999999999999737e-01 3.804000000000000159e-01
3.841999999999999860e-01 4.104999999999999760e-01 3.904000000000000248e-01 3.871999999999999886e-01
3.706999999999999740e-01 3.668000000000000149e-01 3.899000000000000243e-01 3.706999999999999740e-01
3.640999999999999792e-01 3.552000000000000157e-01 3.750000000000000000e-01 4.038999999999999813e-01
3.413999999999999813e-01 3.654000000000000026e-01 3.516000000000000236e-01 3.629999999999999893e-01
3.524999999999999800e-01 3.574999999999999845e-01 3.580999999999999739e-01 3.724999999999999978e-01
3.287999999999999812e-01 3.412000000000000033e-01 3.512000000000000122e-01 3.568000000000000060e-01
3.483999999999999875e-01 3.607000000000000206e-01 3.311999999999999944e-01 3.472999999999999976e-01
3.316000000000000059e-01 3.441000000000000170e-01 3.371999999999999997e-01 3.426000000000000156e-01
3.528000000000000025e-01 3.209000000000000186e-01 3.166999999999999815e-01 3.200000000000000067e-01
3.257999999999999785e-01 3.251999999999999891e-01 3.217999999999999750e-01 3.196999999999999842e-01
3.210999999999999965e-01 3.196999999999999842e-01 3.341000000000000081e-01 3.316000000000000059e-01
3.261999999999999900e-01 3.079999999999999960e-01 3.260000000000000120e-01 3.062000000000000277e-01
3.166999999999999815e-01 3.189000000000000168e-01 3.240000000000000102e-01 3.044000000000000039e-01
3.068000000000000171e-01 2.953000000000000069e-01 2.989999999999999880e-01 2.994999999999999885e-01
2.924999999999999822e-01 3.040999999999999814e-01 3.260000000000000120e-01 3.080999999999999850e-01
2.862000000000000099e-01 2.822999999999999954e-01 2.993999999999999995e-01 2.989999999999999880e-01
3.059999999999999942e-01 2.911000000000000254e-01 2.872000000000000108e-01 2.861000000000000210e-01
2.808999999999999830e-01 2.938000000000000056e-01 2.817000000000000060e-01 2.837000000000000077e-01
2.907000000000000139e-01 2.763999999999999790e-01 2.954999999999999849e-01 2.871000000000000218e-01
2.814999999999999725e-01 2.816000000000000170e-01 2.921000000000000263e-01 2.777000000000000024e-01
2.816000000000000170e-01 2.600000000000000089e-01 2.738999999999999768e-01 2.685000000000000164e-01
2.775000000000000244e-01 2.917000000000000148e-01 2.600000000000000089e-01 2.558000000000000274e-01
2.616999999999999882e-01 2.630000000000000115e-01 2.846000000000000196e-01 2.705000000000000182e-01
2.610999999999999988e-01 2.757999999999999896e-01 2.656999999999999917e-01 2.605000000000000093e-01
2.627999999999999781e-01 2.597999999999999754e-01 2.560000000000000053e-01 2.562999999999999723e-01
2.500000000000000000e-01 2.535999999999999921e-01 2.686999999999999944e-01 2.591999999999999860e-01
2.441000000000000114e-01 2.570000000000000062e-01 2.384000000000000008e-01 2.363999999999999990e-01
2.585999999999999965e-01 2.379000000000000004e-01 2.358000000000000096e-01 2.354999999999999871e-01
2.388000000000000123e-01 2.411999999999999977e-01 2.516999999999999793e-01 2.490999999999999881e-01
2.310000000000000109e-01 2.434000000000000052e-01 2.424000000000000044e-01 2.381000000000000061e-01
2.378000000000000114e-01 2.436000000000000110e-01 2.399999999999999911e-01 2.472000000000000031e-01
2.369999999999999885e-01 2.325000000000000122e-01 2.273000000000000020e-01 2.230999999999999928e-01
2.217999999999999972e-01 2.419999999999999929e-01 2.268999999999999906e-01 2.343000000000000083e-01
2.288999999999999924e-01 2.262000000000000122e-01 2.341000000000000025e-01 2.298999999999999932e-01
2.235999999999999932e-01 2.162999999999999923e-01 2.389000000000000012e-01 2.358000000000000096e-01
2.116000000000000103e-01 2.233999999999999875e-01 2.300000000000000100e-01 2.179000000000000103e-01
2.096999999999999975e-01 2.152999999999999914e-01 2.268000000000000016e-01 2.199000000000000121e-01
1.980000000000000093e-01 2.156000000000000139e-01 2.061000000000000054e-01 2.190000000000000002e-01
2.209000000000000130e-01 2.001000000000000001e-01 2.144999999999999962e-01 2.048000000000000098e-01
2.091999999999999971e-01 2.141000000000000125e-01 2.122999999999999887e-01 2.164999999999999980e-01
2.127999999999999892e-01 2.006000000000000005e-01 2.048999999999999988e-01 2.162999999999999923e-01
2.071999999999999953e-01 1.993000000000000049e-01 1.975000000000000089e-01 2.099999999999999922e-01
2.137999999999999901e-01 1.958999999999999908e-01 2.116000000000000103e-01 2.023999999999999966e-01
1.950999999999999956e-01 2.005000000000000115e-01 1.981999999999999873e-01 2.104999999999999927e-01
2.053000000000000103e-01 1.975999999999999979e-01 2.033999999999999975e-01 2.071000000000000063e-01
1.877999999999999947e-01 1.998000000000000054e-01 2.011999999999999900e-01 1.948000000000000009e-01
1.943999999999999895e-01 2.114000000000000046e-01 1.993999999999999939e-01 2.180999999999999883e-01
1.937000000000000111e-01 1.995999999999999996e-01 2.018999999999999961e-01 1.910000000000000031e-01
1.842000000000000026e-01 1.981999999999999873e-01 1.905999999999999917e-01 1.806999999999999995e-01
1.839000000000000079e-01 1.784000000000000030e-01 1.855999999999999872e-01 1.935999999999999943e-01
1.915999999999999925e-01 1.885999999999999899e-01 1.917000000000000093e-01 1.894000000000000128e-01
1.776000000000000079e-01 1.776999999999999968e-01 1.852000000000000035e-01 1.902000000000000079e-01
1.859000000000000097e-01 1.784000000000000030e-01 1.928999999999999881e-01 1.920000000000000040e-01
1.826000000000000123e-01 1.781999999999999973e-01 1.904000000000000137e-01 1.776999999999999968e-01
1.875000000000000000e-01 1.832999999999999907e-01 1.842000000000000026e-01 1.864000000000000101e-01
1.771000000000000074e-01 1.801000000000000101e-01 1.784000000000000030e-01 1.849999999999999978e-01
1.759999999999999898e-01 1.766000000000000070e-01 1.733000000000000096e-01 1.829999999999999960e-01
1.660999999999999976e-01 1.807999999999999885e-01 1.673999999999999932e-01 1.801000000000000101e-01
1.690000000000000113e-01 1.872000000000000053e-01 1.802999999999999881e-01 1.751999999999999946e-01
1.826000000000000123e-01 1.715000000000000135e-01 1.731000000000000039e-01 1.698000000000000065e-01
1.733999999999999986e-01 1.729999999999999871e-01 1.700000000000000122e-01 1.686999999999999889e-01
1.721999999999999920e-01 1.708000000000000074e-01 1.713999999999999968e-01 1.663999999999999924e-01
1.685999999999999999e-01 1.723999999999999977e-01 1.628000000000000003e-01 1.618999999999999884e-01
1.691000000000000003e-01 1.648999999999999910e-01 1.713999999999999968e-01 1.638000000000000012e-01
1.729999999999999871e-01 1.628999999999999893e-01 1.681999999999999884e-01 1.589000000000000135e-01
1.678000000000000047e-01 1.627000000000000113e-01 1.627000000000000113e-01 1.640999999999999959e-01
1.650999999999999968e-01 1.650000000000000078e-01 1.658000000000000029e-01 1.592999999999999972e-01
1.673000000000000043e-01 1.607000000000000095e-01 1.592999999999999972e-01 1.733000000000000096e-01
1.542000000000000037e-01 1.628000000000000003e-01 1.640000000000000069e-01 1.686999999999999889e-01
1.635999999999999954e-01 1.597999999999999976e-01 1.612999999999999989e-01 1.549000000000000099e-01
1.585000000000000020e-01 1.625999999999999945e-01 1.587999999999999967e-01 1.585999999999999910e-01
1.736999999999999933e-01 1.545999999999999874e-01 1.633000000000000007e-01 1.598999999999999866e-01
1.554999999999999993e-01 1.602999999999999980e-01 1.532000000000000028e-01 1.618999999999999884e-01
