9.852985298529852720e-01 9.684968496849685193e-01 9.564956495649564738e-01 9.825982598259825895e-01 9.690969096909690661e-01 9.540954095409540647e-01 9.837983798379837941e-01 9.687968796879687927e-01 9.537953795379537913e-01 9.789978997899789759e-01 9.690969096909690661e-01 9.558955895589559271e-01
9.555955595559555427e-01 9.333933393339334250e-01 8.943894389438944437e-01 9.603960396039603609e-01 9.273927392739274023e-01 8.958895889588959216e-01 9.621962196219622232e-01 9.294929492949295380e-01 9.054905490549054470e-01 9.531953195319532446e-01 9.093909390939094450e-01 8.763876387638763754e-01
9.372937293729373120e-01 8.985898589858986041e-01 8.463846384638463727e-01 9.429942994299429504e-01 8.712871287128712838e-01 8.289828982898289622e-01 9.438943894389438816e-01 8.862886288628862852e-01 8.193819381938194368e-01 9.396939693969397212e-01 9.033903390339034223e-01 8.400840084008400765e-01
9.081908190819082405e-01 8.133813381338134141e-01 7.824782478247824802e-01 9.249924992499249932e-01 8.394839483948395298e-01 8.013801380138013686e-01 9.069906990699070359e-01 8.496849684968497129e-01 7.710771077107710925e-01 9.150915091509150834e-01 8.190819081908190524e-01 7.794779477947795243e-01
8.823882388238823982e-01 7.971797179717972082e-01 7.188718871887188611e-01 9.018901890189019444e-01 8.226822682268226661e-01 7.509750975097509995e-01 8.901890189018901722e-01 8.046804680468047088e-01 7.308730873087309066e-01 8.988898889888988775e-01 8.010801080108010952e-01 7.341734173417341358e-01
8.781878187818782378e-01 7.893789378937894341e-01 7.086708670867086779e-01 8.856885688568857384e-01 7.914791479147914588e-01 7.176717671767176565e-01 8.655865586558655345e-01 7.701770177017701613e-01 6.990699069906990415e-01 8.781878187818782378e-01 7.512751275127512729e-01 6.882688268826883116e-01
8.451845184518451681e-01 6.972697269726972902e-01 6.207620762076208054e-01 8.721872187218722150e-01 7.470747074707471125e-01 6.786678667866786752e-01 8.484848484848485084e-01 7.227722772277227481e-01 6.198619861986198742e-01 8.397839783978398032e-01 7.272727272727272929e-01 6.141614161416141249e-01
8.337833783378337804e-01 6.666666666666666297e-01 5.808580858085808929e-01 8.157815781578158232e-01 6.699669966996699699e-01 5.556555655565557084e-01 8.391839183918391454e-01 6.894689468946895161e-01 5.955595559555955099e-01 8.313831383138313713e-01 6.825682568256825622e-01 5.823582358235823708e-01
8.115811581158115517e-01 6.651665166516651517e-01 5.595559555955595954e-01 8.241824182418241440e-01 6.849684968496849713e-01 5.877587758775877358e-01 7.926792679267926633e-01 6.717671767176717212e-01 5.313531353135313440e-01 8.058805880588059134e-01 6.897689768976897895e-01 5.514551455145514369e-01
7.881788178817882295e-01 6.396639663966396938e-01 5.262526252625262524e-01 7.941794179417941413e-01 6.465646564656465367e-01 5.136513651365136601e-01 7.965796579657965504e-01 5.982598259825983034e-01 5.091509150915091153e-01 7.707770777077708191e-01 6.309630963096309886e-01 4.956495649564956474e-01
7.977797779777977549e-01 6.522652265226522861e-01 5.037503750375037503e-01 8.055805580558055290e-01 6.378637863786378315e-01 5.418541854185418005e-01 7.977797779777977549e-01 6.780678067806780174e-01 5.679567956795679162e-01 7.707770777077708191e-01 6.477647764776477413e-01 5.004500450045004101e-01
7.557755775577558177e-01 5.877587758775877358e-01 4.554455445544554615e-01 7.623762376237623872e-01 6.474647464746474679e-01 4.944494449444944428e-01 7.560756075607560911e-01 6.123612361236123736e-01 4.605460546054605531e-01 7.593759375937594314e-01 5.904590459045904183e-01 4.641464146414641667e-01
7.572757275727572956e-01 5.673567356735673695e-01 4.488448844884488365e-01 7.020702070207021084e-01 5.157515751575157958e-01 3.996399639963996164e-01 7.434743474347434988e-01 5.943594359435943053e-01 4.401440144014401312e-01 7.323732373237323845e-01 5.262526252625262524e-01 4.149414941494149467e-01
7.044704470447045175e-01 5.373537353735373667e-01 3.810381038103810569e-01 7.287728772877287708e-01 5.049504950495049549e-01 4.149414941494149467e-01 7.326732673267326579e-01 5.274527452745274569e-01 4.146414641464146178e-01 7.251725172517251572e-01 5.244524452445245011e-01 4.041404140414041612e-01
6.954695469546954278e-01 4.674467446744674515e-01 3.816381638163816592e-01 6.921692169216921986e-01 5.052505250525052283e-01 3.609360936093609085e-01 7.305730573057305222e-01 5.367536753675367089e-01 4.179417941794179581e-01 6.846684668466846979e-01 5.292529252925292083e-01 3.693369336933693403e-01
7.029702970297029285e-01 5.181518151815182049e-01 3.876387638763876264e-01 6.687668766876687654e-01 4.488448844884488365e-01 3.426342634263426223e-01 6.972697269726972902e-01 5.172517251725172738e-01 3.780378037803780455e-01 6.789678967896789485e-01 4.836483648364836574e-01 3.549354935493549412e-01
6.894689468946895161e-01 5.232523252325232965e-01 3.672367236723672601e-01 6.762676267626762661e-01 4.938493849384938406e-01 3.426342634263426223e-01 6.666666666666666297e-01 5.067506750675067062e-01 3.657365736573657267e-01 6.828682868286828356e-01 5.160516051605160692e-01 3.690369036903690114e-01
6.462646264626462633e-01 4.395439543954395289e-01 3.270327032703270187e-01 6.522652265226522861e-01 4.335433543354335617e-01 3.192319231923192446e-01 6.369636963696370113e-01 4.374437443744374487e-01 3.096309630963096082e-01 6.297629762976297840e-01 4.158415841584158223e-01 3.072307230723072546e-01
6.705670567056705167e-01 4.662466246624662469e-01 3.372337233723372574e-01 6.177617761776177385e-01 4.374437443744374487e-01 3.177317731773177112e-01 6.276627662766276483e-01 4.218421842184218451e-01 2.751275127512751162e-01 6.492649264926492192e-01 4.737473747374737476e-01 3.168316831683168355e-01
6.375637563756375581e-01 4.263426342634263344e-01 2.916291629162916510e-01 6.441644164416441276e-01 4.194419441944194360e-01 3.105310531053105394e-01 6.186618661866186697e-01 4.029402940294029567e-01 2.670267026702670132e-01 6.483648364836483990e-01 4.161416141614161512e-01 2.976297629762976182e-01
6.318631863186318087e-01 3.897389738973897622e-01 2.754275427542754451e-01 6.015601560156015326e-01 3.804380438043804546e-01 2.658265826582658087e-01 5.829582958295829176e-01 3.654365436543654533e-01 2.559255925592558989e-01 5.982598259825983034e-01 3.984398439843984674e-01 2.814281428142814123e-01
5.802580258025802351e-01 3.666366636663666578e-01 2.433243324332433344e-01 5.802580258025802351e-01 3.777377737773777167e-01 2.583258325832583080e-01 6.063606360636063508e-01 3.822382238223822615e-01 2.712271227122712292e-01 6.351635163516351490e-01 4.257425742574257321e-01 3.120312031203120173e-01
5.649564956495649604e-01 3.585358535853585549e-01 2.322232223222322200e-01 6.237623762376237613e-01 3.771377137713771144e-01 2.994299429942994251e-01 5.898589858985898715e-01 3.693369336933693403e-01 2.658265826582658087e-01 5.802580258025802351e-01 3.597359735973597594e-01 2.451245124512451135e-01
5.781578157815782104e-01 3.468346834683468383e-01 2.316231623162316178e-01 5.781578157815782104e-01 3.654365436543654533e-01 2.427242724272427321e-01 6.117611761176117158e-01 3.894389438943894333e-01 2.883288328832883107e-01 5.682568256825683006e-01 3.435343534353435535e-01 2.373237323732373116e-01
5.601560156015601422e-01 3.660366036603660556e-01 2.460246024602460169e-01 5.712571257125712565e-01 3.831383138313831371e-01 2.412241224122412264e-01 5.691569156915691208e-01 3.615361536153615107e-01 2.490249024902490282e-01 5.442544254425442096e-01 3.399339933993399399e-01 2.415241524152415276e-01
5.244524452445245011e-01 3.078307830783078569e-01 2.229222922292229125e-01 5.412541254125412538e-01 3.204320432043204492e-01 2.220222022202220091e-01 5.529552955295529149e-01 3.555355535553555435e-01 2.238223822382238160e-01 5.373537353735373667e-01 3.519351935193519298e-01 2.076207620762076100e-01
5.562556255625562551e-01 3.195319531953195180e-01 2.295229522952295098e-01 5.274527452745274569e-01 2.910291029102910487e-01 2.100210021002100191e-01 5.592559255925592110e-01 3.228322832283228583e-01 2.313231323132313166e-01 5.475547554755475499e-01 3.381338133813381330e-01 2.064206420642064332e-01
5.187518751875187517e-01 3.057305730573057212e-01 1.929192919291929098e-01 5.241524152415241167e-01 3.234323432343234050e-01 2.175217521752175198e-01 5.103510351035103199e-01 3.099309930993099371e-01 2.100210021002100191e-01 4.965496549654965230e-01 3.021302130213021075e-01 2.052205220522052287e-01
5.241524152415241167e-01 3.045304530453045166e-01 2.076207620762076100e-01 4.959495949594959763e-01 3.180318031803180401e-01 2.157215721572157130e-01 5.160516051605160692e-01 3.120312031203120173e-01 2.001200120012001094e-01 5.109510951095109776e-01 2.970297029702970160e-01 1.992199219921992337e-01
4.857485748574857376e-01 2.880288028802880373e-01 1.938193819381938132e-01 4.692469246924692583e-01 2.535253525352535453e-01 1.869186918691869148e-01 5.142514251425142069e-01 3.183318331833183135e-01 1.995199519951995071e-01 4.914491449144914315e-01 2.817281728172817412e-01 1.842184218421842046e-01
5.025502550255025458e-01 2.994299429942994251e-01 1.905190519051905285e-01 5.127512751275127290e-01 2.853285328532853549e-01 2.025202520252025185e-01 5.160516051605160692e-01 3.249324932493249385e-01 2.085208520852085134e-01 5.082508250825082952e-01 2.757275727572757185e-01 2.109210921092109225e-01
4.833483348334833285e-01 2.535253525352535453e-01 1.758175817581758282e-01 4.806480648064806460e-01 2.802280228022802078e-01 1.788178817881788119e-01 4.689468946894689294e-01 2.619261926192619216e-01 1.725172517251725157e-01 4.830483048304830551e-01 2.532253225322532164e-01 1.863186318631863125e-01
4.407440744074407335e-01 2.562256225622562278e-01 1.710171017101710100e-01 4.911491149114911581e-01 2.673267326732673421e-01 1.944194419441944155e-01 4.608460846084608264e-01 2.643264326432643307e-01 1.845184518451845057e-01 4.731473147314731453e-01 2.688268826882688201e-01 1.848184818481848068e-01
4.629462946294629622e-01 2.790279027902790032e-01 1.896189618961896250e-01 4.422442244224422669e-01 2.679267926792679444e-01 1.839183918391839312e-01 4.542454245424542569e-01 2.487248724872487271e-01 1.758175817581758282e-01 4.500450045004500410e-01 2.493249324932493294e-01 1.737173717371737203e-01
4.593459345934593485e-01 2.469246924692469203e-01 1.710171017101710100e-01 4.494449444944494387e-01 2.430243024302430332e-01 1.791179117911791130e-01 4.395439543954395289e-01 2.295229522952295098e-01 1.587158715871587189e-01 4.758475847584758278e-01 2.595259525952595125e-01 1.968196819681968246e-01
4.875487548754875444e-01 2.781278127812781276e-01 1.833183318331833289e-01 4.326432643264326305e-01 2.265226522652265262e-01 1.575157515751575144e-01 4.479447944794479608e-01 2.331233123312331235e-01 1.767176717671767039e-01 4.620462046204620310e-01 2.349234923492349303e-01 1.707170717071707089e-01
4.521452145214521212e-01 2.586258625862586369e-01 1.617161716171617025e-01 4.437443744374437449e-01 2.580258025802580346e-01 1.674167416741674241e-01 4.551455145514551326e-01 2.682268226822682178e-01 1.809180918091809198e-01 4.431443144314431426e-01 2.229222922292229125e-01 1.632163216321632082e-01
4.254425442544254587e-01 2.331233123312331235e-01 1.476147614761476046e-01 4.590459045904590196e-01 2.418241824182418287e-01 1.773177317731773062e-01 4.137413741374137421e-01 2.052205220522052287e-01 1.533153315331533262e-01 4.374437443744374487e-01 2.370237023702370105e-01 1.686168616861686287e-01
4.164416441644164246e-01 2.103210321032103203e-01 1.521152115211521216e-01 4.044404440444044346e-01 2.214221422142214346e-01 1.611161116111611280e-01 4.197419741974197649e-01 2.265226522652265262e-01 1.557155715571557075e-01 4.356435643564356419e-01 2.067206720672067344e-01 1.611161116111611280e-01
4.005400540054005476e-01 2.175217521752175198e-01 1.578157815781578155e-01 4.164416441644164246e-01 2.100210021002100191e-01 1.683168316831683275e-01 4.116411641164116619e-01 2.079207920792079112e-01 1.551155115511551053e-01 4.263426342634263344e-01 2.292229222922292364e-01 1.578157815781578155e-01
3.828382838283828637e-01 1.995199519951995071e-01 1.524152415241524228e-01 4.272427242724272656e-01 2.244224422442244182e-01 1.515151515151515194e-01 3.966396639663966606e-01 1.938193819381938132e-01 1.566156615661566109e-01 4.005400540054005476e-01 2.163216321632163153e-01 1.620162016201620037e-01
3.897389738973897622e-01 1.995199519951995071e-01 1.548154815481548041e-01 3.990399039903990142e-01 1.947194719471947166e-01 1.656165616561656173e-01 4.131413141314131399e-01 2.160216021602160141e-01 1.548154815481548041e-01 3.675367536753675335e-01 1.977197719771977280e-01 1.527152715271527239e-01
3.774377437743774433e-01 1.998199819981998082e-01 1.377137713771377225e-01 4.164416441644164246e-01 2.307230723072307144e-01 1.596159615961596223e-01 3.885388538853885576e-01 2.220222022202220091e-01 1.509150915091509171e-01 3.924392439243924446e-01 1.911191119111911307e-01 1.503150315031503148e-01
3.882388238823882287e-01 2.037203720372037230e-01 1.431143114311431153e-01 3.600360036003600328e-01 1.956195619561956200e-01 1.359135913591359157e-01 3.912391239123912401e-01 2.103210321032103203e-01 1.503150315031503148e-01 3.720372037203720228e-01 1.887188718871887216e-01 1.425142514251425130e-01
3.576357635763576237e-01 1.917191719171917330e-01 1.320132013201320009e-01 3.519351935193519298e-01 1.938193819381938132e-01 1.503150315031503148e-01 3.684368436843684091e-01 2.049204920492049276e-01 1.461146114611461266e-01 4.050405040504050369e-01 2.175217521752175198e-01 1.464146414641464278e-01
3.561356135613561458e-01 1.773177317731773062e-01 1.494149414941494114e-01 3.558355835583558169e-01 1.992199219921992337e-01 1.422142214221422118e-01 3.486348634863486451e-01 1.881188118811881194e-01 1.419141914191419107e-01 3.612361236123612374e-01 1.836183618361836301e-01 1.440144014401440187e-01
3.438343834383438269e-01 2.010201020102010128e-01 1.386138613861386260e-01 3.513351335133513276e-01 1.860186018601860114e-01 1.410141014101410073e-01 3.606360636063606351e-01 1.839183918391839312e-01 1.371137113711371203e-01 3.624362436243624419e-01 2.145214521452145084e-01 1.491149114911491103e-01
3.273327332733273476e-01 1.857185718571857103e-01 1.431143114311431153e-01 3.477347734773477139e-01 1.869186918691869148e-01 1.434143414341434164e-01 3.501350135013501230e-01 1.662166216621662196e-01 1.443144314431443198e-01 3.426342634263426223e-01 1.827182718271827266e-01 1.461146114611461266e-01
3.639363936393639198e-01 1.881188118811881194e-01 1.521152115211521216e-01 3.648364836483648510e-01 1.941194119411941144e-01 1.359135913591359157e-01 3.414341434143414178e-01 1.707170717071707089e-01 1.398139813981398027e-01 3.471347134713471116e-01 1.842184218421842046e-01 1.431143114311431153e-01
3.222322232223222560e-01 1.923192319231923075e-01 1.578157815781578155e-01 3.375337533753375308e-01 1.761176117611761294e-01 1.299129912991299207e-01 3.417341734173417467e-01 1.728172817281728169e-01 1.443144314431443198e-01 3.213321332133213248e-01 1.692169216921692032e-01 1.482148214821482068e-01
3.456345634563456337e-01 1.677167716771677253e-01 1.371137113711371203e-01 3.117311731173117439e-01 1.614161416141614291e-01 1.359135913591359157e-01 3.249324932493249385e-01 1.851185118511851080e-01 1.422142214221422118e-01 3.162316231623162333e-01 1.674167416741674241e-01 1.317131713171316998e-01
3.282328232823282232e-01 1.701170117011701066e-01 1.383138313831383248e-01 3.387338733873387353e-01 1.743174317431743225e-01 1.314131413141314264e-01 3.174317431743174378e-01 1.770177017701770050e-01 1.386138613861386260e-01 3.108310831083108128e-01 1.731173117311731180e-01 1.347134713471347112e-01
3.072307230723072546e-01 1.662166216621662196e-01 1.281128112811281139e-01 3.132313231323132219e-01 1.776177617761776073e-01 1.440144014401440187e-01 3.129312931293129485e-01 1.707170717071707089e-01 1.206120612061206132e-01 3.300330033003300301e-01 1.785178517851785107e-01 1.419141914191419107e-01
3.150315031503150287e-01 1.707170717071707089e-01 1.401140114011401039e-01 3.060306030603060501e-01 1.581158115811581166e-01 1.386138613861386260e-01 3.180318031803180401e-01 1.782178217821782096e-01 1.350135013501350123e-01 3.075307530753075280e-01 1.734173417341734191e-01 1.356135613561356146e-01
3.084308430843084037e-01 1.680168016801680264e-01 1.329132913291329043e-01 3.069306930693069257e-01 1.569156915691569121e-01 1.389138913891389271e-01 3.192319231923192446e-01 1.749174917491749248e-01 1.368136813681368191e-01 2.931293129312931289e-01 1.668166816681668219e-01 1.341134113411341089e-01
3.171317131713171089e-01 1.674167416741674241e-01 1.374137413741374214e-01 2.955295529552955380e-01 1.647164716471647139e-01 1.278127812781278128e-01 2.970297029702970160e-01 1.467146714671467012e-01 1.326132613261326032e-01 3.036303630363036410e-01 1.584158415841584178e-01 1.338133813381338078e-01
3.153315331533153576e-01 1.455145514551455244e-01 1.311131113111311253e-01 3.084308430843084037e-01 1.713171317131713112e-01 1.242124212421242130e-01 3.195319531953195180e-01 1.674167416741674241e-01 1.443144314431443198e-01 3.018301830183018342e-01 1.668166816681668219e-01 1.290129012901290173e-01
3.057305730573057212e-01 1.557155715571557075e-01 1.272127212721272105e-01 2.937293729372937312e-01 1.530153015301530250e-01 1.317131713171316998e-01 2.853285328532853549e-01 1.521152115211521216e-01 1.275127512751275116e-01 3.012301230123012319e-01 1.605160516051605257e-01 1.374137413741374214e-01
3.081308130813081303e-01 1.668166816681668219e-01 1.218121812181218178e-01 2.730273027302730360e-01 1.539153915391539285e-01 1.206120612061206132e-01 2.928292829282928555e-01 1.572157215721572132e-01 1.401140114011401039e-01 2.826282628262826169e-01 1.533153315331533262e-01 1.278127812781278128e-01
2.871287128712871062e-01 1.554155415541554064e-01 1.293129312931293184e-01 2.958295829582958114e-01 1.644164416441644128e-01 1.221122112211221189e-01 2.928292829282928555e-01 1.539153915391539285e-01 1.314131413141314264e-01 2.877287728772877085e-01 1.518151815181518205e-01 1.221122112211221189e-01
2.961296129612961403e-01 1.476147614761476046e-01 1.347134713471347112e-01 2.802280228022802078e-01 1.392139213921392005e-01 1.251125112511251025e-01 3.036303630363036410e-01 1.623162316231623048e-01 1.329132913291329043e-01 3.039303930393039144e-01 1.542154215421542018e-01 1.284128412841284150e-01
2.838283828382838214e-01 1.470147014701470023e-01 1.167116711671167123e-01 2.775277527752775253e-01 1.476147614761476046e-01 1.182118211821182180e-01 2.847284728472847526e-01 1.707170717071707089e-01 1.284128412841284150e-01 2.736273627362736383e-01 1.452145214521452232e-01 1.404140414041404050e-01
2.745274527452745139e-01 1.488148814881488091e-01 1.239123912391239118e-01 2.601260126012601148e-01 1.416141614161416096e-01 1.194119411941194087e-01 2.805280528052805367e-01 1.449144914491449221e-01 1.287128712871287162e-01 2.808280828082808100e-01 1.629162916291629071e-01 1.329132913291329043e-01
2.787278727872787298e-01 1.485148514851485080e-01 1.254125412541254037e-01 2.859285928592859016e-01 1.650165016501650150e-01 1.317131713171316998e-01 2.598259825982598414e-01 1.452145214521452232e-01 1.299129912991299207e-01 2.754275427542754451e-01 1.398139813981398027e-01 1.209120912091209143e-01
2.661266126612661376e-01 1.365136513651365180e-01 1.299129912991299207e-01 2.583258325832583080e-01 1.428142814281428141e-01 1.194119411941194087e-01 2.772277227722772519e-01 1.515151515151515194e-01 1.338133813381338078e-01 2.646264626462646041e-01 1.440144014401440187e-01 1.290129012901290173e-01
2.670267026702670132e-01 1.557155715571557075e-01 1.320132013201320009e-01 2.562256225622562278e-01 1.518151815181518205e-01 1.284128412841284150e-01 2.568256825682568301e-01 1.494149414941494114e-01 1.371137113711371203e-01 2.610261026102610460e-01 1.440144014401440187e-01 1.290129012901290173e-01
2.631263126312631262e-01 1.545154515451545030e-01 1.227122712271227073e-01 2.571257125712571034e-01 1.599159915991599235e-01 1.272127212721272105e-01 2.574257425742574323e-01 1.470147014701470023e-01 1.344134413441344100e-01 2.505250525052505339e-01 1.329132913291329043e-01 1.452145214521452232e-01
2.487248724872487271e-01 1.539153915391539285e-01 1.257125712571257048e-01 2.457245724572457157e-01 1.377137713771377225e-01 1.266126612661266082e-01 2.655265526552655353e-01 1.572157215721572132e-01 1.260126012601260059e-01 2.472247224722472214e-01 1.491149114911491103e-01 1.326132613261326032e-01
2.373237323732373116e-01 1.368136813681368191e-01 1.233123312331233096e-01 2.559255925592558989e-01 1.365136513651365180e-01 1.275127512751275116e-01 2.319231923192319189e-01 1.497149714971497125e-01 1.323132313231323021e-01 2.385238523852385162e-01 1.383138313831383248e-01 1.266126612661266082e-01
2.523252325232523408e-01 1.353135313531353134e-01 1.212121212121212155e-01 2.451245124512451135e-01 1.470147014701470023e-01 1.287128712871287162e-01 2.397239723972397207e-01 1.380138013801380237e-01 1.263126312631263071e-01 2.526252625262526141e-01 1.506150615061506159e-01 1.299129912991299207e-01
2.442244224422442378e-01 1.473147314731473034e-01 1.299129912991299207e-01 2.388238823882388173e-01 1.389138913891389271e-01 1.329132913291329043e-01 2.352235223522352314e-01 1.488148814881488091e-01 1.143114311431143171e-01 2.361236123612361348e-01 1.359135913591359157e-01 1.266126612661266082e-01
2.292229222922292364e-01 1.239123912391239118e-01 1.254125412541254037e-01 2.460246024602460169e-01 1.431143114311431153e-01 1.167116711671167123e-01 2.343234323432343280e-01 1.392139213921392005e-01 1.206120612061206132e-01 2.421242124212421298e-01 1.473147314731473034e-01 1.251125112511251025e-01
2.358235823582358337e-01 1.290129012901290173e-01 1.284128412841284150e-01 2.475247524752475226e-01 1.413141314131413084e-01 1.290129012901290173e-01 2.412241224122412264e-01 1.449144914491449221e-01 1.260126012601260059e-01 2.394239423942394196e-01 1.398139813981398027e-01 1.302130213021302219e-01
2.343234323432343280e-01 1.278127812781278128e-01 1.350135013501350123e-01 2.307230723072307144e-01 1.473147314731473034e-01 1.230123012301230084e-01 2.337233723372337257e-01 1.359135913591359157e-01 1.248124812481248153e-01 2.307230723072307144e-01 1.455145514551455244e-01 1.254125412541254037e-01
2.226222622262226114e-01 1.284128412841284150e-01 1.305130513051305230e-01 2.409240924092409253e-01 1.371137113711371203e-01 1.248124812481248153e-01 2.268226822682268273e-01 1.470147014701470023e-01 1.311131113111311253e-01 2.316231623162316178e-01 1.449144914491449221e-01 1.242124212421242130e-01
2.175217521752175198e-01 1.536153615361536273e-01 1.314131413141314264e-01 2.265226522652265262e-01 1.410141014101410073e-01 1.302130213021302219e-01 2.424242424242424310e-01 1.416141614161416096e-01 1.236123612361236107e-01 2.304230423042304132e-01 1.437143714371437175e-01 1.266126612661266082e-01
2.199219921992199289e-01 1.326132613261326032e-01 1.182118211821182180e-01 2.274227422742274296e-01 1.389138913891389271e-01 1.254125412541254037e-01 2.367236723672367371e-01 1.428142814281428141e-01 1.350135013501350123e-01 2.244224422442244182e-01 1.383138313831383248e-01 1.299129912991299207e-01
2.184218421842184232e-01 1.350135013501350123e-01 1.302130213021302219e-01 2.214221422142214346e-01 1.428142814281428141e-01 1.194119411941194087e-01 2.292229222922292364e-01 1.308130813081308241e-01 1.125112511251125103e-01 2.085208520852085134e-01 1.479147914791479057e-01 1.287128712871287162e-01
2.172217221722172187e-01 1.248124812481248153e-01 1.239123912391239118e-01 2.277227722772277307e-01 1.350135013501350123e-01 1.257125712571257048e-01 2.244224422442244182e-01 1.353135313531353134e-01 1.191119111911191075e-01 2.172217221722172187e-01 1.359135913591359157e-01 1.215121512151215166e-01
2.139213921392139339e-01 1.350135013501350123e-01 1.287128712871287162e-01 2.061206120612061321e-01 1.404140414041404050e-01 1.305130513051305230e-01 2.097209720972097180e-01 1.395139513951395016e-01 1.260126012601260059e-01 2.142214221422142351e-01 1.320132013201320009e-01 1.236123612361236107e-01
2.031203120312031207e-01 1.284128412841284150e-01 1.272127212721272105e-01 1.875187518751875171e-01 1.290129012901290173e-01 1.221122112211221189e-01 2.058205820582058310e-01 1.221122112211221189e-01 1.215121512151215166e-01 2.151215121512151107e-01 1.290129012901290173e-01 1.254125412541254037e-01
2.079207920792079112e-01 1.281128112811281139e-01 1.296129612961296196e-01 2.028202820282028196e-01 1.383138313831383248e-01 1.332133213321332055e-01 2.193219321932193266e-01 1.296129612961296196e-01 1.224122412241224062e-01 2.163216321632163153e-01 1.260126012601260059e-01 1.236123612361236107e-01
2.058205820582058310e-01 1.434143414341434164e-01 1.200120012001200109e-01 2.037203720372037230e-01 1.242124212421242130e-01 1.155115511551155077e-01 2.040204020402040241e-01 1.359135913591359157e-01 1.251125112511251025e-01 2.088208820882088146e-01 1.326132613261326032e-01 1.305130513051305230e-01
2.118211821182118260e-01 1.194119411941194087e-01 1.179117911791179169e-01 1.938193819381938132e-01 1.380138013801380237e-01 1.248124812481248153e-01 1.911191119111911307e-01 1.275127512751275116e-01 1.260126012601260059e-01 1.929192919291929098e-01 1.281128112811281139e-01 1.269126912691269093e-01
2.109210921092109225e-01 1.344134413441344100e-01 1.224122412241224062e-01 1.968196819681968246e-01 1.341134113411341089e-01 1.167116711671167123e-01 2.100210021002100191e-01 1.317131713171316998e-01 1.221122112211221189e-01 2.070207020702070078e-01 1.401140114011401039e-01 1.290129012901290173e-01
1.965196519651965235e-01 1.326132613261326032e-01 1.185118511851185052e-01 1.977197719771977280e-01 1.323132313231323021e-01 1.128112811281128114e-01 2.007200720072007116e-01 1.251125112511251025e-01 1.110111011101110046e-01 1.977197719771977280e-01 1.428142814281428141e-01 1.356135613561356146e-01
2.040204020402040241e-01 1.353135313531353134e-01 1.386138613861386260e-01 2.106210621062106214e-01 1.323132313231323021e-01 1.359135913591359157e-01 1.914191419141914319e-01 1.455145514551455244e-01 1.386138613861386260e-01 1.962196219621962223e-01 1.329132913291329043e-01 1.368136813681368191e-01
2.013201320132013139e-01 1.281128112811281139e-01 1.251125112511251025e-01 1.962196219621962223e-01 1.506150615061506159e-01 1.206120612061206132e-01 2.019201920192019162e-01 1.326132613261326032e-01 1.308130813081308241e-01 2.085208520852085134e-01 1.263126312631263071e-01 1.176117611761176157e-01
1.899189918991899262e-01 1.365136513651365180e-01 1.299129912991299207e-01 2.001200120012001094e-01 1.212121212121212155e-01 1.224122412241224062e-01 1.965196519651965235e-01 1.305130513051305230e-01 1.218121812181218178e-01 2.016201620162016150e-01 1.263126312631263071e-01 1.224122412241224062e-01
2.001200120012001094e-01 1.284128412841284150e-01 1.212121212121212155e-01 1.956195619561956200e-01 1.368136813681368191e-01 1.329132913291329043e-01 2.004200420042004105e-01 1.248124812481248153e-01 1.218121812181218178e-01 1.887188718871887216e-01 1.392139213921392005e-01 1.176117611761176157e-01
1.938193819381938132e-01 1.254125412541254037e-01 1.245124512451245141e-01 1.965196519651965235e-01 1.221122112211221189e-01 1.200120012001200109e-01 1.887188718871887216e-01 1.323132313231323021e-01 1.245124512451245141e-01 1.740174017401740214e-01 1.227122712271227073e-01 1.284128412841284150e-01
1.869186918691869148e-01 1.320132013201320009e-01 1.275127512751275116e-01 1.767176717671767039e-01 1.269126912691269093e-01 1.305130513051305230e-01 1.896189618961896250e-01 1.215121512151215166e-01 1.254125412541254037e-01 1.899189918991899262e-01 1.320132013201320009e-01 1.287128712871287162e-01
1.884188418841884205e-01 1.359135913591359157e-01 1.284128412841284150e-01 1.779177917791779084e-01 1.407140714071407062e-01 1.269126912691269093e-01 1.893189318931893239e-01 1.224122412241224062e-01 1.185118511851185052e-01 1.896189618961896250e-01 1.317131713171316998e-01 1.386138613861386260e-01
1.731173117311731180e-01 1.266126612661266082e-01 1.320132013201320009e-01 1.830183018301830278e-01 1.314131413141314264e-01 1.308130813081308241e-01 1.743174317431743225e-01 1.260126012601260059e-01 1.266126612661266082e-01 1.914191419141914319e-01 1.281128112811281139e-01 1.236123612361236107e-01
1.818181818181818232e-01 1.245124512451245141e-01 1.248124812481248153e-01 1.797179717971797153e-01 1.263126312631263071e-01 1.206120612061206132e-01 1.959195919591959212e-01 1.365136513651365180e-01 1.254125412541254037e-01 2.016201620162016150e-01 1.356135613561356146e-01 1.266126612661266082e-01
1.749174917491749248e-01 1.335133513351335066e-01 1.242124212421242130e-01 1.839183918391839312e-01 1.338133813381338078e-01 1.284128412841284150e-01 1.926192619261926087e-01 1.446144614461446209e-01 1.320132013201320009e-01 1.800180018001800164e-01 1.239123912391239118e-01 1.323132313231323021e-01
1.956195619561956200e-01 1.314131413141314264e-01 1.185118511851185052e-01 1.803180318031803175e-01 1.278127812781278128e-01 1.323132313231323021e-01 1.905190519051905285e-01 1.389138913891389271e-01 1.296129612961296196e-01 1.869186918691869148e-01 1.362136213621362169e-01 1.257125712571257048e-01
1.785178517851785107e-01 1.260126012601260059e-01 1.134113411341134137e-01 1.824182418241824255e-01 1.260126012601260059e-01 1.221122112211221189e-01 1.827182718271827266e-01 1.308130813081308241e-01 1.239123912391239118e-01 1.824182418241824255e-01 1.305130513051305230e-01 1.263126312631263071e-01
1.701170117011701066e-01 1.263126312631263071e-01 1.188118811881188064e-01 1.842184218421842046e-01 1.290129012901290173e-01 1.290129012901290173e-01 1.839183918391839312e-01 1.245124512451245141e-01 1.374137413741374214e-01 1.893189318931893239e-01 1.281128112811281139e-01 1.275127512751275116e-01
1.698169816981698055e-01 1.323132313231323021e-01 1.155115511551155077e-01 1.821182118211821244e-01 1.299129912991299207e-01 1.332133213321332055e-01 1.794179417941794141e-01 1.221122112211221189e-01 1.188118811881188064e-01 1.776177617761776073e-01 1.194119411941194087e-01 1.281128112811281139e-01
1.740174017401740214e-01 1.251125112511251025e-01 1.296129612961296196e-01 1.734173417341734191e-01 1.224122412241224062e-01 1.380138013801380237e-01 1.761176117611761294e-01 1.338133813381338078e-01 1.293129312931293184e-01 1.788178817881788119e-01 1.335133513351335066e-01 1.341134113411341089e-01
1.812181218121812210e-01 1.218121812181218178e-01 1.248124812481248153e-01 1.698169816981698055e-01 1.242124212421242130e-01 1.314131413141314264e-01 1.713171317131713112e-01 1.212121212121212155e-01 1.218121812181218178e-01 1.614161416141614291e-01 1.248124812481248153e-01 1.116111611161116068e-01
1.821182118211821244e-01 1.227122712271227073e-01 1.227122712271227073e-01 1.731173117311731180e-01 1.119111911191119080e-01 1.203120312031203121e-01 1.596159615961596223e-01 1.302130213021302219e-01 1.269126912691269093e-01 1.725172517251725157e-01 1.125112511251125103e-01 1.176117611761176157e-01
1.743174317431743225e-01 1.299129912991299207e-01 1.284128412841284150e-01 1.719171917191719134e-01 1.293129312931293184e-01 1.245124512451245141e-01 1.638163816381638105e-01 1.227122712271227073e-01 1.209120912091209143e-01 1.602160216021602246e-01 1.323132313231323021e-01 1.206120612061206132e-01
1.605160516051605257e-01 1.278127812781278128e-01 1.152115211521152066e-01 1.743174317431743225e-01 1.371137113711371203e-01 1.215121512151215166e-01 1.737173717371737203e-01 1.290129012901290173e-01 1.152115211521152066e-01 1.602160216021602246e-01 1.293129312931293184e-01 1.329132913291329043e-01
1.731173117311731180e-01 1.332133213321332055e-01 1.221122112211221189e-01 1.701170117011701066e-01 1.296129612961296196e-01 1.308130813081308241e-01 1.572157215721572132e-01 1.260126012601260059e-01 1.242124212421242130e-01 1.629162916291629071e-01 1.311131113111311253e-01 1.212121212121212155e-01
1.737173717371737203e-01 1.311131113111311253e-01 1.242124212421242130e-01 1.746174617461746237e-01 1.200120012001200109e-01 1.281128112811281139e-01 1.845184518451845057e-01 1.215121512151215166e-01 1.176117611761176157e-01 1.626162616261626059e-01 1.269126912691269093e-01 1.173117311731173146e-01
1.653165316531653162e-01 1.341134113411341089e-01 1.176117611761176157e-01 1.725172517251725157e-01 1.284128412841284150e-01 1.194119411941194087e-01 1.551155115511551053e-01 1.308130813081308241e-01 1.320132013201320009e-01 1.767176717671767039e-01 1.380138013801380237e-01 1.278127812781278128e-01
1.659165916591659184e-01 1.218121812181218178e-01 1.245124512451245141e-01 1.677167716771677253e-01 1.200120012001200109e-01 1.305130513051305230e-01 1.719171917191719134e-01 1.290129012901290173e-01 1.257125712571257048e-01 1.695169516951695043e-01 1.149114911491149055e-01 1.272127212721272105e-01
1.641164116411641116e-01 1.251125112511251025e-01 1.164116411641164112e-01 1.650165016501650150e-01 1.200120012001200109e-01 1.146114611461146182e-01 1.659165916591659184e-01 1.326132613261326032e-01 1.320132013201320009e-01 1.611161116111611280e-01 1.230123012301230084e-01 1.188118811881188064e-01
1.611161116111611280e-01 1.206120612061206132e-01 1.206120612061206132e-01 1.647164716471647139e-01 1.272127212721272105e-01 1.188118811881188064e-01 1.680168016801680264e-01 1.368136813681368191e-01 1.176117611761176157e-01 1.707170717071707089e-01 1.230123012301230084e-01 1.179117911791179169e-01
1.599159915991599235e-01 1.386138613861386260e-01 1.209120912091209143e-01 1.569156915691569121e-01 1.245124512451245141e-01 1.287128712871287162e-01 1.650165016501650150e-01 1.257125712571257048e-01 1.281128112811281139e-01 1.638163816381638105e-01 1.320132013201320009e-01 1.194119411941194087e-01
1.494149414941494114e-01 1.260126012601260059e-01 1.233123312331233096e-01 1.653165316531653162e-01 1.365136513651365180e-01 1.251125112511251025e-01 1.635163516351635093e-01 1.224122412241224062e-01 1.329132913291329043e-01 1.584158415841584178e-01 1.431143114311431153e-01 1.278127812781278128e-01
1.587158715871587189e-01 1.251125112511251025e-01 1.272127212721272105e-01 1.557155715571557075e-01 1.275127512751275116e-01 1.212121212121212155e-01 1.644164416441644128e-01 1.254125412541254037e-01 1.299129912991299207e-01 1.638163816381638105e-01 1.299129912991299207e-01 1.323132313231323021e-01
1.557155715571557075e-01 1.176117611761176157e-01 1.155115511551155077e-01 1.710171017101710100e-01 1.275127512751275116e-01 1.146114611461146182e-01 1.482148214821482068e-01 1.260126012601260059e-01 1.257125712571257048e-01 1.632163216321632082e-01 1.215121512151215166e-01 1.227122712271227073e-01
