1.006900690069005844e+00 9.945994599459937469e-01 9.987998799879993506e-01 9.855985598559845462e-01
9.609960996099597974e-01 9.948994899489943533e-01 1.003600360036002392e+00 1.007800780078006886e+00
9.624962496249611643e-01 1.044104410441043074e+00 9.921992199219920039e-01 9.489948994899489731e-01
1.066906690669066515e+00 1.057905790579057648e+00 9.429942994299420622e-01 1.067506750675067950e+00
9.744974497449748752e-01 9.885988598859881682e-01 9.873987398739870747e-01 1.027602760276026927e+00
9.750975097509736456e-01 1.000300030003000051e+00 9.852985298529843838e-01 1.069006900690067985e+00
1.064506450645064772e+00 1.054005400540053872e+00 9.969996999699964890e-01 9.516951695169512115e-01
1.082208220822081346e+00 9.930993099309929351e-01 1.044704470447044287e+00 1.028802880288027799e+00
9.987998799879982403e-01 1.005400540054004921e+00 8.940894089408931711e-01 8.997899789978988094e-01
9.717971797179713045e-01 9.564956495649552526e-01 1.104110411041103967e+00 9.150915091509147503e-01
9.402940294029384916e-01 1.045004500450044782e+00 9.270927092709262407e-01 8.694869486948699766e-01
9.594959495949600958e-01 8.391839183918385903e-01 8.916891689168910951e-01 9.708970897089715946e-01
1.018601860186018726e+00 9.585958595859587206e-01 8.874887488748878228e-01 1.033303330333034120e+00
8.823882388238820651e-01 1.086408640864086061e+00 1.030303030303030498e+00 1.006300630063005741e+00
1.065706570657065422e+00 9.216921692169215419e-01 9.993999399939994532e-01 8.355835583558345325e-01
9.420942094209420192e-01 1.002400240024002631e+00 9.180918091809182613e-01 9.408940894089412588e-01
8.658865886588659189e-01 8.898889888988900099e-01 8.454845484548459966e-01 8.694869486948696435e-01
9.471947194719478880e-01 9.753975397539756953e-01 9.081908190819084625e-01 9.489948994899488621e-01
9.501950195019502887e-01 8.586858685868589136e-01 8.925892589258929144e-01 8.433843384338430837e-01
9.252925292529259327e-01 9.846984698469847253e-01 9.141914191419147073e-01 9.942994299429942506e-01
1.001800180018001640e+00 9.291929192919291536e-01 9.084908490849091800e-01 8.808880888088809202e-01
8.841884188418842605e-01 8.658865886588661409e-01 9.435943594359439413e-01 9.402940294029413781e-01
8.514851485148516863e-01 1.039303930393040032e+00 9.273927392739278464e-01 9.066906690669066515e-01
9.255925592559260950e-01 8.808880888088811423e-01 9.552955295529553803e-01 9.114911491149123579e-01
8.283828382838280824e-01 8.055805580558057510e-01 8.718871887188722747e-01 8.544854485448548642e-01
8.727872787278729838e-01 8.844884488448852000e-01 8.160816081608162076e-01 7.638763876387645313e-01
9.396939693969406093e-01 9.192919291929196879e-01 9.405940594059412074e-01 8.346834683468349336e-01
8.319831983198318071e-01 8.196819681968195992e-01 8.112811281128115004e-01 7.884788478847887250e-01
8.664866486648672428e-01 7.494749474947499657e-01 8.121812181218129867e-01 8.409840984098418959e-01
7.869786978697878022e-01 8.340834083408350530e-01 7.872787278727869653e-01 8.133813381338143023e-01
7.998799879988010009e-01 8.847884788478856954e-01 7.818781878187817114e-01 9.084908490849096241e-01
8.652865286528658162e-01 7.800780078007808482e-01 7.935793579357942606e-01 8.757875787578764948e-01
7.245724572457249435e-01 8.658865886588664740e-01 7.740774077407746034e-01 7.977797779777984211e-01
7.413741374137419182e-01 7.068706870687073707e-01 7.923792379237929451e-01 7.758775877587766878e-01
8.082808280828090997e-01 7.983798379837991899e-01 7.887788778877895535e-01 8.457845784578466031e-01
8.115811581158122179e-01 7.758775877587767988e-01 8.211821182118216322e-01 8.520852085208530102e-01
7.422742274227422943e-01 7.245724572457249435e-01 7.416741674167418585e-01 8.238823882388248698e-01
7.245724572457251655e-01 8.289828982898295173e-01 7.788778877887790886e-01 7.698769876987703320e-01
7.704770477047707677e-01 7.101710171017103779e-01 7.353735373537356734e-01 8.478847884788491829e-01
7.068706870687079258e-01 7.875787578757884599e-01 7.662766276627668294e-01 7.491749174917498033e-01
7.023702370237030479e-01 7.599759975997605332e-01 7.650765076507656248e-01 7.146714671467153668e-01
7.254725472547264298e-01 7.785778577857793703e-01 7.461746174617466254e-01 6.621662166216626400e-01
6.705670567056714049e-01 7.167716771677171694e-01 6.504650465046513119e-01 7.542754275427551169e-01
6.966696669666970765e-01 6.291629162916297924e-01 6.930693069306936849e-01 6.924692469246928050e-01
6.297629762976298951e-01 6.246624662466249145e-01 6.366636663666374041e-01 7.089708970897093954e-01
6.858685868586871237e-01 6.120612061206122112e-01 6.234623462346241540e-01 6.768676867686773679e-01
5.670567056705673181e-01 6.369636963696374554e-01 6.672667266726677315e-01 5.928592859285928274e-01
5.679567956795684713e-01 6.258625862586262301e-01 6.960696069606968628e-01 6.258625862586264521e-01
6.795679567956798284e-01 6.480648064806484587e-01 6.519651965196524568e-01 6.318631863186320308e-01
5.475547554755479940e-01 6.141614161416149020e-01 6.510651065106519697e-01 6.045604560456051546e-01
6.708670867086715672e-01 5.868586858685876928e-01 5.616561656165621752e-01 5.781578157815787655e-01
6.126612661266133131e-01 6.246624662466250255e-01 5.598559855985604239e-01 5.478547854785483784e-01
5.511551155115517187e-01 5.508550855085514453e-01 5.472547254725478316e-01 5.964596459645971072e-01
5.730573057305734519e-01 5.823582358235825929e-01 5.544554455445548369e-01 5.379537953795382466e-01
5.541554155415544525e-01 5.889588958895891624e-01 5.697569756975704447e-01 5.130513051305133354e-01
5.865586558655869753e-01 5.202520252025206737e-01 5.835583558355841305e-01 5.694569456945698382e-01
6.405640564056415132e-01 5.355535553555356154e-01 6.006600660066012676e-01 5.340534053405342485e-01
5.772577257725779454e-01 5.538553855385541791e-01 5.271527152715274056e-01 5.595559555955599285e-01
5.457545754575462427e-01 4.779477947794782411e-01 5.469546954695476693e-01 5.157515751575162399e-01
5.244524452445248341e-01 5.163516351635163426e-01 5.481548154815487628e-01 5.298529852985304212e-01
5.802580258025811233e-01 5.481548154815486518e-01 5.568556855685574680e-01 5.775577557755779967e-01
5.271527152715276276e-01 5.079507950795084659e-01 4.704470447044707404e-01 5.256525652565262607e-01
5.010501050105015119e-01 4.749474947494752297e-01 5.355535553555360595e-01 4.866486648664869463e-01
5.160516051605168464e-01 4.944494449444947759e-01 4.737473747374743027e-01 5.277527752775283965e-01
5.187518751875195289e-01 4.659465946594660846e-01 5.109510951095117548e-01 4.908490849084915508e-01
4.659465946594663066e-01 4.416441644164419977e-01 4.593459345934599036e-01 4.800480048004804878e-01
4.485448544854487851e-01 4.188418841884190003e-01 4.656465646564661442e-01 4.980498049804987226e-01
4.101410141014104060e-01 4.506450645064509208e-01 4.509450945094509722e-01 4.269426942694272697e-01
4.248424842484251340e-01 4.857485748574864037e-01 3.789378937893790877e-01 4.272427242724274321e-01
4.722472247224726583e-01 4.230423042304236048e-01 4.314431443144316480e-01 4.359435943594361373e-01
4.206420642064211401e-01 4.326432643264328526e-01 3.735373537353738338e-01 4.272427242724274321e-01
4.413441344134417244e-01 4.254425442544256808e-01 4.059405940594061346e-01 4.095409540954098593e-01
4.488448844884492805e-01 4.476447644764480205e-01 4.149414941494153353e-01 4.290429042904292944e-01
4.545454545454549744e-01 3.732373237323735049e-01 4.182418241824186200e-01 3.810381038103813900e-01
4.131413141314136950e-01 4.362436243624367438e-01 3.705370537053710445e-01 3.843384338433845082e-01
3.231323132313231872e-01 3.867386738673873614e-01 4.260426042604263941e-01 3.867386738673869173e-01
3.801380138013804033e-01 3.909390939093912443e-01 4.167416741674171976e-01 3.882388238823886728e-01
3.804380438043807877e-01 3.552355235523553256e-01 4.077407740774079414e-01 3.105310531053106504e-01
4.011401140114015385e-01 4.038403840384041099e-01 3.864386438643867550e-01 3.654365436543656753e-01
3.654365436543659529e-01 3.276327632763277875e-01 3.366336633663369327e-01 3.702370237023703270e-01
3.513351335133516051e-01 2.976297629762977848e-01 3.726372637263730692e-01 3.837383738373841835e-01
3.690369036903695665e-01 3.267326732673269118e-01 3.915391539153919576e-01 3.945394539453950244e-01
3.072307230723073102e-01 3.540354035403541766e-01 3.294329432943296498e-01 3.591359135913594347e-01
3.951395139513954602e-01 2.922292229222923643e-01 3.168316831683171686e-01 3.213321332133214914e-01
3.519351935193523184e-01 3.048304830483051231e-01 3.570357035703572435e-01 3.297329732973300342e-01
3.102310231023105436e-01 3.090309030903092280e-01 3.378337833783379707e-01 3.003300330033006338e-01
3.447344734473450356e-01 3.708370837083712623e-01 2.763276327632763762e-01 3.267326732673270229e-01
3.447344734473452021e-01 2.574257425742575434e-01 3.387338733873390684e-01 3.642364236423645263e-01
2.901290129012904506e-01 3.591359135913595457e-01 3.198319831983199024e-01 3.483348334833484827e-01
3.363336333633364927e-01 3.093309330933096124e-01 3.486348634863490337e-01 2.661266126612662486e-01
3.297329732973299787e-01 3.432343234323437242e-01 2.937293729372940088e-01 2.823282328232824545e-01
2.922292229222923643e-01 2.799279927992799899e-01 3.297329732973301453e-01 3.024302430243026585e-01
2.859285928592861792e-01 2.385238523852385162e-01 3.192319231923193557e-01 3.123312331233124017e-01
2.715271527152717801e-01 2.856285628562859058e-01 2.715271527152717801e-01 3.135313531353137173e-01
2.967296729672968536e-01 2.808280828082811431e-01 3.036303630363038075e-01 3.246324632463247761e-01
2.484248424842483982e-01 2.787278727872788964e-01 2.760276027602761029e-01 3.006300630063008517e-01
3.111311131113112527e-01 2.898289828982900107e-01 2.844284428442846457e-01 2.778277827782779097e-01
2.709270927092710668e-01 2.913291329132914331e-01 2.796279627962797165e-01 2.820282028202820701e-01
2.502250225022501495e-01 2.946294629462946069e-01 3.156315631563158530e-01 3.111311131113113082e-01
2.280228022802278653e-01 2.898289828982900107e-01 2.907290729072908864e-01 3.027302730273029319e-01
2.763276327632764318e-01 2.910291029102913263e-01 2.562256225622563943e-01 2.700270027002703577e-01
3.030303030303033718e-01 2.682268226822682733e-01 2.721272127212722158e-01 2.214221422142214901e-01
3.009300930093010140e-01 3.039303930393043585e-01 2.151215121512150552e-01 2.976297629762979513e-01
2.616261626162617038e-01 2.523252325232525073e-01 2.442244224422443488e-01 2.043204320432042975e-01
2.133213321332134982e-01 2.331233123312332345e-01 2.493249324932494959e-01 2.256225622562255395e-01
2.418241824182419952e-01 2.523252325232521742e-01 2.178217821782177377e-01 2.166216621662165609e-01
2.520252025202521229e-01 2.919291929192924240e-01 3.066306630663066524e-01 2.244224422442246403e-01
2.112211221122111959e-01 2.517251725172518495e-01 2.049204920492050663e-01 2.439243924392440199e-01
2.568256825682569966e-01 2.736273627362739158e-01 2.544254425442542544e-01 2.910291029102910487e-01
2.334233423342335634e-01 2.496249624962497971e-01 2.319231923192319744e-01 2.331233123312333733e-01
2.421242124212421853e-01 2.313231323132313999e-01 2.112211221122111127e-01 2.610261026102611570e-01
1.848184818481846403e-01 2.259225922592259239e-01 2.460246024602461001e-01 2.148214821482148096e-01
1.935193519351937896e-01 2.115211521152116358e-01 2.562256225622564498e-01 1.737173717371735260e-01
2.280228022802280596e-01 2.058205820582057477e-01 2.469246924692469203e-01 2.340234023402341101e-01
2.298229822982299220e-01 2.451245124512451690e-01 1.923192319231922798e-01 2.478247824782480180e-01
