1.400000000000000000e+01 1.400000000000000000e+01 1.200000000000000000e+01 1.200000000000000000e+01
3.600000000000000000e+01 3.800000000000000000e+01 4.000000000000000000e+01 4.000000000000000000e+01
6.600000000000000000e+01 6.200000000000000000e+01 6.400000000000000000e+01 6.400000000000000000e+01
9.200000000000000000e+01 8.800000000000000000e+01 9.000000000000000000e+01 9.200000000000000000e+01
1.160000000000000000e+02 1.080000000000000000e+02 1.200000000000000000e+02 1.120000000000000000e+02
1.340000000000000000e+02 1.320000000000000000e+02 1.460000000000000000e+02 1.440000000000000000e+02
1.680000000000000000e+02 1.640000000000000000e+02 1.620000000000000000e+02 1.620000000000000000e+02
1.960000000000000000e+02 1.960000000000000000e+02 1.920000000000000000e+02 1.880000000000000000e+02
2.160000000000000000e+02 2.260000000000000000e+02 2.160000000000000000e+02 2.080000000000000000e+02
2.480000000000000000e+02 2.380000000000000000e+02 2.400000000000000000e+02 2.280000000000000000e+02
2.680000000000000000e+02 2.680000000000000000e+02 2.700000000000000000e+02 2.660000000000000000e+02
2.860000000000000000e+02 3.040000000000000000e+02 2.800000000000000000e+02 2.960000000000000000e+02
3.160000000000000000e+02 3.220000000000000000e+02 3.120000000000000000e+02 3.180000000000000000e+02
3.360000000000000000e+02 3.440000000000000000e+02 3.360000000000000000e+02 3.480000000000000000e+02
3.780000000000000000e+02 3.720000000000000000e+02 3.560000000000000000e+02 3.660000000000000000e+02
3.920000000000000000e+02 4.020000000000000000e+02 3.880000000000000000e+02 3.860000000000000000e+02
4.280000000000000000e+02 4.160000000000000000e+02 4.200000000000000000e+02 4.300000000000000000e+02
4.520000000000000000e+02 4.460000000000000000e+02 4.420000000000000000e+02 4.340000000000000000e+02
4.740000000000000000e+02 4.680000000000000000e+02 4.680000000000000000e+02 4.740000000000000000e+02
5.000000000000000000e+02 5.040000000000000000e+02 4.900000000000000000e+02 5.000000000000000000e+02
5.360000000000000000e+02 5.080000000000000000e+02 5.180000000000000000e+02 5.220000000000000000e+02
5.520000000000000000e+02 5.420000000000000000e+02 5.560000000000000000e+02 5.500000000000000000e+02
5.660000000000000000e+02 5.740000000000000000e+02 5.820000000000000000e+02 5.780000000000000000e+02
6.080000000000000000e+02 6.000000000000000000e+02 5.880000000000000000e+02 6.000000000000000000e+02
6.300000000000000000e+02 6.300000000000000000e+02 6.260000000000000000e+02 6.240000000000000000e+02
6.400000000000000000e+02 6.520000000000000000e+02 6.580000000000000000e+02 6.600000000000000000e+02
6.660000000000000000e+02 6.640000000000000000e+02 6.700000000000000000e+02 6.680000000000000000e+02
6.880000000000000000e+02 6.980000000000000000e+02 6.960000000000000000e+02 7.040000000000000000e+02
7.100000000000000000e+02 7.280000000000000000e+02 7.360000000000000000e+02 7.200000000000000000e+02
7.500000000000000000e+02 7.540000000000000000e+02 7.440000000000000000e+02 7.480000000000000000e+02
7.780000000000000000e+02 7.680000000000000000e+02 7.700000000000000000e+02 7.840000000000000000e+02
7.960000000000000000e+02 8.060000000000000000e+02 8.080000000000000000e+02 8.080000000000000000e+02
8.340000000000000000e+02 8.220000000000000000e+02 8.040000000000000000e+02 8.280000000000000000e+02
8.500000000000000000e+02 8.520000000000000000e+02 8.440000000000000000e+02 8.500000000000000000e+02
8.720000000000000000e+02 8.700000000000000000e+02 8.780000000000000000e+02 8.560000000000000000e+02
8.940000000000000000e+02 9.020000000000000000e+02 8.980000000000000000e+02 9.000000000000000000e+02
9.360000000000000000e+02 9.340000000000000000e+02 9.380000000000000000e+02 9.200000000000000000e+02
9.400000000000000000e+02 9.440000000000000000e+02 9.580000000000000000e+02 9.440000000000000000e+02
9.800000000000000000e+02 9.800000000000000000e+02 9.620000000000000000e+02 9.980000000000000000e+02
1.012000000000000000e+03 1.000000000000000000e+03 1.006000000000000000e+03 1.004000000000000000e+03
