8.978000000000000425e-01 8.950000000000000178e-01 9.052000000000000046e-01 8.953999999999999737e-01
7.803999999999999826e-01 7.657000000000000473e-01 7.596000000000000529e-01 7.893999999999999906e-01
6.763000000000000123e-01 7.036000000000000032e-01 6.933000000000000274e-01 6.834000000000000075e-01
5.704000000000000181e-01 6.087000000000000188e-01 5.923000000000000487e-01 5.580000000000000515e-01
5.218000000000000416e-01 5.385999999999999677e-01 4.789999999999999813e-01 4.915999999999999814e-01
4.529000000000000248e-01 4.260999999999999788e-01 4.435999999999999943e-01 4.073999999999999844e-01
3.527000000000000135e-01 3.856999999999999873e-01 3.572000000000000175e-01 3.643000000000000127e-01
2.969999999999999862e-01 2.892000000000000126e-01 3.294000000000000261e-01 3.494999999999999774e-01
2.912000000000000144e-01 2.464999999999999969e-01 2.785000000000000253e-01 2.940999999999999726e-01
2.366999999999999937e-01 2.189000000000000112e-01 2.599000000000000199e-01 2.516999999999999793e-01
2.001999999999999891e-01 1.796000000000000096e-01 1.981999999999999873e-01 2.005000000000000115e-01
1.758000000000000118e-01 1.723000000000000087e-01 1.688000000000000056e-01 1.509000000000000064e-01
1.547999999999999932e-01 1.428000000000000103e-01 1.537000000000000033e-01 1.443000000000000116e-01
1.262000000000000066e-01 1.146999999999999964e-01 1.264000000000000123e-01 1.413000000000000089e-01
1.082999999999999935e-01 1.165999999999999953e-01 1.057000000000000023e-01 1.105000000000000010e-01
9.339999999999999691e-02 8.799999999999999489e-02 1.048999999999999932e-01 9.790000000000000091e-02
7.380000000000000449e-02 7.829999999999999460e-02 7.739999999999999658e-02 6.959999999999999520e-02
6.640000000000000069e-02 6.460000000000000464e-02 6.130000000000000032e-02 7.580000000000000626e-02
6.019999999999999657e-02 5.519999999999999907e-02 5.199999999999999761e-02 5.689999999999999919e-02
5.090000000000000080e-02 4.080000000000000293e-02 5.729999999999999677e-02 4.669999999999999846e-02
3.629999999999999893e-02 4.100000000000000172e-02 4.080000000000000293e-02 3.479999999999999760e-02
3.099999999999999978e-02 3.070000000000000159e-02 2.840000000000000163e-02 3.239999999999999825e-02
3.930000000000000160e-02 3.230000000000000232e-02 2.829999999999999877e-02 3.109999999999999917e-02
2.280000000000000082e-02 2.040000000000000147e-02 2.850000000000000103e-02 1.899999999999999953e-02
2.610000000000000167e-02 1.810000000000000150e-02 2.290000000000000022e-02 2.000000000000000042e-02
1.770000000000000046e-02 1.669999999999999957e-02 2.050000000000000086e-02 1.810000000000000150e-02
2.060000000000000026e-02 1.640000000000000138e-02 1.770000000000000046e-02 1.529999999999999936e-02
1.069999999999999944e-02 9.700000000000000289e-03 1.220000000000000077e-02 1.480000000000000066e-02
1.080000000000000057e-02 1.349999999999999985e-02 1.140000000000000041e-02 9.299999999999999239e-03
1.060000000000000005e-02 8.300000000000000086e-03 8.300000000000000086e-03 9.700000000000000289e-03
6.300000000000000044e-03 6.700000000000000226e-03 8.899999999999999925e-03 7.799999999999999642e-03
5.799999999999999600e-03 7.900000000000000772e-03 6.100000000000000387e-03 6.499999999999999702e-03
4.599999999999999922e-03 6.000000000000000125e-03 5.799999999999999600e-03 4.899999999999999842e-03
7.000000000000000146e-03 5.400000000000000286e-03 4.499999999999999660e-03 7.799999999999999642e-03
4.400000000000000265e-03 4.499999999999999660e-03 4.100000000000000346e-03 4.499999999999999660e-03
3.399999999999999811e-03 4.000000000000000083e-03 2.500000000000000052e-03 4.499999999999999660e-03
3.200000000000000153e-03 1.799999999999999951e-03 3.799999999999999992e-03 4.100000000000000346e-03
2.099999999999999870e-03 3.599999999999999901e-03 3.700000000000000164e-03 2.099999999999999870e-03
1.600000000000000077e-03 2.799999999999999972e-03 3.099999999999999891e-03 2.000000000000000042e-03
2.000000000000000042e-03 1.899999999999999996e-03 2.099999999999999870e-03 1.699999999999999905e-03
