8.886888688868886943e-01 8.415841584158415545e-01 7.797779777977797977e-01 8.871887188718872164e-01 8.211821182118211881e-01 7.689768976897689567e-01 9.156915691569157412e-01 8.682868286828683280e-01 8.079807980798079381e-01 8.991899189918991508e-01 8.274827482748274843e-01 7.683768376837684100e-01
7.851785178517851627e-01 6.621662166216621959e-01 5.235523552355235699e-01 7.689768976897689567e-01 6.402640264026402406e-01 4.947494749474947717e-01 7.602760276027602515e-01 5.784578457845784838e-01 4.866486648664866688e-01 7.947794779477947991e-01 6.783678367836784018e-01 5.256525652565257056e-01
6.801680168016801531e-01 4.908490849084908292e-01 3.354335433543354505e-01 6.981698169816982213e-01 4.965496549654965230e-01 3.513351335133513276e-01 6.930693069306930187e-01 4.950495049504950451e-01 3.513351335133513276e-01 6.837683768376837667e-01 5.061506150615061594e-01 3.414341434143414178e-01
5.646564656465646870e-01 3.327332733273327126e-01 2.115211521152115248e-01 6.018601860186018060e-01 3.654365436543654533e-01 2.229222922292229125e-01 5.976597659765976456e-01 3.606360636063606351e-01 2.250225022502250205e-01 5.511551155115511635e-01 3.186318631863186424e-01 1.923192319231923075e-01
5.250525052505250478e-01 2.799279927992799344e-01 1.536153615361536273e-01 5.400540054005400492e-01 3.216321632163216537e-01 1.740174017401740214e-01 4.635463546354635644e-01 2.469246924692469203e-01 1.206120612061206132e-01 4.920492049204920337e-01 2.811281128112811389e-01 1.299129912991299207e-01
4.569456945694569394e-01 2.127212721272127294e-01 9.270927092709270456e-02 4.224422442244224474e-01 1.953195319531953189e-01 9.330933093309330684e-02 4.368436843684368465e-01 1.968196819681968246e-01 9.810981098109811116e-02 4.035403540354035590e-01 1.890189018901890228e-01 8.220822082208220638e-02
3.396339633963396110e-01 1.077107710771077059e-01 4.560456045604560638e-02 3.783378337833783189e-01 1.491149114911491103e-01 6.360636063606360524e-02 3.597359735973597594e-01 1.302130213021302219e-01 5.370537053705370240e-02 3.621362136213621130e-01 1.407140714071407062e-01 6.480648064806480979e-02
2.949294929492949358e-01 9.900990099009901457e-02 3.570357035703570353e-02 2.913291329132913221e-01 9.030903090309030934e-02 3.390339033903390364e-02 3.258325832583258141e-01 9.390939093909390911e-02 4.440444044404440183e-02 3.450345034503450314e-01 1.371137113711371203e-01 4.800480048004800160e-02
2.835283528352835480e-01 8.520852085208520388e-02 2.970297029702970160e-02 2.436243624362436355e-01 5.880588058805880786e-02 2.130213021302130097e-02 2.832283228322832191e-01 8.220822082208220638e-02 2.790279027902790171e-02 2.877287728772877085e-01 9.000900090009000820e-02 2.820282028202820285e-02
2.226222622262226114e-01 5.640564056405640569e-02 2.070207020702070216e-02 2.187218721872187244e-01 5.940594059405940319e-02 1.260126012601260094e-02 2.610261026102610460e-01 6.840684068406840956e-02 2.280228022802280319e-02 2.295229522952295098e-01 7.020702070207020251e-02 1.800180018001800233e-02
1.869186918691869148e-01 4.830483048304830274e-02 1.080108010801080105e-02 1.758175817581758282e-01 3.990399039903990558e-02 5.100510051005100257e-03 1.887188718871887216e-01 3.270327032703270603e-02 1.080108010801080105e-02 1.926192619261926087e-01 4.110411041104110319e-02 9.000900090009001167e-03
1.806180618061806187e-01 3.750375037503750342e-02 1.080108010801080105e-02 1.785178517851785107e-01 3.930393039303930330e-02 1.050105010501050165e-02 1.569156915691569121e-01 3.030303030303030387e-02 4.200420042004200313e-03 1.530153015301530250e-01 2.940294029402940393e-02 5.100510051005100257e-03
1.596159615961596223e-01 2.790279027902790171e-02 5.700570057005700797e-03 1.569156915691569121e-01 3.030303030303030387e-02 6.000600060006000200e-03 1.653165316531653162e-01 2.790279027902790171e-02 5.700570057005700797e-03 1.353135313531353134e-01 2.190219021902190324e-02 1.500150015001500050e-03
1.260126012601260059e-01 1.470147014701470196e-02 2.100210021002100157e-03 1.185118511851185052e-01 1.590159015901590131e-02 1.800180018001800103e-03 1.242124212421242130e-01 1.590159015901590131e-02 3.600360036003600207e-03 1.320132013201320009e-01 2.190219021902190324e-02 3.900390039003900477e-03
1.038103810381038050e-01 9.900990099009901110e-03 3.300330033003300370e-03 1.230123012301230084e-01 1.620162016201620245e-02 2.700270027002700263e-03 1.020102010201020121e-01 1.740174017401740006e-02 3.900390039003900477e-03 1.167116711671167123e-01 1.530153015301530077e-02 1.500150015001500050e-03
1.041104110411041062e-01 1.170117011701170100e-02 1.800180018001800103e-03 9.540954095409541480e-02 1.080108010801080105e-02 6.000600060006001067e-04 1.161116111611161100e-01 1.170117011701170100e-02 2.100210021002100157e-03 9.690969096909690661e-02 9.300930093009300570e-03 2.100210021002100157e-03
7.020702070207020251e-02 5.100510051005100257e-03 9.000900090009000517e-04 8.190819081908190524e-02 8.400840084008400627e-03 6.000600060006001067e-04 7.800780078007800433e-02 7.200720072007200413e-03 9.000900090009000517e-04 6.750675067506750615e-02 7.500750075007500683e-03 9.000900090009000517e-04
6.000600060006000547e-02 5.100510051005100257e-03 6.000600060006001067e-04 6.120612061206120308e-02 3.300330033003300370e-03 0.000000000000000000e+00 6.360636063606360524e-02 3.300330033003300370e-03 0.000000000000000000e+00 7.410741074107410342e-02 5.100510051005100257e-03 9.000900090009000517e-04
6.420642064206420752e-02 4.500450045004500584e-03 3.000300030003000534e-04 6.240624062406240763e-02 5.100510051005100257e-03 9.000900090009000517e-04 5.550555055505550228e-02 2.700270027002700263e-03 3.000300030003000534e-04 5.610561056105610456e-02 2.400240024002400427e-03 6.000600060006001067e-04
4.080408040804080205e-02 3.000300030003000100e-03 3.000300030003000534e-04 3.690369036903690114e-02 3.900390039003900477e-03 3.000300030003000534e-04 5.610561056105610456e-02 4.200420042004200313e-03 9.000900090009000517e-04 4.410441044104410763e-02 2.700270027002700263e-03 3.000300030003000534e-04
3.840384038403840683e-02 1.200120012001200213e-03 0.000000000000000000e+00 3.870387038703870103e-02 1.200120012001200213e-03 0.000000000000000000e+00 4.200420042004200660e-02 9.000900090009000517e-04 0.000000000000000000e+00 3.870387038703870103e-02 9.000900090009000517e-04 0.000000000000000000e+00
3.180318031803180262e-02 3.000300030003000534e-04 0.000000000000000000e+00 3.360336033603360251e-02 2.400240024002400427e-03 0.000000000000000000e+00 2.670267026702670410e-02 1.800180018001800103e-03 0.000000000000000000e+00 3.720372037203720228e-02 1.500150015001500050e-03 0.000000000000000000e+00
3.570357035703570353e-02 5.400540054005400527e-03 6.000600060006001067e-04 3.030303030303030387e-02 1.800180018001800103e-03 0.000000000000000000e+00 2.880288028802880165e-02 1.500150015001500050e-03 0.000000000000000000e+00 3.510351035103510126e-02 9.000900090009000517e-04 0.000000000000000000e+00
2.310231023102310086e-02 3.000300030003000534e-04 0.000000000000000000e+00 1.800180018001800233e-02 9.000900090009000517e-04 3.000300030003000534e-04 3.420342034203420478e-02 2.100210021002100157e-03 3.000300030003000534e-04 2.160216021602160211e-02 6.000600060006001067e-04 3.000300030003000534e-04
2.460246024602460307e-02 6.000600060006001067e-04 0.000000000000000000e+00 2.220222022202220091e-02 3.000300030003000534e-04 0.000000000000000000e+00 2.520252025202520188e-02 9.000900090009000517e-04 0.000000000000000000e+00 1.920192019201920341e-02 9.000900090009000517e-04 3.000300030003000534e-04
2.700270027002700177e-02 6.000600060006001067e-04 0.000000000000000000e+00 2.070207020702070216e-02 9.000900090009000517e-04 0.000000000000000000e+00 2.190219021902190324e-02 6.000600060006001067e-04 0.000000000000000000e+00 1.680168016801680125e-02 3.000300030003000534e-04 0.000000000000000000e+00
2.310231023102310086e-02 9.000900090009000517e-04 3.000300030003000534e-04 1.320132013201320148e-02 3.000300030003000534e-04 0.000000000000000000e+00 1.560156015601560191e-02 1.200120012001200213e-03 0.000000000000000000e+00 1.470147014701470196e-02 0.000000000000000000e+00 0.000000000000000000e+00
9.900990099009901110e-03 6.000600060006001067e-04 0.000000000000000000e+00 9.000900090009001167e-03 0.000000000000000000e+00 0.000000000000000000e+00 1.320132013201320148e-02 0.000000000000000000e+00 0.000000000000000000e+00 1.410141014101410142e-02 3.000300030003000534e-04 0.000000000000000000e+00
1.260126012601260094e-02 6.000600060006001067e-04 0.000000000000000000e+00 1.470147014701470196e-02 9.000900090009000517e-04 3.000300030003000534e-04 1.200120012001200040e-02 3.000300030003000534e-04 0.000000000000000000e+00 9.000900090009001167e-03 0.000000000000000000e+00 0.000000000000000000e+00
1.170117011701170100e-02 0.000000000000000000e+00 0.000000000000000000e+00 9.300930093009300570e-03 3.000300030003000534e-04 0.000000000000000000e+00 1.320132013201320148e-02 3.000300030003000534e-04 3.000300030003000534e-04 7.200720072007200413e-03 0.000000000000000000e+00 0.000000000000000000e+00
9.300930093009300570e-03 0.000000000000000000e+00 0.000000000000000000e+00 7.200720072007200413e-03 0.000000000000000000e+00 0.000000000000000000e+00 1.050105010501050165e-02 0.000000000000000000e+00 0.000000000000000000e+00 7.200720072007200413e-03 0.000000000000000000e+00 0.000000000000000000e+00
6.000600060006000200e-03 0.000000000000000000e+00 0.000000000000000000e+00 6.900690069006901010e-03 0.000000000000000000e+00 0.000000000000000000e+00 7.800780078007800954e-03 0.000000000000000000e+00 3.000300030003000534e-04 4.500450045004500584e-03 0.000000000000000000e+00 0.000000000000000000e+00
7.200720072007200413e-03 6.000600060006001067e-04 0.000000000000000000e+00 9.600960096009601707e-03 0.000000000000000000e+00 3.000300030003000534e-04 7.200720072007200413e-03 0.000000000000000000e+00 0.000000000000000000e+00 4.500450045004500584e-03 0.000000000000000000e+00 0.000000000000000000e+00
7.200720072007200413e-03 0.000000000000000000e+00 0.000000000000000000e+00 4.200420042004200313e-03 0.000000000000000000e+00 0.000000000000000000e+00 3.300330033003300370e-03 3.000300030003000534e-04 0.000000000000000000e+00 4.800480048004800854e-03 0.000000000000000000e+00 3.000300030003000534e-04
3.600360036003600207e-03 0.000000000000000000e+00 0.000000000000000000e+00 4.200420042004200313e-03 0.000000000000000000e+00 0.000000000000000000e+00 4.800480048004800854e-03 0.000000000000000000e+00 0.000000000000000000e+00 6.300630063006300470e-03 0.000000000000000000e+00 0.000000000000000000e+00
2.100210021002100157e-03 0.000000000000000000e+00 0.000000000000000000e+00 4.200420042004200313e-03 0.000000000000000000e+00 0.000000000000000000e+00 3.900390039003900477e-03 0.000000000000000000e+00 0.000000000000000000e+00 6.300630063006300470e-03 0.000000000000000000e+00 0.000000000000000000e+00
3.900390039003900477e-03 3.000300030003000534e-04 0.000000000000000000e+00 1.800180018001800103e-03 0.000000000000000000e+00 0.000000000000000000e+00 1.500150015001500050e-03 0.000000000000000000e+00 0.000000000000000000e+00 4.500450045004500584e-03 3.000300030003000534e-04 0.000000000000000000e+00
3.300330033003300370e-03 0.000000000000000000e+00 0.000000000000000000e+00 1.800180018001800103e-03 3.000300030003000534e-04 0.000000000000000000e+00 4.500450045004500584e-03 3.000300030003000534e-04 0.000000000000000000e+00 3.900390039003900477e-03 0.000000000000000000e+00 0.000000000000000000e+00
2.400240024002400427e-03 0.000000000000000000e+00 0.000000000000000000e+00 6.000600060006001067e-04 0.000000000000000000e+00 0.000000000000000000e+00 2.700270027002700263e-03 0.000000000000000000e+00 0.000000000000000000e+00 1.200120012001200213e-03 0.000000000000000000e+00 0.000000000000000000e+00
9.000900090009000517e-04 0.000000000000000000e+00 0.000000000000000000e+00 1.800180018001800103e-03 3.000300030003000534e-04 0.000000000000000000e+00 2.400240024002400427e-03 0.000000000000000000e+00 0.000000000000000000e+00 1.500150015001500050e-03 0.000000000000000000e+00 0.000000000000000000e+00
