9.700000000000000000e+01 9.100000000000000000e+01 9.900000000000000000e+01 1.050000000000000000e+02
1.990000000000000000e+02 1.970000000000000000e+02 1.750000000000000000e+02 1.830000000000000000e+02
2.510000000000000000e+02 2.650000000000000000e+02 2.650000000000000000e+02 2.650000000000000000e+02
3.310000000000000000e+02 3.290000000000000000e+02 3.410000000000000000e+02 3.230000000000000000e+02
4.170000000000000000e+02 4.350000000000000000e+02 3.830000000000000000e+02 4.350000000000000000e+02
5.150000000000000000e+02 5.130000000000000000e+02 4.690000000000000000e+02 4.770000000000000000e+02
5.530000000000000000e+02 5.710000000000000000e+02 5.670000000000000000e+02 5.670000000000000000e+02
6.390000000000000000e+02 6.390000000000000000e+02 6.450000000000000000e+02 6.590000000000000000e+02
7.330000000000000000e+02 6.710000000000000000e+02 7.250000000000000000e+02 7.390000000000000000e+02
7.590000000000000000e+02 8.210000000000000000e+02 8.170000000000000000e+02 8.670000000000000000e+02
8.430000000000000000e+02 8.550000000000000000e+02 8.650000000000000000e+02 8.830000000000000000e+02
9.790000000000000000e+02 9.050000000000000000e+02 9.990000000000000000e+02 9.410000000000000000e+02
1.051000000000000000e+03 1.029000000000000000e+03 1.041000000000000000e+03 1.045000000000000000e+03
1.121000000000000000e+03 1.125000000000000000e+03 1.133000000000000000e+03 1.067000000000000000e+03
1.149000000000000000e+03 1.153000000000000000e+03 1.233000000000000000e+03 1.183000000000000000e+03
1.271000000000000000e+03 1.257000000000000000e+03 1.295000000000000000e+03 1.295000000000000000e+03
1.303000000000000000e+03 1.347000000000000000e+03 1.345000000000000000e+03 1.323000000000000000e+03
1.377000000000000000e+03 1.419000000000000000e+03 1.435000000000000000e+03 1.471000000000000000e+03
1.467000000000000000e+03 1.475000000000000000e+03 1.503000000000000000e+03 1.469000000000000000e+03
1.559000000000000000e+03 1.523000000000000000e+03 1.579000000000000000e+03 1.545000000000000000e+03
1.579000000000000000e+03 1.703000000000000000e+03 1.669000000000000000e+03 1.661000000000000000e+03
1.713000000000000000e+03 1.769000000000000000e+03 1.673000000000000000e+03 1.697000000000000000e+03
1.841000000000000000e+03 1.763000000000000000e+03 1.767000000000000000e+03 1.795000000000000000e+03
1.855000000000000000e+03 1.853000000000000000e+03 1.919000000000000000e+03 1.847000000000000000e+03
1.913000000000000000e+03 1.941000000000000000e+03 1.933000000000000000e+03 1.949000000000000000e+03
2.031000000000000000e+03 2.023000000000000000e+03 1.981000000000000000e+03 1.997000000000000000e+03
2.127000000000000000e+03 2.155000000000000000e+03 2.113000000000000000e+03 2.101000000000000000e+03
2.247000000000000000e+03 2.209000000000000000e+03 2.197000000000000000e+03 2.157000000000000000e+03
2.323000000000000000e+03 2.275000000000000000e+03 2.219000000000000000e+03 2.255000000000000000e+03
2.343000000000000000e+03 2.357000000000000000e+03 2.367000000000000000e+03 2.347000000000000000e+03
2.409000000000000000e+03 2.435000000000000000e+03 2.423000000000000000e+03 2.403000000000000000e+03
2.543000000000000000e+03 2.487000000000000000e+03 2.461000000000000000e+03 2.449000000000000000e+03
2.541000000000000000e+03 2.577000000000000000e+03 2.641000000000000000e+03 2.575000000000000000e+03
2.641000000000000000e+03 2.625000000000000000e+03 2.689000000000000000e+03 2.659000000000000000e+03
2.713000000000000000e+03 2.747000000000000000e+03 2.699000000000000000e+03 2.801000000000000000e+03
2.851000000000000000e+03 2.817000000000000000e+03 2.839000000000000000e+03 2.785000000000000000e+03
2.841000000000000000e+03 2.851000000000000000e+03 2.839000000000000000e+03 2.903000000000000000e+03
3.009000000000000000e+03 2.985000000000000000e+03 2.939000000000000000e+03 2.989000000000000000e+03
2.995000000000000000e+03 3.037000000000000000e+03 3.093000000000000000e+03 2.969000000000000000e+03
3.067000000000000000e+03 3.139000000000000000e+03 3.075000000000000000e+03 3.117000000000000000e+03
