9.210921092109212172e-01 9.669966996699664863e-01 9.501950195019496226e-01 9.834983498349831876e-01
8.925892589258920262e-01 8.808880888088804761e-01 1.032103210321031916e+00 8.748874887488743424e-01
9.033903390339029782e-01 9.561956195619565335e-01 9.453945394539459146e-01 8.742874287428747948e-01
9.072907290729081975e-01 9.321932193219325535e-01 9.360936093609356634e-01 8.898889888988903429e-01
8.889888988898895228e-01 8.292829282928295687e-01 7.704770477047706567e-01 7.626762676267626606e-01
8.253825382538259037e-01 7.746774677467754833e-01 8.181818181818187874e-01 7.257725772577260370e-01
7.413741374137423623e-01 7.512751275127520501e-01 7.422742274227431825e-01 7.290729072907295993e-01
6.234623462346241540e-01 6.369636963696377885e-01 7.401740174017412688e-01 6.717671767176724984e-01
6.246624662466255806e-01 5.757575757575766895e-01 6.309630963096318768e-01 6.213621362136220183e-01
5.193519351935198536e-01 4.905490549054913885e-01 6.006600660066013786e-01 4.959495949594963649e-01
4.266426642664271629e-01 4.128412841284134216e-01 4.788478847884794498e-01 4.635463546354641196e-01
4.401440144014406308e-01 4.281428142814286408e-01 3.840384038403845124e-01 3.759375937593765205e-01
4.008400840084013206e-01 3.858385838583862637e-01 4.179417941794185132e-01 3.417341734173421353e-01
3.360336033603366079e-01 3.096309630963101078e-01 3.285328532853290517e-01 3.342334233423347456e-01
2.850285028502854701e-01 3.231323132313236868e-01 2.577257725772580943e-01 3.057305730573063873e-01
2.790279027902794473e-01 2.544254425442548095e-01 3.153315331533158572e-01 2.649264926492653216e-01
1.962196219621965554e-01 2.211221122112215220e-01 2.133213321332136370e-01 1.809180918091811974e-01
1.653165316531656492e-01 1.737173717371739701e-01 1.809180918091811974e-01 2.079207920792082720e-01
1.794179417941796917e-01 1.728172817281730944e-01 1.587158715871589965e-01 1.617161716171619801e-01
1.137113711371138813e-01 9.930993099309945449e-02 1.566156615661568607e-01 1.245124512451247084e-01
1.116111611161117734e-01 1.125112511251126629e-01 1.233123312331235732e-01 1.134113411341135663e-01
9.450945094509469180e-02 9.360936093609378839e-02 7.470747074707483060e-02 1.071107110711073118e-01
9.150915091509163879e-02 8.550855085508564379e-02 8.190819081908204402e-02 1.026102610261027948e-01
6.840684068406852059e-02 5.160516051605170545e-02 9.660966096609679976e-02 6.330633063306340125e-02
7.200720072007212036e-02 6.570657065706585198e-02 7.290729072907300989e-02 5.520552055205531911e-02
7.920792079207936154e-02 5.940594059405950034e-02 6.390639063906401740e-02 4.950495049504959749e-02
6.690669066906702878e-02 3.870387038703876348e-02 4.320432043204327360e-02 4.410441044104419783e-02
2.790279027902795028e-02 2.700270027002704687e-02 3.960396039603966689e-02 4.140414041404147372e-02
3.600360036003605324e-02 4.170417041704178179e-02 3.510351035103514289e-02 2.700270027002704687e-02
3.510351035103515677e-02 2.700270027002705381e-02 3.900390039003907849e-02 2.160216021602164374e-02
2.790279027902795375e-02 2.160216021602164374e-02 3.150315031503155699e-02 2.160216021602164374e-02
1.800180018001802315e-02 2.070207020702073339e-02 2.370237023702375170e-02 1.350135013501352343e-02
1.980198019801982998e-02 2.910291029102915830e-02 2.160216021602164374e-02 1.350135013501352343e-02
2.160216021602164374e-02 1.260126012601262176e-02 9.000900090009020249e-03 1.470147014701473492e-02
1.080108010801082187e-02 1.260126012601262176e-02 1.440144014401442858e-02 1.890189018901894044e-02
6.300630063006310878e-03 1.260126012601262176e-02 1.170117011701172702e-02 1.890189018901894044e-02
1.080108010801081840e-02 5.400540054005410935e-03 4.500450045004505788e-03 1.260126012601262176e-02
9.900990099009916723e-03 4.500450045004507522e-03 1.260126012601262176e-02 1.170117011701172702e-02
7.200720072007214291e-03 1.800180018001803573e-03 8.100810081008118571e-03 3.600360036003607146e-03
2.700270027002705468e-03 4.500450045004507522e-03 7.200720072007214291e-03 4.500450045004505788e-03
