9.342934293429342452e-01 8.904890489048904456e-01 8.661866186618661922e-01 9.345934593459346296e-01 9.042904290429042424e-01 8.772877287728773066e-01 9.450945094509450861e-01 9.336933693369336984e-01 8.916891689168916502e-01 9.495949594959496309e-01 9.051905190519051736e-01 8.841884188418841495e-01
8.697869786978698059e-01 7.989798979897989595e-01 7.245724572457246104e-01 8.892889288928892411e-01 8.169816981698170277e-01 7.473747374737473859e-01 8.859885988598860118e-01 7.692769276927692301e-01 7.248724872487248838e-01 8.802880288028802624e-01 8.025802580258025731e-01 7.344734473447345202e-01
8.094809480948095270e-01 6.624662466246624692e-01 5.577557755775577331e-01 8.316831683168316447e-01 7.542754275427542288e-01 6.069606960696070086e-01 8.277827782778277577e-01 7.017701770177017240e-01 6.066606660666066242e-01 8.406840684068407343e-01 6.999699969996999727e-01 6.291629162916291262e-01
7.581758175817582268e-01 6.105610561056105112e-01 4.737473747374737476e-01 8.115811581158115517e-01 6.801680168016801531e-01 5.376537653765376401e-01 7.818781878187819334e-01 6.465646564656465367e-01 5.196519651965196829e-01 7.965796579657965504e-01 6.951695169516951545e-01 5.400540054005400492e-01
7.104710471047104292e-01 4.998499849984998633e-01 3.954395439543954560e-01 7.152715271527152474e-01 5.436543654365436629e-01 4.059405940594059681e-01 6.900690069006900629e-01 4.698469846984698606e-01 3.570357035703570214e-01 7.329732973297329313e-01 5.694569456945695052e-01 4.290429042904290169e-01
7.059705970597059954e-01 5.181518151815182049e-01 3.663366336633663289e-01 6.471647164716471945e-01 4.125412541254125376e-01 2.868286828682868328e-01 7.062706270627062688e-01 4.944494449444944428e-01 3.879387938793879553e-01 6.465646564656465367e-01 4.200420042004200383e-01 3.009300930093009030e-01
6.687668766876687654e-01 4.158415841584158223e-01 3.249324932493249385e-01 6.732673267326733102e-01 4.347434743474347663e-01 3.186318631863186424e-01 6.489648964896489458e-01 4.155415541554155490e-01 2.829282928292829458e-01 6.234623462346234879e-01 4.095409540954095262e-01 2.631263126312631262e-01
6.171617161716171918e-01 4.080408040804080483e-01 2.622262226222622505e-01 5.922592259225922806e-01 3.528352835283528610e-01 2.163216321632163153e-01 5.802580258025802351e-01 3.372337233723372574e-01 1.956195619561956200e-01 5.616561656165616201e-01 3.204320432043204492e-01 2.016201620162016150e-01
5.484548454845484811e-01 3.240324032403240073e-01 1.839183918391839312e-01 5.709570957095709831e-01 3.405340534053405421e-01 2.073207320732073089e-01 5.802580258025802351e-01 3.642364236423642487e-01 2.037203720372037230e-01 5.475547554755475499e-01 3.246324632463246096e-01 1.695169516951695043e-01
5.514551455145514369e-01 3.111311131113111417e-01 1.836183618361836301e-01 5.232523252325232965e-01 2.838283828382838214e-01 1.668166816681668219e-01 5.370537053705370933e-01 2.946294629462946069e-01 1.611161116111611280e-01 5.106510651065107043e-01 2.589258925892589103e-01 1.488148814881488091e-01
4.683468346834683271e-01 2.289228922892289353e-01 1.227122712271227073e-01 4.896489648964896246e-01 2.499249924992499317e-01 1.305130513051305230e-01 4.734473447344734742e-01 2.271227122712271285e-01 1.179117911791179169e-01 4.893489348934893512e-01 2.745274527452745139e-01 1.335133513351335066e-01
4.407440744074407335e-01 2.043204320432043253e-01 8.370837083708371207e-02 4.407440744074407335e-01 2.241224122412241171e-01 1.059105910591059130e-01 4.338433843384338351e-01 1.968196819681968246e-01 9.960996099609961685e-02 4.590459045904590196e-01 2.160216021602160141e-01 1.062106210621062141e-01
4.707470747074707362e-01 2.151215121512151107e-01 1.188118811881188064e-01 4.197419741974197649e-01 1.722172217221722146e-01 8.700870087008701070e-02 4.680468046804680537e-01 2.349234923492349303e-01 1.257125712571257048e-01 3.987398739873987408e-01 1.812181218121812210e-01 9.120912091209121275e-02
3.807380738073807280e-01 1.521152115211521216e-01 6.330633063306330410e-02 3.921392139213921157e-01 1.524152415241524228e-01 6.960696069606960024e-02 3.882388238823882287e-01 1.500150015001500137e-01 6.840684068406840956e-02 3.972397239723972628e-01 1.716171617161716123e-01 8.580858085808580615e-02
3.711371137113711471e-01 1.254125412541254037e-01 6.270627062706270183e-02 3.426342634263426223e-01 1.443144314431443198e-01 5.970597059705970433e-02 3.552355235523552146e-01 1.263126312631263071e-01 5.280528052805280592e-02 3.756375637563756364e-01 1.461146114611461266e-01 6.390639063906390638e-02
3.861386138613861485e-01 1.716171617161716123e-01 6.810681068106810843e-02 4.050405040504050369e-01 1.821182118211821244e-01 7.020702070207020251e-02 3.255325532553255408e-01 1.083108310831083082e-01 4.050405040504050092e-02 3.492349234923492474e-01 1.347134713471347112e-01 5.010501050105010262e-02
3.048304830483048455e-01 9.870987098709871344e-02 3.240324032403240490e-02 3.363336333633363262e-01 1.197119711971197098e-01 4.590459045904590751e-02 3.231323132313231317e-01 1.185118511851185052e-01 4.350435043504350535e-02 3.336333633363336437e-01 1.128112811281128114e-01 3.810381038103810569e-02
2.808280828082808100e-01 8.340834083408341093e-02 2.160216021602160211e-02 3.000300030003000273e-01 9.270927092709270456e-02 3.450345034503450592e-02 3.132313231323132219e-01 1.131113111311131125e-01 3.780378037803780455e-02 2.931293129312931289e-01 9.960996099609961685e-02 3.720372037203720228e-02
2.805280528052805367e-01 9.060906090609061048e-02 2.970297029702970160e-02 2.559255925592558989e-01 7.770777077707770319e-02 2.310231023102310086e-02 2.580258025802580346e-01 6.930693069306931298e-02 2.130213021302130097e-02 2.754275427542754451e-01 9.240924092409240342e-02 3.000300030003000273e-02
2.370237023702370105e-01 8.400840084008401321e-02 2.280228022802280319e-02 2.658265826582658087e-01 7.980798079807981116e-02 2.400240024002400080e-02 2.721272127212721048e-01 7.830783078307830547e-02 2.490249024902490421e-02 2.421242124212421298e-01 6.030603060306030661e-02 1.980198019801980222e-02
2.343234323432343280e-01 7.050705070507050365e-02 1.920192019201920341e-02 2.415241524152415276e-01 7.290729072907291275e-02 1.740174017401740006e-02 2.256225622562256228e-01 4.770477047704770740e-02 1.320132013201320148e-02 2.316231623162316178e-01 6.600660066006600046e-02 1.590159015901590131e-02
2.244224422442244182e-01 5.520552055205520808e-02 1.800180018001800233e-02 2.118211821182118260e-01 5.520552055205520808e-02 1.770177017701770120e-02 2.193219321932193266e-01 5.430543054305430467e-02 1.650165016501650012e-02 2.328232823282328223e-01 6.090609060906090888e-02 1.620162016201620245e-02
2.115211521152115248e-01 5.700570057005700797e-02 2.070207020702070216e-02 2.124212421242124282e-01 4.590459045904590751e-02 1.350135013501350088e-02 2.112211221122112237e-01 4.770477047704770740e-02 1.560156015601560191e-02 1.863186318631863125e-01 3.420342034203420478e-02 1.020102010201020051e-02
2.115211521152115248e-01 4.740474047404740626e-02 1.200120012001200040e-02 1.929192919291929098e-01 4.440444044404440183e-02 8.700870087008700030e-03 1.839183918391839312e-01 3.990399039903990558e-02 1.530153015301530077e-02 1.983198319831983303e-01 4.050405040504050092e-02 1.020102010201020051e-02
1.740174017401740214e-01 3.360336033603360251e-02 8.400840084008400627e-03 1.950195019501950178e-01 4.290429042904290308e-02 1.560156015601560191e-02 1.818181818181818232e-01 4.680468046804680399e-02 1.260126012601260094e-02 1.884188418841884205e-01 3.660366036603660694e-02 1.320132013201320148e-02
1.854185418541854091e-01 3.150315031503150148e-02 5.100510051005100257e-03 1.686168616861686287e-01 3.900390039003900217e-02 7.200720072007200413e-03 1.725172517251725157e-01 3.120312031203120381e-02 6.600660066006600740e-03 1.767176717671767039e-01 3.210321032103210376e-02 1.110111011101110046e-02
1.533153315331533262e-01 2.460246024602460307e-02 6.300630063006300470e-03 1.434143414341434164e-01 2.400240024002400080e-02 6.300630063006300470e-03 1.833183318331833289e-01 3.390339033903390364e-02 1.050105010501050165e-02 1.713171317131713112e-01 3.900390039003900217e-02 9.600960096009601707e-03
1.467146714671467012e-01 3.630363036303630581e-02 9.900990099009901110e-03 1.527152715271527239e-01 2.940294029402940393e-02 9.000900090009001167e-03 1.377137713771377225e-01 2.160216021602160211e-02 4.500450045004500584e-03 1.407140714071407062e-01 2.430243024302430194e-02 6.000600060006000200e-03
1.329132913291329043e-01 2.280228022802280319e-02 3.900390039003900477e-03 1.479147914791479057e-01 2.850285028502850398e-02 8.400840084008400627e-03 1.293129312931293184e-01 2.070207020702070216e-02 3.600360036003600207e-03 1.521152115211521216e-01 2.340234023402340199e-02 6.000600060006000200e-03
1.119111911191119080e-01 1.320132013201320148e-02 3.900390039003900477e-03 1.110111011101110046e-01 1.590159015901590131e-02 3.600360036003600207e-03 1.350135013501350123e-01 2.100210021002100330e-02 4.500450045004500584e-03 1.209120912091209143e-01 2.250225022502250205e-02 4.800480048004800854e-03
1.335133513351335066e-01 1.950195019501950108e-02 4.800480048004800854e-03 1.401140114011401039e-01 1.950195019501950108e-02 7.500750075007500683e-03 1.413141314131413084e-01 2.640264026402640296e-02 8.100810081008101224e-03 1.194119411941194087e-01 2.460246024602460307e-02 6.000600060006000200e-03
1.065106510651065153e-01 1.080108010801080105e-02 3.600360036003600207e-03 1.032103210321032166e-01 1.440144014401440083e-02 4.800480048004800854e-03 1.044104410441044073e-01 1.140114011401140159e-02 3.000300030003000100e-03 1.185118511851185052e-01 2.190219021902190324e-02 5.100510051005100257e-03
1.131113111311131125e-01 1.290129012901290208e-02 3.900390039003900477e-03 1.113111311131113057e-01 1.140114011401140159e-02 1.800180018001800103e-03 8.760876087608761298e-02 7.200720072007200413e-03 3.600360036003600207e-03 9.390939093909390911e-02 1.110111011101110046e-02 2.700270027002700263e-03
9.570957095709571594e-02 1.140114011401140159e-02 3.000300030003000100e-03 9.900990099009901457e-02 1.380138013801380202e-02 3.300330033003300370e-03 9.930993099309931571e-02 1.200120012001200040e-02 5.100510051005100257e-03 9.090909090909091161e-02 1.260126012601260094e-02 1.500150015001500050e-03
8.130813081308130297e-02 1.020102010201020051e-02 4.500450045004500584e-03 8.130813081308130297e-02 1.080108010801080105e-02 4.500450045004500584e-03 9.810981098109811116e-02 1.320132013201320148e-02 4.200420042004200313e-03 9.630963096309630433e-02 9.600960096009601707e-03 4.200420042004200313e-03
7.710771077107710092e-02 8.700870087008700030e-03 1.800180018001800103e-03 9.120912091209121275e-02 1.200120012001200040e-02 2.100210021002100157e-03 7.560756075607560911e-02 9.000900090009001167e-03 2.100210021002100157e-03 7.770777077707770319e-02 7.800780078007800954e-03 2.100210021002100157e-03
8.370837083708371207e-02 1.110111011101110046e-02 3.300330033003300370e-03 8.490849084908490274e-02 1.320132013201320148e-02 2.700270027002700263e-03 7.710771077107710092e-02 9.300930093009300570e-03 3.600360036003600207e-03 7.050705070507050365e-02 9.000900090009001167e-03 3.000300030003000100e-03
7.260726072607261161e-02 6.900690069006901010e-03 3.300330033003300370e-03 7.050705070507050365e-02 6.300630063006300470e-03 9.000900090009000517e-04 7.140714071407140706e-02 5.400540054005400527e-03 2.400240024002400427e-03 7.320732073207321389e-02 8.100810081008101224e-03 3.300330033003300370e-03
6.900690069006901184e-02 6.900690069006901010e-03 3.900390039003900477e-03 6.840684068406840956e-02 7.500750075007500683e-03 2.700270027002700263e-03 7.440744074407440456e-02 1.020102010201020051e-02 3.000300030003000100e-03 7.470747074707470570e-02 9.300930093009300570e-03 1.800180018001800103e-03
6.450645064506450865e-02 7.500750075007500683e-03 3.300330033003300370e-03 5.550555055505550228e-02 6.000600060006000200e-03 3.000300030003000100e-03 6.330633063306330410e-02 6.300630063006300470e-03 1.200120012001200213e-03 5.760576057605760331e-02 5.100510051005100257e-03 2.700270027002700263e-03
5.340534053405340820e-02 3.300330033003300370e-03 2.400240024002400427e-03 5.910591059105910899e-02 6.600660066006600740e-03 1.800180018001800103e-03 6.240624062406240763e-02 4.800480048004800854e-03 2.700270027002700263e-03 7.260726072607261161e-02 1.080108010801080105e-02 2.400240024002400427e-03
4.920492049204920615e-02 4.800480048004800854e-03 2.100210021002100157e-03 6.480648064806480979e-02 7.200720072007200413e-03 2.100210021002100157e-03 4.620462046204620171e-02 3.600360036003600207e-03 1.800180018001800103e-03 5.250525052505250478e-02 4.800480048004800854e-03 2.100210021002100157e-03
5.820582058205820558e-02 6.300630063006300470e-03 1.500150015001500050e-03 5.460546054605460581e-02 4.800480048004800854e-03 3.000300030003000100e-03 5.520552055205520808e-02 5.700570057005700797e-03 2.700270027002700263e-03 6.060606060606060774e-02 3.600360036003600207e-03 2.100210021002100157e-03
5.190519051905190251e-02 4.500450045004500584e-03 1.200120012001200213e-03 4.650465046504650285e-02 5.400540054005400527e-03 3.000300030003000534e-04 5.010501050105010262e-02 3.900390039003900477e-03 2.700270027002700263e-03 4.590459045904590751e-02 6.000600060006000200e-03 1.500150015001500050e-03
4.800480048004800160e-02 6.000600060006000200e-03 1.800180018001800103e-03 4.260426042604260194e-02 3.900390039003900477e-03 1.800180018001800103e-03 4.980498049804980842e-02 5.700570057005700797e-03 1.800180018001800103e-03 4.560456045604560638e-02 6.600660066006600740e-03 2.100210021002100157e-03
3.510351035103510126e-02 2.700270027002700263e-03 9.000900090009000517e-04 4.680468046804680399e-02 4.200420042004200313e-03 2.700270027002700263e-03 3.930393039303930330e-02 4.200420042004200313e-03 1.500150015001500050e-03 3.720372037203720228e-02 3.900390039003900477e-03 1.500150015001500050e-03
3.390339033903390364e-02 3.000300030003000100e-03 1.500150015001500050e-03 4.050405040504050092e-02 2.400240024002400427e-03 1.800180018001800103e-03 4.290429042904290308e-02 5.700570057005700797e-03 1.800180018001800103e-03 3.690369036903690114e-02 3.600360036003600207e-03 2.700270027002700263e-03
3.450345034503450592e-02 3.900390039003900477e-03 2.100210021002100157e-03 3.750375037503750342e-02 2.100210021002100157e-03 3.300330033003300370e-03 3.360336033603360251e-02 1.800180018001800103e-03 2.700270027002700263e-03 3.780378037803780455e-02 2.700270027002700263e-03 9.000900090009000517e-04
2.730273027302730290e-02 1.800180018001800103e-03 6.000600060006001067e-04 3.450345034503450592e-02 4.200420042004200313e-03 2.400240024002400427e-03 3.510351035103510126e-02 3.300330033003300370e-03 2.700270027002700263e-03 2.970297029702970160e-02 3.300330033003300370e-03 3.000300030003000100e-03
3.000300030003000273e-02 4.200420042004200313e-03 1.800180018001800103e-03 2.790279027902790171e-02 3.300330033003300370e-03 1.800180018001800103e-03 2.760276027602760404e-02 2.400240024002400427e-03 1.500150015001500050e-03 2.760276027602760404e-02 3.000300030003000100e-03 1.500150015001500050e-03
3.630363036303630581e-02 4.500450045004500584e-03 3.000300030003000100e-03 2.820282028202820285e-02 2.700270027002700263e-03 9.000900090009000517e-04 2.700270027002700177e-02 3.000300030003000100e-03 2.100210021002100157e-03 3.270327032703270603e-02 2.400240024002400427e-03 2.400240024002400427e-03
2.130213021302130097e-02 3.600360036003600207e-03 1.200120012001200213e-03 2.880288028802880165e-02 2.100210021002100157e-03 2.100210021002100157e-03 3.090309030903090268e-02 3.600360036003600207e-03 9.000900090009000517e-04 2.700270027002700177e-02 3.300330033003300370e-03 2.400240024002400427e-03
2.280228022802280319e-02 4.500450045004500584e-03 1.800180018001800103e-03 2.400240024002400080e-02 3.000300030003000534e-04 1.800180018001800103e-03 2.280228022802280319e-02 4.500450045004500584e-03 1.500150015001500050e-03 2.520252025202520188e-02 2.700270027002700263e-03 2.700270027002700263e-03
1.950195019501950108e-02 2.100210021002100157e-03 2.100210021002100157e-03 2.130213021302130097e-02 2.700270027002700263e-03 2.100210021002100157e-03 1.740174017401740006e-02 2.100210021002100157e-03 2.100210021002100157e-03 1.920192019201920341e-02 3.900390039003900477e-03 9.000900090009000517e-04
2.130213021302130097e-02 2.400240024002400427e-03 2.700270027002700263e-03 2.400240024002400080e-02 3.900390039003900477e-03 2.700270027002700263e-03 2.400240024002400080e-02 3.000300030003000100e-03 1.200120012001200213e-03 2.130213021302130097e-02 3.900390039003900477e-03 2.100210021002100157e-03
1.920192019201920341e-02 2.700270027002700263e-03 2.400240024002400427e-03 1.680168016801680125e-02 1.200120012001200213e-03 9.000900090009000517e-04 1.860186018601860114e-02 2.700270027002700263e-03 1.500150015001500050e-03 2.130213021302130097e-02 2.400240024002400427e-03 3.300330033003300370e-03
1.950195019501950108e-02 2.700270027002700263e-03 1.800180018001800103e-03 1.800180018001800233e-02 2.100210021002100157e-03 4.800480048004800854e-03 1.740174017401740006e-02 2.100210021002100157e-03 1.500150015001500050e-03 1.920192019201920341e-02 2.700270027002700263e-03 3.000300030003000100e-03
2.130213021302130097e-02 2.400240024002400427e-03 2.100210021002100157e-03 1.980198019801980222e-02 2.100210021002100157e-03 2.400240024002400427e-03 1.500150015001500137e-02 1.500150015001500050e-03 9.000900090009000517e-04 2.070207020702070216e-02 3.000300030003000100e-03 9.000900090009000517e-04
2.190219021902190324e-02 2.100210021002100157e-03 1.800180018001800103e-03 1.530153015301530077e-02 3.300330033003300370e-03 2.100210021002100157e-03 1.650165016501650012e-02 2.400240024002400427e-03 3.000300030003000100e-03 2.250225022502250205e-02 3.600360036003600207e-03 1.800180018001800103e-03
1.860186018601860114e-02 3.000300030003000100e-03 2.100210021002100157e-03 1.650165016501650012e-02 2.100210021002100157e-03 1.200120012001200213e-03 1.500150015001500137e-02 3.000300030003000534e-04 1.800180018001800103e-03 1.620162016201620245e-02 1.800180018001800103e-03 6.000600060006001067e-04
1.410141014101410142e-02 1.500150015001500050e-03 2.400240024002400427e-03 1.590159015901590131e-02 1.800180018001800103e-03 1.800180018001800103e-03 1.380138013801380202e-02 2.100210021002100157e-03 1.200120012001200213e-03 1.710171017101710239e-02 9.000900090009000517e-04 3.000300030003000534e-04
1.290129012901290208e-02 1.800180018001800103e-03 1.500150015001500050e-03 1.350135013501350088e-02 6.000600060006001067e-04 2.400240024002400427e-03 1.620162016201620245e-02 1.500150015001500050e-03 1.500150015001500050e-03 1.170117011701170100e-02 2.100210021002100157e-03 3.000300030003000100e-03
1.530153015301530077e-02 3.000300030003000100e-03 1.800180018001800103e-03 1.290129012901290208e-02 2.400240024002400427e-03 4.200420042004200313e-03 1.110111011101110046e-02 3.600360036003600207e-03 1.800180018001800103e-03 1.350135013501350088e-02 1.200120012001200213e-03 1.800180018001800103e-03
1.080108010801080105e-02 1.200120012001200213e-03 1.200120012001200213e-03 9.000900090009001167e-03 1.500150015001500050e-03 1.500150015001500050e-03 1.650165016501650012e-02 2.700270027002700263e-03 2.100210021002100157e-03 1.410141014101410142e-02 2.400240024002400427e-03 3.600360036003600207e-03
8.400840084008400627e-03 2.700270027002700263e-03 1.500150015001500050e-03 1.050105010501050165e-02 3.300330033003300370e-03 1.500150015001500050e-03 1.170117011701170100e-02 9.000900090009000517e-04 2.400240024002400427e-03 9.600960096009601707e-03 3.300330033003300370e-03 2.700270027002700263e-03
1.230123012301230154e-02 2.400240024002400427e-03 2.100210021002100157e-03 1.110111011101110046e-02 2.700270027002700263e-03 1.500150015001500050e-03 1.110111011101110046e-02 1.800180018001800103e-03 1.500150015001500050e-03 9.300930093009300570e-03 1.500150015001500050e-03 1.200120012001200213e-03
1.110111011101110046e-02 3.000300030003000534e-04 2.400240024002400427e-03 9.900990099009901110e-03 3.000300030003000100e-03 1.200120012001200213e-03 1.020102010201020051e-02 1.500150015001500050e-03 1.200120012001200213e-03 1.140114011401140159e-02 1.200120012001200213e-03 2.700270027002700263e-03
9.600960096009601707e-03 2.400240024002400427e-03 1.800180018001800103e-03 9.600960096009601707e-03 2.100210021002100157e-03 3.600360036003600207e-03 1.140114011401140159e-02 9.000900090009000517e-04 1.800180018001800103e-03 1.080108010801080105e-02 2.100210021002100157e-03 1.800180018001800103e-03
8.700870087008700030e-03 2.700270027002700263e-03 2.100210021002100157e-03 8.100810081008101224e-03 2.400240024002400427e-03 3.000300030003000100e-03 8.100810081008101224e-03 2.400240024002400427e-03 2.100210021002100157e-03 4.800480048004800854e-03 1.800180018001800103e-03 9.000900090009000517e-04
1.230123012301230154e-02 1.500150015001500050e-03 2.700270027002700263e-03 6.600660066006600740e-03 9.000900090009000517e-04 1.500150015001500050e-03 9.000900090009001167e-03 2.700270027002700263e-03 3.900390039003900477e-03 6.000600060006000200e-03 2.100210021002100157e-03 2.400240024002400427e-03
