9.332000000000000295e-01 9.370000000000000551e-01 9.438999999999999613e-01 9.437999999999999723e-01
8.780000000000000027e-01 8.873999999999999666e-01 8.830000000000000071e-01 8.763999999999999568e-01
7.963000000000000078e-01 8.257999999999999785e-01 8.267999999999999794e-01 8.395000000000000240e-01
7.568000000000000282e-01 8.014000000000000012e-01 7.844999999999999751e-01 7.976999999999999647e-01
7.208999999999999853e-01 7.166000000000000147e-01 6.909999999999999476e-01 7.409000000000000030e-01
7.105000000000000204e-01 6.401000000000000023e-01 6.981000000000000538e-01 6.420000000000000151e-01
6.666999999999999593e-01 6.623999999999999888e-01 6.592999999999999972e-01 6.140999999999999792e-01
6.195000000000000506e-01 5.977999999999999980e-01 5.852000000000000535e-01 5.738999999999999657e-01
5.484999999999999876e-01 5.733000000000000318e-01 5.815000000000000169e-01 5.646999999999999797e-01
5.390000000000000346e-01 5.241000000000000103e-01 5.288000000000000478e-01 5.181000000000000050e-01
4.640000000000000235e-01 4.854999999999999871e-01 4.670000000000000262e-01 4.806000000000000272e-01
4.394000000000000128e-01 4.547999999999999821e-01 4.385000000000000009e-01 4.557999999999999829e-01
4.641000000000000125e-01 4.172000000000000153e-01 4.616999999999999993e-01 4.126000000000000223e-01
3.640999999999999792e-01 3.916000000000000036e-01 3.960000000000000187e-01 4.060000000000000275e-01
3.598999999999999977e-01 3.659999999999999920e-01 3.549999999999999822e-01 3.741999999999999771e-01
3.907999999999999807e-01 3.946000000000000063e-01 3.226999999999999869e-01 3.439999999999999725e-01
3.140999999999999903e-01 3.486000000000000210e-01 3.276999999999999913e-01 3.244000000000000217e-01
2.711999999999999966e-01 3.009999999999999898e-01 3.111999999999999766e-01 3.012000000000000233e-01
2.776000000000000134e-01 2.576999999999999846e-01 2.607999999999999763e-01 2.738999999999999768e-01
2.540000000000000036e-01 2.620000000000000107e-01 2.660000000000000142e-01 2.388000000000000123e-01
2.275000000000000078e-01 2.409999999999999920e-01 2.301999999999999880e-01 2.439000000000000057e-01
2.205999999999999905e-01 2.220999999999999919e-01 2.177000000000000046e-01 2.313000000000000056e-01
2.283999999999999919e-01 2.162999999999999923e-01 2.078000000000000125e-01 1.890000000000000013e-01
2.114999999999999936e-01 1.789000000000000035e-01 1.897999999999999965e-01 1.958000000000000018e-01
1.867000000000000048e-01 1.943000000000000005e-01 1.842999999999999916e-01 1.763000000000000123e-01
1.761999999999999955e-01 1.648999999999999910e-01 1.617000000000000104e-01 1.829999999999999960e-01
1.459000000000000019e-01 1.521000000000000130e-01 1.703999999999999959e-01 1.693000000000000060e-01
1.572999999999999954e-01 1.522999999999999909e-01 1.454999999999999905e-01 1.408999999999999975e-01
1.297999999999999987e-01 1.468000000000000138e-01 1.226000000000000006e-01 1.381000000000000005e-01
1.212000000000000022e-01 1.152999999999999997e-01 1.298999999999999877e-01 1.208000000000000046e-01
1.318000000000000005e-01 1.218000000000000055e-01 1.330999999999999961e-01 1.242000000000000048e-01
1.097999999999999948e-01 1.083999999999999964e-01 1.131000000000000061e-01 1.136999999999999955e-01
9.969999999999999696e-02 1.160999999999999949e-01 8.780000000000000304e-02 1.008000000000000007e-01
9.420000000000000595e-02 1.013000000000000012e-01 1.063999999999999946e-01 9.149999999999999800e-02
8.480000000000000038e-02 8.659999999999999643e-02 9.829999999999999849e-02 9.020000000000000240e-02
7.230000000000000315e-02 8.519999999999999796e-02 8.269999999999999574e-02 8.649999999999999356e-02
8.069999999999999396e-02 8.279999999999999860e-02 8.279999999999999860e-02 6.959999999999999520e-02
6.389999999999999847e-02 6.690000000000000113e-02 7.049999999999999323e-02 7.380000000000000449e-02
7.470000000000000251e-02 6.729999999999999871e-02 6.919999999999999762e-02 6.919999999999999762e-02
7.059999999999999609e-02 6.250000000000000000e-02 6.410000000000000420e-02 6.239999999999999714e-02
5.319999999999999729e-02 5.580000000000000238e-02 5.500000000000000028e-02 7.199999999999999456e-02
5.109999999999999959e-02 6.619999999999999496e-02 4.270000000000000184e-02 5.090000000000000080e-02
5.149999999999999717e-02 5.249999999999999806e-02 5.580000000000000238e-02 5.609999999999999709e-02
4.279999999999999777e-02 5.000000000000000278e-02 4.540000000000000285e-02 4.970000000000000112e-02
4.590000000000000330e-02 4.329999999999999821e-02 5.410000000000000225e-02 4.619999999999999801e-02
3.540000000000000091e-02 3.740000000000000269e-02 3.939999999999999752e-02 3.899999999999999994e-02
3.400000000000000244e-02 3.420000000000000123e-02 4.340000000000000108e-02 4.009999999999999676e-02
3.259999999999999704e-02 3.389999999999999958e-02 3.059999999999999873e-02 3.039999999999999994e-02
3.479999999999999760e-02 3.769999999999999740e-02 2.920000000000000026e-02 3.230000000000000232e-02
2.960000000000000131e-02 2.829999999999999877e-02 2.949999999999999845e-02 3.139999999999999736e-02
2.900000000000000147e-02 3.009999999999999828e-02 2.630000000000000046e-02 2.999999999999999889e-02
2.429999999999999868e-02 2.580000000000000002e-02 3.440000000000000002e-02 2.570000000000000062e-02
2.479999999999999913e-02 2.369999999999999885e-02 2.630000000000000046e-02 2.719999999999999848e-02
2.040000000000000147e-02 2.230000000000000038e-02 2.330000000000000127e-02 2.599999999999999881e-02
2.440000000000000155e-02 2.110000000000000070e-02 2.350000000000000006e-02 2.210000000000000159e-02
2.129999999999999949e-02 1.990000000000000102e-02 1.849999999999999908e-02 2.469999999999999973e-02
1.870000000000000134e-02 1.969999999999999876e-02 2.009999999999999981e-02 1.820000000000000090e-02
1.720000000000000001e-02 1.499999999999999944e-02 1.760000000000000106e-02 1.629999999999999852e-02
1.789999999999999925e-02 1.700000000000000122e-02 1.499999999999999944e-02 1.580000000000000154e-02
1.389999999999999916e-02 1.389999999999999916e-02 1.430000000000000021e-02 1.510000000000000057e-02
1.590000000000000094e-02 1.559999999999999928e-02 1.409999999999999969e-02 1.310000000000000053e-02
1.430000000000000021e-02 1.110000000000000049e-02 1.750000000000000167e-02 1.349999999999999985e-02
1.299999999999999940e-02 1.480000000000000066e-02 1.250000000000000069e-02 1.319999999999999993e-02
1.170000000000000033e-02 1.179999999999999973e-02 9.799999999999999684e-03 1.200000000000000025e-02
1.179999999999999973e-02 9.100000000000000450e-03 1.050000000000000065e-02 1.009999999999999960e-02
1.000000000000000021e-02 8.500000000000000611e-03 1.159999999999999920e-02 1.080000000000000057e-02
1.050000000000000065e-02 1.170000000000000033e-02 9.799999999999999684e-03 9.199999999999999845e-03
9.599999999999999159e-03 9.799999999999999684e-03 1.089999999999999997e-02 9.199999999999999845e-03
1.089999999999999997e-02 9.599999999999999159e-03 9.499999999999999764e-03 7.000000000000000146e-03
9.799999999999999684e-03 7.599999999999999985e-03 9.900000000000000813e-03 9.499999999999999764e-03
