6.100000000000000000e+01 5.700000000000000000e+01 5.900000000000000000e+01 6.100000000000000000e+01
1.090000000000000000e+02 1.070000000000000000e+02 1.070000000000000000e+02 1.230000000000000000e+02
1.450000000000000000e+02 1.690000000000000000e+02 1.570000000000000000e+02 1.910000000000000000e+02
2.270000000000000000e+02 1.990000000000000000e+02 2.010000000000000000e+02 2.110000000000000000e+02
2.790000000000000000e+02 2.510000000000000000e+02 2.350000000000000000e+02 2.390000000000000000e+02
2.970000000000000000e+02 3.070000000000000000e+02 3.050000000000000000e+02 2.870000000000000000e+02
3.770000000000000000e+02 3.450000000000000000e+02 3.390000000000000000e+02 3.370000000000000000e+02
4.070000000000000000e+02 4.010000000000000000e+02 3.810000000000000000e+02 3.750000000000000000e+02
4.390000000000000000e+02 4.350000000000000000e+02 4.210000000000000000e+02 4.490000000000000000e+02
5.090000000000000000e+02 4.790000000000000000e+02 5.130000000000000000e+02 4.990000000000000000e+02
5.250000000000000000e+02 5.010000000000000000e+02 5.150000000000000000e+02 5.770000000000000000e+02
5.670000000000000000e+02 5.670000000000000000e+02 5.610000000000000000e+02 6.230000000000000000e+02
6.390000000000000000e+02 6.190000000000000000e+02 6.350000000000000000e+02 6.110000000000000000e+02
6.710000000000000000e+02 6.950000000000000000e+02 6.630000000000000000e+02 6.690000000000000000e+02
7.090000000000000000e+02 7.310000000000000000e+02 7.050000000000000000e+02 7.110000000000000000e+02
8.010000000000000000e+02 8.070000000000000000e+02 7.830000000000000000e+02 7.830000000000000000e+02
8.190000000000000000e+02 8.350000000000000000e+02 8.090000000000000000e+02 8.270000000000000000e+02
8.370000000000000000e+02 8.530000000000000000e+02 8.430000000000000000e+02 8.630000000000000000e+02
8.950000000000000000e+02 9.230000000000000000e+02 9.110000000000000000e+02 9.190000000000000000e+02
9.330000000000000000e+02 9.510000000000000000e+02 9.470000000000000000e+02 9.710000000000000000e+02
1.029000000000000000e+03 9.870000000000000000e+02 1.025000000000000000e+03 1.011000000000000000e+03
1.081000000000000000e+03 1.055000000000000000e+03 1.061000000000000000e+03 1.007000000000000000e+03
1.105000000000000000e+03 1.133000000000000000e+03 1.113000000000000000e+03 1.123000000000000000e+03
1.197000000000000000e+03 1.165000000000000000e+03 1.119000000000000000e+03 1.149000000000000000e+03
1.181000000000000000e+03 1.165000000000000000e+03 1.225000000000000000e+03 1.191000000000000000e+03
1.195000000000000000e+03 1.289000000000000000e+03 1.215000000000000000e+03 1.245000000000000000e+03
1.305000000000000000e+03 1.311000000000000000e+03 1.283000000000000000e+03 1.267000000000000000e+03
1.347000000000000000e+03 1.345000000000000000e+03 1.391000000000000000e+03 1.359000000000000000e+03
1.411000000000000000e+03 1.381000000000000000e+03 1.347000000000000000e+03 1.353000000000000000e+03
1.407000000000000000e+03 1.425000000000000000e+03 1.381000000000000000e+03 1.411000000000000000e+03
1.485000000000000000e+03 1.497000000000000000e+03 1.465000000000000000e+03 1.451000000000000000e+03
1.529000000000000000e+03 1.529000000000000000e+03 1.571000000000000000e+03 1.493000000000000000e+03
1.599000000000000000e+03 1.569000000000000000e+03 1.567000000000000000e+03 1.527000000000000000e+03
1.641000000000000000e+03 1.599000000000000000e+03 1.637000000000000000e+03 1.605000000000000000e+03
1.623000000000000000e+03 1.699000000000000000e+03 1.715000000000000000e+03 1.619000000000000000e+03
1.697000000000000000e+03 1.689000000000000000e+03 1.701000000000000000e+03 1.681000000000000000e+03
1.733000000000000000e+03 1.753000000000000000e+03 1.739000000000000000e+03 1.769000000000000000e+03
1.793000000000000000e+03 1.791000000000000000e+03 1.817000000000000000e+03 1.887000000000000000e+03
1.875000000000000000e+03 1.859000000000000000e+03 1.885000000000000000e+03 1.877000000000000000e+03
1.925000000000000000e+03 1.901000000000000000e+03 1.917000000000000000e+03 1.885000000000000000e+03
1.929000000000000000e+03 1.961000000000000000e+03 1.893000000000000000e+03 1.943000000000000000e+03
1.987000000000000000e+03 1.947000000000000000e+03 2.007000000000000000e+03 1.949000000000000000e+03
2.083000000000000000e+03 1.989000000000000000e+03 2.063000000000000000e+03 2.065000000000000000e+03
2.079000000000000000e+03 2.041000000000000000e+03 2.021000000000000000e+03 2.089000000000000000e+03
2.211000000000000000e+03 2.163000000000000000e+03 2.131000000000000000e+03 2.141000000000000000e+03
2.201000000000000000e+03 2.233000000000000000e+03 2.165000000000000000e+03 2.163000000000000000e+03
2.231000000000000000e+03 2.215000000000000000e+03 2.235000000000000000e+03 2.203000000000000000e+03
2.265000000000000000e+03 2.273000000000000000e+03 2.259000000000000000e+03 2.255000000000000000e+03
2.295000000000000000e+03 2.327000000000000000e+03 2.289000000000000000e+03 2.353000000000000000e+03
2.371000000000000000e+03 2.357000000000000000e+03 2.363000000000000000e+03 2.349000000000000000e+03
2.427000000000000000e+03 2.475000000000000000e+03 2.411000000000000000e+03 2.409000000000000000e+03
2.395000000000000000e+03 2.497000000000000000e+03 2.513000000000000000e+03 2.451000000000000000e+03
2.511000000000000000e+03 2.575000000000000000e+03 2.501000000000000000e+03 2.513000000000000000e+03
2.503000000000000000e+03 2.597000000000000000e+03 2.535000000000000000e+03 2.615000000000000000e+03
2.611000000000000000e+03 2.631000000000000000e+03 2.625000000000000000e+03 2.583000000000000000e+03
2.683000000000000000e+03 2.615000000000000000e+03 2.683000000000000000e+03 2.611000000000000000e+03
2.689000000000000000e+03 2.675000000000000000e+03 2.665000000000000000e+03 2.671000000000000000e+03
2.751000000000000000e+03 2.699000000000000000e+03 2.761000000000000000e+03 2.743000000000000000e+03
2.793000000000000000e+03 2.749000000000000000e+03 2.757000000000000000e+03 2.761000000000000000e+03
2.773000000000000000e+03 2.819000000000000000e+03 2.827000000000000000e+03 2.783000000000000000e+03
2.887000000000000000e+03 2.953000000000000000e+03 2.951000000000000000e+03 2.887000000000000000e+03
2.987000000000000000e+03 2.877000000000000000e+03 2.923000000000000000e+03 2.933000000000000000e+03
2.939000000000000000e+03 3.037000000000000000e+03 2.955000000000000000e+03 2.965000000000000000e+03
3.049000000000000000e+03 2.991000000000000000e+03 3.013000000000000000e+03 2.959000000000000000e+03
3.053000000000000000e+03 3.055000000000000000e+03 3.045000000000000000e+03 3.011000000000000000e+03
3.099000000000000000e+03 3.175000000000000000e+03 3.073000000000000000e+03 3.151000000000000000e+03
3.173000000000000000e+03 3.213000000000000000e+03 3.093000000000000000e+03 3.181000000000000000e+03
3.231000000000000000e+03 3.227000000000000000e+03 3.199000000000000000e+03 3.163000000000000000e+03
3.265000000000000000e+03 3.297000000000000000e+03 3.241000000000000000e+03 3.269000000000000000e+03
3.363000000000000000e+03 3.317000000000000000e+03 3.321000000000000000e+03 3.453000000000000000e+03
