9.975997599759968137e-01 9.681968196819685790e-01 9.258925892589250362e-01 1.017401740174017633e+00
9.369936993699364836e-01 9.642964296429638038e-01 1.075007500750074785e+00 9.675967596759672551e-01
9.987998799879985734e-01 8.391839183918383682e-01 9.846984698469852804e-01 1.051305130513051411e+00
9.165916591659167834e-01 9.318931893189310589e-01 9.255925592559257620e-01 8.442844284428433488e-01
1.027302730273027764e+00 9.207920792079204997e-01 1.017701770177017906e+00 9.195919591959190731e-01
9.297929792979294783e-01 9.906990699069918582e-01 1.023402340234023544e+00 9.804980498049804538e-01
1.083708370837084489e+00 1.034203420342034274e+00 9.831983198319841355e-01 9.048904890489049002e-01
8.895889588958898475e-01 9.345934593459346296e-01 9.246924692469244977e-01 9.252925292529259327e-01
8.571857185718573247e-01 8.985898589858991592e-01 8.517851785178516266e-01 8.382838283828381032e-01
9.045904590459048489e-01 8.850885088508860798e-01 8.883888388838889760e-01 9.039903990399053013e-01
8.409840984098413408e-01 8.496849684968501570e-01 8.568856885688569403e-01 7.779777977797782684e-01
7.929792979297937139e-01 7.557755775577562618e-01 8.106810681068112867e-01 8.352835283528359245e-01
8.856885688568865156e-01 8.295829582958307302e-01 8.250825082508252972e-01 7.437743774377443273e-01
7.491749174917492482e-01 7.887788778877895535e-01 7.830783078307839151e-01 7.626762676267634378e-01
7.998799879988010009e-01 6.546654665466552503e-01 7.395739573957405000e-01 7.524752475247533656e-01
7.116711671167121889e-01 7.389738973897391761e-01 6.921692169216928647e-01 6.936693669366945647e-01
6.507650765076515853e-01 6.957695769576964784e-01 6.573657365736580438e-01 7.005700570057012966e-01
6.138613861386146286e-01 6.564656465646574457e-01 6.381638163816385489e-01 6.177617761776185157e-01
5.994599459946002851e-01 5.577557755775585102e-01 5.874587458745883506e-01 5.790579057905796967e-01
4.818481848184822947e-01 5.820582058205828746e-01 6.063606360636067949e-01 5.652565256525661219e-01
5.106510651065112594e-01 5.232523252325239627e-01 5.469546954695476693e-01 5.127512751275132841e-01
5.256525652565263718e-01 4.875487548754882106e-01 5.115511551155120795e-01 5.319531953195327789e-01
4.842484248424847038e-01 5.130513051305137795e-01 5.061506150615068256e-01 4.665466546654670754e-01
5.043504350435049632e-01 4.542454245424548676e-01 4.473447344734481357e-01 4.836483648364844345e-01
4.296429642964303408e-01 4.719471947194726069e-01 4.176417641764182398e-01 4.686468646864693777e-01
4.668466846684675153e-01 3.960396039603966689e-01 4.305430543054311054e-01 4.449444944494456711e-01
3.924392439243931663e-01 3.645364536453651327e-01 4.587458745874594124e-01 4.065406540654072365e-01
3.411341134113415330e-01 3.789378937893795873e-01 3.528352835283533606e-01 3.552355235523556587e-01
3.342334233423347456e-01 3.666366636663671019e-01 3.294329432943299829e-01 3.921392139213927264e-01
3.000300030003004714e-01 2.889288928892894126e-01 3.465346534653471755e-01 3.000300030003004714e-01
3.468346834683473379e-01 3.693369336933698399e-01 3.528352835283534161e-01 2.904290429042909460e-01
2.907290729072912749e-01 2.712271227122716177e-01 2.820282028202825142e-01 2.949294929492953798e-01
3.045304530453050718e-01 3.015301530153020604e-01 2.448244824482452009e-01 2.511251125112515248e-01
2.559255925592564540e-01 2.589258925892592433e-01 2.670267026702674573e-01 2.364236423642367968e-01
2.178217821782181540e-01 2.160216021602162639e-01 2.589258925892593544e-01 2.643264326432646638e-01
2.070207020702073408e-01 2.397239723972401093e-01 2.019201920192022770e-01 2.118211821182122145e-01
2.211221122112214388e-01 2.178217821782181540e-01 2.070207020702073408e-01 1.875187518751878224e-01
2.004200420042007436e-01 1.935193519351938174e-01 2.004200420042006880e-01 1.986198619861989090e-01
1.902190219021905881e-01 1.854185418541857699e-01 1.956195619561960364e-01 1.980198019801982512e-01
1.743174317431746556e-01 1.515151515151517414e-01 1.722172217221725199e-01 1.602160216021605299e-01
1.527152715271529737e-01 1.593159315931595987e-01 1.755175517551758047e-01 1.878187818781880958e-01
1.353135313531355077e-01 1.749174917491752024e-01 1.296129612961297584e-01 1.452145214521455008e-01
1.572157215721574908e-01 1.524152415241527003e-01 1.512151215121514680e-01 1.731173117311733400e-01
1.434143414341435829e-01 1.236123612361238050e-01 1.413141314131415860e-01 1.212121212121214098e-01
1.278127812781279793e-01 1.179117911791181111e-01 1.341134113411343309e-01 1.191119111911192879e-01
9.810981098109824994e-02 1.305130513051307173e-01 1.068106810681069968e-01 1.014101410141015902e-01
9.420942094209440454e-02 1.161116111611162904e-01 1.134113411341135802e-01 1.026102610261027809e-01
9.390939093909408952e-02 1.095109510951096932e-01 9.810981098109827769e-02 1.062106210621063668e-01
7.710771077107725358e-02 9.330933093309344561e-02 9.810981098109824994e-02 8.220822082208237291e-02
7.920792079207933378e-02 7.560756075607573401e-02 7.710771077107725358e-02 7.530753075307543287e-02
9.840984098409859271e-02 7.740774077407754084e-02 7.410741074107422832e-02 9.330933093309345949e-02
5.430543054305440182e-02 8.220822082208231740e-02 8.280828082808294743e-02 7.350735073507363992e-02
5.670567056705678316e-02 7.290729072907303765e-02 5.640564056405648896e-02 7.020702070207035517e-02
5.430543054305440875e-02 5.790579057905799465e-02 4.800480048004808487e-02 4.680468046804687338e-02
5.940594059405951421e-02 6.300630063006308623e-02 6.420642064206431854e-02 5.430543054305437406e-02
5.190519051905199965e-02 4.770477047704777679e-02 4.920492049204927554e-02 6.000600060006010955e-02
5.220522052205227997e-02 5.250525052505261581e-02 4.740474047404747565e-02 5.250525052505260887e-02
5.880588058805889112e-02 5.550555055505561330e-02 4.140414041404149453e-02 5.400540054005408680e-02
6.120612061206132798e-02 3.810381038103815426e-02 4.530453045304536075e-02 5.850585058505861080e-02
4.890489048904900909e-02 4.440444044404447121e-02 4.590459045904597690e-02 4.380438043804388282e-02
4.020402040204026917e-02 4.410441044104417008e-02 3.630363036303636826e-02 4.890489048904898134e-02
3.480348034803486951e-02 4.110411041104116564e-02 4.560456045604568964e-02 3.180318031803185119e-02
3.870387038703875654e-02 3.570357035703576598e-02 2.430243024302432969e-02 3.870387038703878430e-02
3.000300030003006518e-02 2.400240024002404243e-02 4.350435043504356780e-02 3.870387038703877042e-02
1.860186018601863236e-02 2.310231023102314249e-02 3.480348034803485563e-02 2.160216021602163680e-02
3.180318031803185119e-02 2.670267026702674226e-02 2.940294029402945597e-02 2.460246024602464471e-02
3.480348034803486951e-02 2.190219021902192753e-02 2.730273027302733760e-02 3.330333033303337770e-02
2.340234023402343669e-02 2.610261026102615387e-02 3.330333033303334300e-02 2.790279027902795028e-02
2.010201020102013111e-02 2.010201020102013111e-02 1.920192019201923117e-02 9.900990099009911519e-03
3.510351035103517064e-02 1.860186018601863236e-02 2.280228022802283094e-02 1.410141014101411530e-02
