6.948999999999999622e-01 7.248999999999999888e-01 8.157999999999999696e-01 7.214000000000000412e-01
6.274999999999999467e-01 5.282000000000000028e-01 5.907999999999999918e-01 6.143999999999999462e-01
5.007000000000000339e-01 4.773000000000000020e-01 6.199000000000000066e-01 4.590000000000000191e-01
4.798999999999999932e-01 5.040000000000000036e-01 5.268000000000000460e-01 4.915999999999999814e-01
2.968999999999999972e-01 4.092999999999999972e-01 3.819000000000000172e-01 4.757000000000000117e-01
3.896000000000000019e-01 3.605999999999999761e-01 3.417999999999999927e-01 4.425000000000000044e-01
2.857000000000000095e-01 3.386000000000000121e-01 2.772999999999999909e-01 3.109000000000000097e-01
2.770000000000000240e-01 3.674000000000000044e-01 1.658000000000000029e-01 1.615999999999999936e-01
1.900999999999999912e-01 1.695000000000000118e-01 2.396000000000000074e-01 1.693000000000000060e-01
1.633000000000000007e-01 1.773000000000000131e-01 2.119999999999999940e-01 1.400000000000000133e-01
1.572999999999999954e-01 1.428000000000000103e-01 2.073000000000000120e-01 1.622000000000000108e-01
1.118999999999999995e-01 1.607999999999999985e-01 1.100000000000000006e-01 1.791999999999999982e-01
1.058000000000000052e-01 1.053000000000000047e-01 1.663000000000000034e-01 9.790000000000000091e-02
7.749999999999999944e-02 1.111999999999999933e-01 6.880000000000000004e-02 8.029999999999999638e-02
7.910000000000000364e-02 9.589999999999999913e-02 1.512000000000000011e-01 1.008000000000000007e-01
7.950000000000000122e-02 5.850000000000000339e-02 1.414999999999999869e-01 7.439999999999999392e-02
6.930000000000000049e-02 6.940000000000000335e-02 7.249999999999999500e-02 7.950000000000000122e-02
9.610000000000000486e-02 9.650000000000000244e-02 9.370000000000000551e-02 6.519999999999999407e-02
8.619999999999999885e-02 8.899999999999999578e-02 6.529999999999999694e-02 6.230000000000000121e-02
6.919999999999999762e-02 6.790000000000000202e-02 6.370000000000000662e-02 6.679999999999999827e-02
6.370000000000000662e-02 4.580000000000000043e-02 5.050000000000000322e-02 5.140000000000000124e-02
4.680000000000000132e-02 7.689999999999999614e-02 4.809999999999999692e-02 8.359999999999999376e-02
5.530000000000000193e-02 6.859999999999999432e-02 4.610000000000000209e-02 4.250000000000000305e-02
4.830000000000000265e-02 3.599999999999999728e-02 4.710000000000000298e-02 4.089999999999999886e-02
5.399999999999999939e-02 4.220000000000000140e-02 4.019999999999999962e-02 5.149999999999999717e-02
3.930000000000000160e-02 5.519999999999999907e-02 3.259999999999999704e-02 4.229999999999999732e-02
4.320000000000000229e-02 4.109999999999999765e-02 3.549999999999999684e-02 3.760000000000000148e-02
3.049999999999999933e-02 4.150000000000000216e-02 3.559999999999999970e-02 3.749999999999999861e-02
3.269999999999999990e-02 3.130000000000000143e-02 4.309999999999999942e-02 3.740000000000000269e-02
3.599999999999999728e-02 3.330000000000000321e-02 3.099999999999999978e-02 3.420000000000000123e-02
3.729999999999999982e-02 3.070000000000000159e-02 3.549999999999999684e-02 2.850000000000000103e-02
3.749999999999999861e-02 3.930000000000000160e-02 4.050000000000000128e-02 3.440000000000000002e-02
3.440000000000000002e-02 3.350000000000000200e-02 3.150000000000000022e-02 4.909999999999999781e-02
2.970000000000000070e-02 4.039999999999999841e-02 3.139999999999999736e-02 3.500000000000000333e-02
4.089999999999999886e-02 2.860000000000000042e-02 2.580000000000000002e-02 4.510000000000000120e-02
3.219999999999999946e-02 2.740000000000000074e-02 2.670000000000000151e-02 3.529999999999999805e-02
3.289999999999999869e-02 3.309999999999999748e-02 3.880000000000000115e-02 3.239999999999999825e-02
3.860000000000000236e-02 3.769999999999999740e-02 3.610000000000000014e-02 3.230000000000000232e-02
3.189999999999999780e-02 3.030000000000000054e-02 2.649999999999999925e-02 3.760000000000000148e-02
3.570000000000000256e-02 3.479999999999999760e-02 3.479999999999999760e-02 2.850000000000000103e-02
3.330000000000000321e-02 3.719999999999999696e-02 3.070000000000000159e-02 3.579999999999999849e-02
3.769999999999999740e-02 3.099999999999999978e-02 2.960000000000000131e-02 3.570000000000000256e-02
3.320000000000000034e-02 2.489999999999999852e-02 3.209999999999999659e-02 2.800000000000000058e-02
3.559999999999999970e-02 2.860000000000000042e-02 3.529999999999999805e-02 3.090000000000000038e-02
3.839999999999999664e-02 3.470000000000000168e-02 3.080000000000000099e-02 3.889999999999999708e-02
2.610000000000000167e-02 2.960000000000000131e-02 2.560000000000000123e-02 3.309999999999999748e-02
3.289999999999999869e-02 3.169999999999999901e-02 3.189999999999999780e-02 2.879999999999999921e-02
4.100000000000000172e-02 2.790000000000000119e-02 3.169999999999999901e-02 2.920000000000000026e-02
3.610000000000000014e-02 3.500000000000000333e-02 2.740000000000000074e-02 3.790000000000000313e-02
2.840000000000000163e-02 3.420000000000000123e-02 3.280000000000000276e-02 3.470000000000000168e-02
