6.939693969396939499e-01 6.990699069906990415e-01 6.180618061806180119e-01 7.383738373837384072e-01 6.903690369036903363e-01 6.621662166216621959e-01 8.100810081008100738e-01 7.578757875787578424e-01 6.831683168316832200e-01 7.203720372037203390e-01 6.615661566156615381e-01 6.210621062106210788e-01
6.309630963096309886e-01 5.316531653165316174e-01 4.293429342934293458e-01 5.868586858685868046e-01 4.332433243324332328e-01 3.474347434743474405e-01 5.829582958295829176e-01 4.983498349834983299e-01 4.059405940594059681e-01 6.039603960396039417e-01 5.172517251725172738e-01 4.080408040804080483e-01
5.082508250825082952e-01 3.144314431443144264e-01 2.094209420942094169e-01 4.701470147014701340e-01 2.790279027902790032e-01 2.475247524752475226e-01 6.162616261626162606e-01 4.419441944194419380e-01 3.252325232523252119e-01 5.118511851185117978e-01 3.576357635763576237e-01 2.601260126012601148e-01
4.845484548454845330e-01 3.285328532853285521e-01 2.082208220822082123e-01 4.605460546054605531e-01 3.153315331533153576e-01 2.013201320132013139e-01 5.181518151815182049e-01 3.312331233123312346e-01 2.298229822982298109e-01 5.088508850885088419e-01 3.378337833783378596e-01 2.271227122712271285e-01
4.002400240024002187e-01 1.908190819081908296e-01 1.194119411941194087e-01 4.116411641164116619e-01 2.433243324332433344e-01 1.479147914791479057e-01 3.771377137713771144e-01 1.881188118811881194e-01 1.398139813981398027e-01 4.344434443444344374e-01 2.769276927692769230e-01 1.974197419741974269e-01
3.627362736273627153e-01 1.770177017701770050e-01 1.353135313531353134e-01 3.783378337833783189e-01 1.680168016801680264e-01 1.137113711371137148e-01 2.385238523852385162e-01 1.521152115211521216e-01 6.240624062406240763e-02 4.356435643564356419e-01 2.271227122712271285e-01 1.689168916891689298e-01
2.613261326132613194e-01 1.260126012601260059e-01 7.440744074407440456e-02 2.847284728472847526e-01 1.842184218421842046e-01 9.390939093909390911e-02 3.315331533153315080e-01 1.482148214821482068e-01 7.830783078307830547e-02 2.610261026102610460e-01 1.533153315331533262e-01 6.960696069606960024e-02
3.144314431443144264e-01 1.386138613861386260e-01 9.930993099309931571e-02 3.261326132613261430e-01 1.533153315331533262e-01 1.056105610561056118e-01 2.367236723672367371e-01 8.070807080708071457e-02 3.750375037503750342e-02 2.370237023702370105e-01 9.900990099009901457e-02 3.990399039903990558e-02
1.953195319531953189e-01 9.030903090309030934e-02 5.670567056705670683e-02 1.731173117311731180e-01 5.550555055505550228e-02 3.810381038103810569e-02 2.619261926192619216e-01 9.690969096909690661e-02 5.400540054005400353e-02 1.449144914491449221e-01 6.270627062706270183e-02 4.140414041404140433e-02
1.734173417341734191e-01 6.420642064206420752e-02 4.350435043504350535e-02 1.893189318931893239e-01 7.680768076807681366e-02 5.640564056405640569e-02 2.373237323732373116e-01 6.750675067506750615e-02 4.830483048304830274e-02 1.281128112811281139e-01 3.990399039903990558e-02 2.370237023702370313e-02
1.446144614461446209e-01 5.850585058505850672e-02 4.320432043204320421e-02 1.239123912391239118e-01 3.930393039303930330e-02 3.270327032703270603e-02 1.929192919291929098e-01 7.350735073507350115e-02 3.540354035403540239e-02 1.449144914491449221e-01 7.140714071407140706e-02 4.530453045304530524e-02
1.110111011101110046e-01 4.980498049804980842e-02 3.180318031803180262e-02 1.653165316531653162e-01 6.000600060006000547e-02 3.870387038703870103e-02 1.338133813381338078e-01 5.310531053105310706e-02 3.450345034503450592e-02 1.899189918991899262e-01 7.920792079207920888e-02 5.040504050405040376e-02
1.263126312631263071e-01 3.720372037203720228e-02 2.730273027302730290e-02 1.287128712871287162e-01 4.830483048304830274e-02 3.630363036303630581e-02 1.110111011101110046e-01 7.170717071707170820e-02 4.710471047104710512e-02 1.125112511251125103e-01 3.990399039903990558e-02 3.600360036003600467e-02
8.700870087008701070e-02 3.930393039303930330e-02 3.360336033603360251e-02 8.070807080708071457e-02 4.080408040804080205e-02 2.910291029102910279e-02 7.050705070507050365e-02 3.090309030903090268e-02 2.970297029702970160e-02 9.540954095409541480e-02 4.170417041704170547e-02 3.450345034503450592e-02
8.940894089408940593e-02 3.390339033903390364e-02 3.420342034203420478e-02 1.131113111311131125e-01 5.400540054005400353e-02 3.690369036903690114e-02 1.572157215721572132e-01 4.860486048604860387e-02 3.120312031203120381e-02 1.095109510951095128e-01 4.350435043504350535e-02 3.330333033303330137e-02
6.630663066306630160e-02 3.360336033603360251e-02 2.730273027302730290e-02 6.540654065406541207e-02 2.850285028502850398e-02 2.310231023102310086e-02 1.197119711971197098e-01 5.010501050105010262e-02 3.510351035103510126e-02 7.920792079207920888e-02 4.320432043204320421e-02 2.730273027302730290e-02
6.120612061206120308e-02 2.790279027902790171e-02 3.690369036903690114e-02 6.720672067206720501e-02 3.240324032403240490e-02 3.750375037503750342e-02 5.970597059705970433e-02 2.970297029702970160e-02 2.400240024002400080e-02 7.410741074107410342e-02 4.710471047104710512e-02 4.080408040804080205e-02
8.880888088808880365e-02 4.530453045304530524e-02 3.450345034503450592e-02 8.670867086708670957e-02 3.810381038103810569e-02 3.180318031803180262e-02 1.014101410141014098e-01 4.680468046804680399e-02 4.350435043504350535e-02 6.210621062106210649e-02 3.060306030603060154e-02 2.940294029402940393e-02
7.110711071107110592e-02 3.840384038403840683e-02 2.940294029402940393e-02 7.710771077107710092e-02 3.690369036903690114e-02 3.180318031803180262e-02 5.430543054305430467e-02 2.700270027002700177e-02 2.970297029702970160e-02 5.580558055805580342e-02 2.820282028202820285e-02 3.330333033303330137e-02
7.560756075607560911e-02 3.750375037503750342e-02 3.810381038103810569e-02 6.870687068706871070e-02 2.670267026702670410e-02 2.640264026402640296e-02 7.380738073807380228e-02 2.790279027902790171e-02 3.450345034503450592e-02 6.720672067206720501e-02 3.060306030603060154e-02 3.840384038403840683e-02
6.870687068706871070e-02 3.630363036303630581e-02 3.660366036603660694e-02 4.560456045604560638e-02 3.900390039003900217e-02 3.390339033903390364e-02 5.670567056705670683e-02 3.660366036603660694e-02 3.240324032403240490e-02 5.490549054905490695e-02 3.240324032403240490e-02 3.540354035403540239e-02
4.260426042604260194e-02 3.390339033903390364e-02 2.790279027902790171e-02 7.110711071107110592e-02 3.660366036603660694e-02 3.660366036603660694e-02 5.040504050405040376e-02 3.720372037203720228e-02 3.150315031503150148e-02 7.620762076207621138e-02 3.120312031203120381e-02 2.490249024902490421e-02
4.890489048904890501e-02 3.870387038703870103e-02 2.670267026702670410e-02 7.620762076207621138e-02 3.390339033903390364e-02 3.450345034503450592e-02 3.720372037203720228e-02 3.120312031203120381e-02 3.630363036303630581e-02 4.590459045904590751e-02 2.610261026102610182e-02 2.880288028802880165e-02
4.740474047404740626e-02 3.180318031803180262e-02 2.580258025802580416e-02 3.540354035403540239e-02 2.940294029402940393e-02 2.490249024902490421e-02 4.800480048004800160e-02 2.640264026402640296e-02 3.060306030603060154e-02 3.690369036903690114e-02 2.280228022802280319e-02 2.730273027302730290e-02
5.220522052205220365e-02 3.780378037803780455e-02 2.730273027302730290e-02 4.320432043204320421e-02 3.870387038703870103e-02 3.750375037503750342e-02 3.600360036003600467e-02 3.120312031203120381e-02 2.520252025202520188e-02 4.740474047404740626e-02 3.510351035103510126e-02 3.780378037803780455e-02
4.680468046804680399e-02 2.970297029702970160e-02 3.090309030903090268e-02 5.730573057305730911e-02 3.780378037803780455e-02 4.380438043804380649e-02 3.390339033903390364e-02 2.640264026402640296e-02 2.790279027902790171e-02 4.140414041404140433e-02 3.180318031803180262e-02 3.600360036003600467e-02
4.860486048604860387e-02 3.990399039903990558e-02 3.240324032403240490e-02 4.230423042304230080e-02 2.610261026102610182e-02 3.390339033903390364e-02 4.200420042004200660e-02 3.390339033903390364e-02 2.370237023702370313e-02 4.530453045304530524e-02 3.930393039303930330e-02 2.940294029402940393e-02
3.450345034503450592e-02 2.340234023402340199e-02 2.220222022202220091e-02 4.380438043804380649e-02 3.390339033903390364e-02 2.820282028202820285e-02 4.500450045004500410e-02 3.030303030303030387e-02 3.030303030303030387e-02 4.080408040804080205e-02 3.270327032703270603e-02 3.180318031803180262e-02
2.520252025202520188e-02 2.790279027902790171e-02 2.970297029702970160e-02 3.090309030903090268e-02 2.490249024902490421e-02 2.670267026702670410e-02 3.240324032403240490e-02 3.420342034203420478e-02 3.360336033603360251e-02 3.480348034803480012e-02 2.820282028202820285e-02 3.420342034203420478e-02
3.450345034503450592e-02 2.670267026702670410e-02 2.670267026702670410e-02 3.360336033603360251e-02 2.820282028202820285e-02 3.240324032403240490e-02 3.390339033903390364e-02 2.970297029702970160e-02 2.820282028202820285e-02 3.570357035703570353e-02 3.660366036603660694e-02 3.630363036303630581e-02
3.360336033603360251e-02 3.000300030003000273e-02 2.760276027602760404e-02 3.630363036303630581e-02 2.940294029402940393e-02 3.870387038703870103e-02 3.270327032703270603e-02 3.390339033903390364e-02 3.030303030303030387e-02 3.030303030303030387e-02 2.220222022202220091e-02 2.850285028502850398e-02
3.480348034803480012e-02 3.000300030003000273e-02 3.360336033603360251e-02 3.600360036003600467e-02 3.720372037203720228e-02 4.200420042004200660e-02 4.290429042904290308e-02 3.180318031803180262e-02 2.760276027602760404e-02 2.940294029402940393e-02 2.460246024602460307e-02 2.910291029102910279e-02
3.840384038403840683e-02 2.940294029402940393e-02 3.090309030903090268e-02 3.180318031803180262e-02 3.270327032703270603e-02 2.640264026402640296e-02 3.210321032103210376e-02 2.760276027602760404e-02 2.580258025802580416e-02 4.890489048904890501e-02 4.440444044404440183e-02 4.230423042304230080e-02
2.970297029702970160e-02 3.120312031203120381e-02 2.610261026102610182e-02 3.540354035403540239e-02 3.840384038403840683e-02 3.720372037203720228e-02 3.720372037203720228e-02 2.910291029102910279e-02 2.490249024902490421e-02 2.700270027002700177e-02 2.460246024602460307e-02 2.760276027602760404e-02
3.990399039903990558e-02 3.840384038403840683e-02 3.240324032403240490e-02 2.460246024602460307e-02 2.820282028202820285e-02 2.370237023702370313e-02 2.070207020702070216e-02 3.030303030303030387e-02 2.580258025802580416e-02 4.590459045904590751e-02 3.810381038103810569e-02 2.970297029702970160e-02
2.910291029102910279e-02 3.690369036903690114e-02 3.150315031503150148e-02 3.000300030003000273e-02 2.490249024902490421e-02 2.760276027602760404e-02 2.670267026702670410e-02 2.250225022502250205e-02 2.670267026702670410e-02 3.510351035103510126e-02 3.180318031803180262e-02 3.120312031203120381e-02
2.910291029102910279e-02 2.970297029702970160e-02 3.390339033903390364e-02 3.000300030003000273e-02 3.690369036903690114e-02 3.930393039303930330e-02 3.660366036603660694e-02 3.390339033903390364e-02 3.510351035103510126e-02 3.630363036303630581e-02 3.570357035703570353e-02 2.880288028802880165e-02
3.240324032403240490e-02 3.390339033903390364e-02 3.780378037803780455e-02 4.200420042004200660e-02 3.180318031803180262e-02 3.390339033903390364e-02 3.570357035703570353e-02 3.870387038703870103e-02 4.020402040204020672e-02 2.790279027902790171e-02 2.730273027302730290e-02 3.000300030003000273e-02
3.270327032703270603e-02 2.970297029702970160e-02 2.970297029702970160e-02 2.970297029702970160e-02 3.360336033603360251e-02 2.700270027002700177e-02 2.250225022502250205e-02 2.370237023702370313e-02 2.490249024902490421e-02 3.510351035103510126e-02 3.720372037203720228e-02 3.060306030603060154e-02
3.450345034503450592e-02 3.720372037203720228e-02 2.220222022202220091e-02 2.700270027002700177e-02 3.000300030003000273e-02 2.940294029402940393e-02 3.360336033603360251e-02 2.880288028802880165e-02 3.660366036603660694e-02 2.970297029702970160e-02 3.810381038103810569e-02 3.660366036603660694e-02
2.850285028502850398e-02 2.730273027302730290e-02 3.690369036903690114e-02 3.120312031203120381e-02 3.480348034803480012e-02 3.030303030303030387e-02 3.630363036303630581e-02 3.150315031503150148e-02 3.480348034803480012e-02 3.810381038103810569e-02 3.930393039303930330e-02 3.570357035703570353e-02
3.690369036903690114e-02 3.480348034803480012e-02 3.510351035103510126e-02 2.430243024302430194e-02 3.180318031803180262e-02 2.850285028502850398e-02 2.970297029702970160e-02 2.460246024602460307e-02 3.240324032403240490e-02 2.850285028502850398e-02 2.730273027302730290e-02 2.640264026402640296e-02
2.820282028202820285e-02 3.030303030303030387e-02 2.820282028202820285e-02 2.850285028502850398e-02 3.210321032103210376e-02 2.370237023702370313e-02 2.670267026702670410e-02 3.060306030603060154e-02 3.390339033903390364e-02 3.210321032103210376e-02 3.210321032103210376e-02 3.090309030903090268e-02
3.600360036003600467e-02 3.510351035103510126e-02 3.990399039903990558e-02 2.940294029402940393e-02 2.550255025502550302e-02 2.520252025202520188e-02 2.730273027302730290e-02 3.660366036603660694e-02 3.630363036303630581e-02 2.850285028502850398e-02 2.970297029702970160e-02 3.480348034803480012e-02
3.810381038103810569e-02 3.660366036603660694e-02 4.110411041104110319e-02 3.120312031203120381e-02 3.840384038403840683e-02 2.520252025202520188e-02 3.570357035703570353e-02 3.240324032403240490e-02 2.910291029102910279e-02 3.750375037503750342e-02 4.410441044104410763e-02 3.930393039303930330e-02
2.550255025502550302e-02 2.250225022502250205e-02 2.010201020102010336e-02 3.270327032703270603e-02 2.730273027302730290e-02 2.340234023402340199e-02 2.970297029702970160e-02 2.820282028202820285e-02 3.300330033003300023e-02 2.940294029402940393e-02 2.610261026102610182e-02 3.300330033003300023e-02
3.960396039603960444e-02 3.600360036003600467e-02 3.060306030603060154e-02 2.910291029102910279e-02 3.150315031503150148e-02 3.150315031503150148e-02 2.790279027902790171e-02 2.880288028802880165e-02 3.360336033603360251e-02 2.520252025202520188e-02 2.430243024302430194e-02 2.880288028802880165e-02
3.780378037803780455e-02 3.720372037203720228e-02 3.480348034803480012e-02 2.640264026402640296e-02 2.820282028202820285e-02 2.520252025202520188e-02 3.150315031503150148e-02 3.180318031803180262e-02 3.270327032703270603e-02 2.820282028202820285e-02 2.700270027002700177e-02 2.940294029402940393e-02
3.750375037503750342e-02 2.640264026402640296e-02 3.420342034203420478e-02 3.720372037203720228e-02 3.600360036003600467e-02 3.630363036303630581e-02 2.940294029402940393e-02 3.510351035103510126e-02 2.850285028502850398e-02 3.420342034203420478e-02 4.230423042304230080e-02 4.260426042604260194e-02
3.030303030303030387e-02 3.300330033003300023e-02 2.880288028802880165e-02 3.510351035103510126e-02 3.390339033903390364e-02 3.630363036303630581e-02 3.390339033903390364e-02 4.170417041704170547e-02 4.080408040804080205e-02 4.080408040804080205e-02 3.840384038403840683e-02 2.940294029402940393e-02
