6.027602760276015159e-01 8.061806180618056317e-01 8.397839783978390260e-01 7.974797479747978146e-01
7.272727272727270709e-01 8.082808280828086556e-01 6.597659765976590096e-01 6.681668166816674415e-01
7.908790879087914671e-01 8.208820882088216919e-01 8.481848184818485681e-01 7.227722772277225260e-01
6.762676267626761550e-01 6.369636963696369003e-01 7.905790579057905276e-01 7.401740174017401586e-01
7.476747674767482144e-01 6.528652865286532769e-01 7.068706870687074817e-01 6.699669966996703030e-01
6.924692469246932491e-01 7.446744674467454805e-01 3.216321632163214317e-01 7.944794479447955249e-01
4.803480348034808167e-01 3.954395439543956225e-01 6.282628262826284171e-01 3.927392739273928846e-01
6.267626762676273833e-01 6.240624062406247008e-01 5.055505550555060568e-01 4.539453945394542611e-01
3.717371737173721380e-01 3.909390939093915218e-01 5.490549054905496940e-01 2.880288028802883149e-01
3.711371137113715912e-01 3.939393939393945332e-01 5.577557755775585102e-01 2.883288328832887548e-01
3.015301530153020604e-01 2.865286528652870590e-01 3.936393639363941488e-01 2.658265826582660307e-01
2.154215421542155506e-01 3.546354635463549454e-01 2.766276627662769827e-01 3.825382538253829789e-01
2.946294629462949399e-01 2.775277527752779694e-01 1.650165016501649595e-01 2.538253825382541518e-01
1.767176717671768704e-01 1.488148814881489201e-01 1.485148514851487578e-01 1.956195619561958421e-01
2.007200720072009892e-01 2.142214221422143738e-01 3.570357035703575210e-01 2.313231323132317330e-01
1.254125412541254592e-01 1.338133813381339743e-01 2.439243924392442975e-01 1.353135313531353967e-01
1.368136813681370134e-01 1.419141914191421050e-01 1.140114011401141131e-01 1.218121812181219149e-01
1.650165016501651816e-01 1.776177617761777461e-01 2.073207320732075309e-01 1.239123912391240923e-01
1.275127512751276504e-01 1.524152415241525338e-01 1.116111611161117734e-01 1.161116111611162766e-01
1.524152415241527003e-01 1.524152415241526171e-01 1.722172217221723811e-01 1.482148214821484566e-01
1.338133813381339743e-01 5.370537053705367464e-02 9.270927092709274620e-02 1.029102910291029987e-01
5.400540054005398272e-02 1.401140114011401594e-01 7.110711071107109205e-02 1.599159915991600622e-01
5.730573057305730911e-02 1.614161416141616234e-01 5.430543054305426998e-02 8.820882088208834015e-02
7.260726072607265325e-02 4.290429042904285450e-02 9.540954095409555358e-02 6.960696069606969738e-02
7.050705070507055916e-02 5.100510051005096440e-02 3.960396039603958362e-02 7.470747074707478896e-02
8.220822082208227577e-02 1.023102310231024659e-01 5.040504050405039682e-02 6.480648064806486530e-02
5.850585058505847896e-02 8.250825082508260466e-02 4.800480048004797384e-02 4.740474047404735769e-02
5.550555055505555085e-02 5.790579057905789750e-02 7.440744074407448783e-02 5.610561056105607680e-02
2.160216021602158129e-02 4.470447044704475847e-02 2.820282028202818550e-02 5.400540054005404517e-02
5.010501050105012344e-02 4.860486048604863163e-02 4.080408040804080205e-02 3.360336033603356781e-02
3.840384038403839989e-02 5.940594059405946564e-02 2.670267026702665900e-02 5.280528052805286143e-02
4.800480048004802242e-02 3.840384038403839295e-02 6.090609060906094357e-02 4.350435043504351229e-02
5.790579057905794608e-02 2.370237023702362680e-02 3.930393039303934494e-02 5.580558055805583118e-02
2.160216021602160211e-02 2.820282028202813693e-02 4.920492049204922003e-02 3.480348034803480706e-02
3.690369036903685257e-02 1.290129012901286044e-02 -3.000300030003084234e-03 5.310531053105309318e-02
8.100810081008009284e-03 4.290429042904293083e-02 3.930393039303932412e-02 4.110411041104111013e-02
3.210321032103210376e-02 1.860186018601855951e-02 4.320432043204322503e-02 3.060306030603057378e-02
3.330333033303329443e-02 6.450645064506455029e-02 3.120312031203117606e-02 3.180318031803180262e-02
3.870387038703870797e-02 1.530153015301520189e-02 2.130213021302128015e-02 2.430243024302422561e-02
1.410141014101397479e-02 2.040204020402036980e-02 5.100510051005101991e-02 1.140114011401128884e-02
4.050405040504052867e-02 1.950195019501944557e-02 4.920492049204924778e-02 3.210321032103202049e-02
4.140414041404139739e-02 6.000600060005896116e-03 4.770477047704774903e-02 3.000300030002998192e-02
2.190219021902184773e-02 1.290129012901278412e-02 2.220222022202217316e-02 3.090309030903084370e-02
4.260426042604262276e-02 3.690369036903690808e-02 8.400840084008301747e-03 3.120312031203120381e-02
4.560456045604557168e-02 3.600360036003467067e-03 3.900390039003897441e-02 1.950195019501938659e-02
2.910291029102909932e-02 3.960396039603960444e-02 3.750375037503752423e-02 4.290429042904293083e-02
4.140414041404136269e-02 2.430243024302428112e-02 3.090309030903090962e-02 3.150315031503148067e-02
3.660366036603655143e-02 1.980198019801975712e-02 3.180318031803176793e-02 3.300330033003297248e-02
6.750675067506761717e-02 3.990399039903987088e-02 1.140114011401128884e-02 1.830183018301824449e-02
2.070207020702066400e-02 3.990399039903989170e-02 1.740174017401734455e-02 3.660366036603655143e-02
