9.582958295829583362e-01 9.459945994599460173e-01 9.243924392439244464e-01 9.660966096609661102e-01 9.462946294629462907e-01 9.285928592859286068e-01 9.507950795079508355e-01 9.150915091509150834e-01 8.781878187818782378e-01 9.498949894989499043e-01 9.111911191119111963e-01 8.883888388838884209e-01
9.123912391239124009e-01 8.511851185118511909e-01 7.977797779777977549e-01 8.952895289528952638e-01 8.103810381038103472e-01 7.401740174017401586e-01 8.925892589258925813e-01 8.187818781878187790e-01 7.545754575457546132e-01 9.093909390939094450e-01 8.298829882988298934e-01 7.767776777677767308e-01
8.412841284128412811e-01 7.098709870987098824e-01 6.246624662466246924e-01 8.715871587158715572e-01 7.677767776777677522e-01 6.846684668466846979e-01 8.763876387638763754e-01 7.800780078007800711e-01 7.080708070807080201e-01 8.415841584158415545e-01 7.185718571857185877e-01 6.330633063306330133e-01
8.136813681368136875e-01 6.783678367836784018e-01 5.667566756675667117e-01 8.208820882088209148e-01 6.867686768676867226e-01 5.634563456345634824e-01 8.196819681968197102e-01 6.543654365436543108e-01 5.598559855985598688e-01 8.508850885088509175e-01 7.275727572757275663e-01 6.243624362436243080e-01
7.722772277227722970e-01 6.108610861086108956e-01 4.674467446744674515e-01 7.608760876087609093e-01 6.108610861086108956e-01 4.794479447944794415e-01 7.080708070807080201e-01 5.496549654965496856e-01 4.155415541554155490e-01 8.064806480648064602e-01 6.501650165016501504e-01 5.532553255325532993e-01
7.605760576057605249e-01 5.760576057605760747e-01 4.581458145814581440e-01 7.482748274827483170e-01 5.712571257125712565e-01 4.290429042904290169e-01 7.092709270927092247e-01 4.878487848784878733e-01 3.759375937593759653e-01 7.371737173717372027e-01 5.421542154215421849e-01 4.278427842784278679e-01
6.960696069606960856e-01 5.025502550255025458e-01 3.798379837983798524e-01 6.780678067806780174e-01 4.806480648064806460e-01 3.312331233123312346e-01 7.269726972697270195e-01 5.382538253825382979e-01 3.993399339933993430e-01 6.819681968196820154e-01 4.800480048004800437e-01 3.354335433543354505e-01
6.693669366936693121e-01 4.974497449744974542e-01 3.669366936693669312e-01 7.101710171017101558e-01 5.091509150915091153e-01 3.687368736873687380e-01 6.210621062106210788e-01 4.059405940594059681e-01 2.610261026102610460e-01 6.057605760576058040e-01 3.807380738073807280e-01 2.535253525352535453e-01
6.288628862886288529e-01 3.858385838583858196e-01 2.694269426942694223e-01 5.619561956195620045e-01 3.240324032403240073e-01 1.998199819981998082e-01 6.330633063306330133e-01 4.212421242124212428e-01 2.622262226222622505e-01 5.748574857485748701e-01 3.747374737473747608e-01 2.397239723972397207e-01
5.622562256225622779e-01 3.378337833783378596e-01 2.118211821182118260e-01 5.613561356135613467e-01 3.264326432643264164e-01 1.761176117611761294e-01 5.700570057005700519e-01 3.339333933393339171e-01 1.848184818481848068e-01 5.709570957095709831e-01 3.558355835583558169e-01 2.034203420342034219e-01
5.433543354335433895e-01 3.015301530153015053e-01 1.938193819381938132e-01 5.307530753075307972e-01 3.015301530153015053e-01 1.776177617761776073e-01 5.874587458745874624e-01 3.672367236723672601e-01 2.142214221422142351e-01 5.475547554755475499e-01 3.279327932793279499e-01 1.818181818181818232e-01
5.298529852985298660e-01 2.853285328532853549e-01 1.692169216921692032e-01 5.358535853585358888e-01 3.357335733573357239e-01 1.929192919291929098e-01 5.019501950195019990e-01 2.652265226522652064e-01 1.464146414641464278e-01 5.529552955295529149e-01 3.252325232523252119e-01 1.983198319831983303e-01
4.893489348934893512e-01 2.292229222922292364e-01 1.476147614761476046e-01 4.572457245724572683e-01 2.235223522352235148e-01 1.215121512151215166e-01 5.358535853585358888e-01 2.952295229522952091e-01 1.935193519351935121e-01 4.620462046204620310e-01 2.340234023402340269e-01 1.308130813081308241e-01
4.470447044704470296e-01 1.866186618661866137e-01 1.050105010501050096e-01 4.449444944494449494e-01 2.118211821182118260e-01 1.110111011101110046e-01 4.377437743774377221e-01 2.319231923192319189e-01 1.137113711371137148e-01 4.053405340534053658e-01 1.968196819681968246e-01 1.011101110111011087e-01
4.005400540054005476e-01 1.746174617461746237e-01 8.220822082208220638e-02 4.359435943594359708e-01 2.097209720972097180e-01 1.143114311431143171e-01 4.854485448544854642e-01 2.589258925892589103e-01 1.365136513651365180e-01 4.470447044704470296e-01 2.424242424242424310e-01 1.284128412841284150e-01
3.840384038403840128e-01 1.668166816681668219e-01 8.640864086408640843e-02 3.759375937593759653e-01 1.665166516651665207e-01 8.850885088508850251e-02 4.593459345934593485e-01 2.313231323132313166e-01 1.392139213921392005e-01 3.783378337833783189e-01 1.740174017401740214e-01 9.240924092409240342e-02
3.609360936093609085e-01 1.446144614461446209e-01 6.990699069906990137e-02 3.348334833483348483e-01 1.401140114011401039e-01 7.440744074407440456e-02 3.468346834683468383e-01 1.350135013501350123e-01 7.140714071407140706e-02 3.996399639963996164e-01 1.728172817281728169e-01 8.640864086408640843e-02
3.513351335133513276e-01 1.392139213921392005e-01 7.980798079807981116e-02 3.576357635763576237e-01 1.272127212721272105e-01 7.980798079807981116e-02 3.768376837683768410e-01 1.677167716771677253e-01 8.850885088508850251e-02 3.684368436843684091e-01 1.476147614761476046e-01 7.710771077107710092e-02
3.123312331233123462e-01 1.317131713171316998e-01 6.300630063006300297e-02 3.897389738973897622e-01 1.641164116411641116e-01 8.910891089108910479e-02 3.552355235523552146e-01 1.629162916291629071e-01 6.960696069606960024e-02 3.003300330033003562e-01 1.125112511251125103e-01 6.180618061806180535e-02
3.549354935493549412e-01 1.428142814281428141e-01 7.590759075907591025e-02 3.033303330333033121e-01 1.269126912691269093e-01 7.350735073507350115e-02 3.471347134713471116e-01 1.395139513951395016e-01 8.010801080108011230e-02 3.126312631263126196e-01 1.218121812181218178e-01 5.640564056405640569e-02
3.057305730573057212e-01 1.185118511851185052e-01 4.770477047704770740e-02 2.733273327332733094e-01 7.890789078907890775e-02 4.470447044704470296e-02 3.132313231323132219e-01 1.224122412241224062e-01 5.640564056405640569e-02 2.673267326732673421e-01 9.360936093609360797e-02 4.320432043204320421e-02
2.826282628262826169e-01 1.029102910291029155e-01 4.860486048604860387e-02 3.510351035103510542e-01 1.419141914191419107e-01 8.250825082508250752e-02 2.892289228922892419e-01 1.083108310831083082e-01 5.280528052805280592e-02 3.333333333333333148e-01 1.275127512751275116e-01 6.270627062706270183e-02
2.886288628862886396e-01 9.180918091809181503e-02 6.090609060906090888e-02 3.036303630363036410e-01 1.098109810981098139e-01 5.730573057305730911e-02 2.508250825082508073e-01 8.610861086108610729e-02 4.140414041404140433e-02 2.382238223822382150e-01 8.940894089408940593e-02 4.710471047104710512e-02
2.427242724272427321e-01 9.210921092109210229e-02 4.950495049504950729e-02 2.790279027902790032e-01 8.100810081008100183e-02 4.200420042004200660e-02 3.069306930693069257e-01 1.005100510051005064e-01 5.550555055505550228e-02 2.649264926492649330e-01 9.540954095409541480e-02 5.670567056705670683e-02
2.334233423342334246e-01 9.060906090609061048e-02 4.500450045004500410e-02 2.268226822682268273e-01 7.320732073207321389e-02 4.170417041704170547e-02 2.529252925292529430e-01 8.910891089108910479e-02 3.810381038103810569e-02 2.469246924692469203e-01 8.700870087008701070e-02 3.660366036603660694e-02
2.172217221722172187e-01 7.560756075607560911e-02 4.260426042604260194e-02 2.457245724572457157e-01 8.850885088508850251e-02 4.110411041104110319e-02 2.262226222622262251e-01 7.380738073807380228e-02 4.470447044704470296e-02 2.262226222622262251e-01 7.290729072907291275e-02 4.230423042304230080e-02
2.034203420342034219e-01 6.240624062406240763e-02 3.330333033303330137e-02 2.115211521152115248e-01 7.140714071407140706e-02 3.870387038703870103e-02 1.908190819081908296e-01 6.060606060606060774e-02 3.690369036903690114e-02 2.058205820582058310e-01 6.480648064806480979e-02 4.260426042604260194e-02
1.905190519051905285e-01 5.910591059105910899e-02 3.720372037203720228e-02 2.235223522352235148e-01 8.040804080408041343e-02 4.710471047104710512e-02 1.914191419141914319e-01 5.220522052205220365e-02 3.810381038103810569e-02 1.929192919291929098e-01 5.820582058205820558e-02 3.450345034503450592e-02
2.010201020102010128e-01 6.960696069606960024e-02 4.080408040804080205e-02 2.010201020102010128e-01 6.960696069606960024e-02 3.960396039603960444e-02 2.019201920192019162e-01 5.190519051905190251e-02 3.660366036603660694e-02 1.812181218121812210e-01 5.760576057605760331e-02 3.900390039003900217e-02
1.677167716771677253e-01 4.710471047104710512e-02 3.750375037503750342e-02 1.761176117611761294e-01 5.160516051605160831e-02 3.300330033003300023e-02 1.749174917491749248e-01 5.340534053405340820e-02 3.750375037503750342e-02 1.689168916891689298e-01 4.890489048904890501e-02 3.150315031503150148e-02
2.238223822382238160e-01 7.770777077707770319e-02 4.140414041404140433e-02 1.554155415541554064e-01 4.710471047104710512e-02 3.540354035403540239e-02 1.923192319231923075e-01 6.630663066306630160e-02 3.660366036603660694e-02 1.572157215721572132e-01 4.950495049504950729e-02 3.360336033603360251e-02
1.761176117611761294e-01 4.950495049504950729e-02 3.660366036603660694e-02 1.608160816081608269e-01 4.860486048604860387e-02 3.120312031203120381e-02 1.671167116711671230e-01 6.090609060906090888e-02 3.510351035103510126e-02 1.533153315331533262e-01 5.160516051605160831e-02 3.930393039303930330e-02
1.587158715871587189e-01 4.320432043204320421e-02 3.660366036603660694e-02 1.803180318031803175e-01 5.730573057305730911e-02 3.570357035703570353e-02 1.518151815181518205e-01 4.830483048304830274e-02 3.750375037503750342e-02 1.800180018001800164e-01 5.130513051305130717e-02 3.450345034503450592e-02
1.455145514551455244e-01 3.870387038703870103e-02 2.880288028802880165e-02 1.494149414941494114e-01 4.650465046504650285e-02 3.240324032403240490e-02 1.284128412841284150e-01 4.230423042304230080e-02 3.480348034803480012e-02 1.296129612961296196e-01 4.470447044704470296e-02 3.150315031503150148e-02
1.785178517851785107e-01 6.480648064806480979e-02 3.270327032703270603e-02 1.329132913291329043e-01 4.800480048004800160e-02 3.480348034803480012e-02 1.149114911491149055e-01 4.350435043504350535e-02 3.270327032703270603e-02 1.545154515451545030e-01 4.860486048604860387e-02 3.540354035403540239e-02
1.452145214521452232e-01 4.290429042904290308e-02 3.240324032403240490e-02 1.293129312931293184e-01 3.750375037503750342e-02 3.180318031803180262e-02 1.287128712871287162e-01 4.380438043804380649e-02 3.690369036903690114e-02 1.320132013201320009e-01 4.260426042604260194e-02 2.820282028202820285e-02
1.080108010801080071e-01 3.480348034803480012e-02 2.970297029702970160e-02 1.305130513051305230e-01 4.470447044704470296e-02 3.840384038403840683e-02 1.425142514251425130e-01 4.290429042904290308e-02 3.330333033303330137e-02 1.560156015601560087e-01 5.130513051305130717e-02 3.810381038103810569e-02
1.128112811281128114e-01 3.870387038703870103e-02 3.150315031503150148e-02 1.122112211221122091e-01 4.080408040804080205e-02 3.330333033303330137e-02 1.056105610561056118e-01 4.200420042004200660e-02 3.420342034203420478e-02 1.122112211221122091e-01 3.750375037503750342e-02 3.390339033903390364e-02
1.188118811881188064e-01 4.020402040204020672e-02 3.120312031203120381e-02 1.113111311131113057e-01 3.690369036903690114e-02 3.840384038403840683e-02 1.083108310831083082e-01 3.390339033903390364e-02 3.060306030603060154e-02 1.167116711671167123e-01 4.290429042904290308e-02 3.720372037203720228e-02
1.191119111911191075e-01 4.830483048304830274e-02 3.330333033303330137e-02 9.810981098109811116e-02 4.320432043204320421e-02 3.090309030903090268e-02 1.233123312331233096e-01 4.350435043504350535e-02 2.940294029402940393e-02 1.074107410741074048e-01 3.180318031803180262e-02 3.540354035403540239e-02
1.113111311131113057e-01 3.870387038703870103e-02 2.940294029402940393e-02 1.020102010201020121e-01 3.750375037503750342e-02 3.210321032103210376e-02 9.720972097209720775e-02 3.390339033903390364e-02 3.060306030603060154e-02 1.242124212421242130e-01 3.870387038703870103e-02 3.570357035703570353e-02
9.210921092109210229e-02 3.540354035403540239e-02 2.940294029402940393e-02 1.035103510351035039e-01 3.690369036903690114e-02 2.910291029102910279e-02 8.160816081608160411e-02 3.330333033303330137e-02 4.020402040204020672e-02 9.720972097209720775e-02 4.470447044704470296e-02 3.600360036003600467e-02
1.056105610561056118e-01 3.450345034503450592e-02 2.970297029702970160e-02 8.970897089708970706e-02 3.690369036903690114e-02 3.150315031503150148e-02 9.360936093609360797e-02 3.720372037203720228e-02 3.300330033003300023e-02 9.210921092109210229e-02 3.480348034803480012e-02 3.330333033303330137e-02
9.300930093009300570e-02 3.990399039903990558e-02 3.240324032403240490e-02 7.890789078907890775e-02 2.850285028502850398e-02 3.210321032103210376e-02 8.730873087308731184e-02 4.620462046204620171e-02 3.120312031203120381e-02 8.910891089108910479e-02 3.270327032703270603e-02 3.150315031503150148e-02
8.670867086708670957e-02 3.690369036903690114e-02 3.540354035403540239e-02 1.026102610261026143e-01 4.080408040804080205e-02 2.940294029402940393e-02 8.310831083108310979e-02 4.410441044104410763e-02 2.910291029102910279e-02 8.190819081908190524e-02 3.780378037803780455e-02 3.180318031803180262e-02
8.730873087308731184e-02 2.970297029702970160e-02 3.000300030003000273e-02 7.350735073507350115e-02 3.060306030603060154e-02 2.790279027902790171e-02 7.230723072307231047e-02 3.210321032103210376e-02 2.940294029402940393e-02 7.560756075607560911e-02 3.660366036603660694e-02 3.360336033603360251e-02
9.930993099309931571e-02 3.750375037503750342e-02 3.120312031203120381e-02 8.070807080708071457e-02 3.780378037803780455e-02 3.330333033303330137e-02 7.320732073207321389e-02 3.360336033603360251e-02 3.240324032403240490e-02 8.340834083408341093e-02 3.120312031203120381e-02 3.210321032103210376e-02
8.070807080708071457e-02 2.880288028802880165e-02 3.480348034803480012e-02 8.220822082208220638e-02 3.870387038703870103e-02 2.910291029102910279e-02 7.650765076507651252e-02 2.820282028202820285e-02 2.790279027902790171e-02 8.880888088808880365e-02 4.080408040804080205e-02 3.300330033003300023e-02
6.900690069006901184e-02 3.060306030603060154e-02 2.940294029402940393e-02 7.800780078007800433e-02 3.270327032703270603e-02 3.390339033903390364e-02 9.120912091209121275e-02 4.080408040804080205e-02 3.330333033303330137e-02 7.350735073507350115e-02 3.510351035103510126e-02 3.240324032403240490e-02
7.440744074407440456e-02 3.120312031203120381e-02 3.120312031203120381e-02 7.440744074407440456e-02 3.840384038403840683e-02 3.420342034203420478e-02 6.210621062106210649e-02 3.480348034803480012e-02 3.180318031803180262e-02 7.230723072307231047e-02 3.330333033303330137e-02 3.150315031503150148e-02
6.210621062106210649e-02 2.820282028202820285e-02 3.120312031203120381e-02 9.300930093009300570e-02 3.780378037803780455e-02 3.330333033303330137e-02 6.420642064206420752e-02 3.570357035703570353e-02 3.420342034203420478e-02 6.750675067506750615e-02 2.730273027302730290e-02 2.700270027002700177e-02
6.390639063906390638e-02 3.180318031803180262e-02 3.090309030903090268e-02 6.510651065106511093e-02 4.020402040204020672e-02 3.450345034503450592e-02 6.600660066006600046e-02 2.880288028802880165e-02 2.670267026702670410e-02 6.540654065406541207e-02 2.730273027302730290e-02 2.940294029402940393e-02
6.510651065106511093e-02 2.640264026402640296e-02 3.450345034503450592e-02 5.670567056705670683e-02 3.330333033303330137e-02 3.360336033603360251e-02 6.660666066606660274e-02 2.820282028202820285e-02 2.790279027902790171e-02 5.940594059405940319e-02 3.030303030303030387e-02 3.420342034203420478e-02
6.090609060906090888e-02 3.090309030903090268e-02 2.970297029702970160e-02 5.550555055505550228e-02 3.150315031503150148e-02 3.300330033003300023e-02 5.940594059405940319e-02 3.150315031503150148e-02 3.090309030903090268e-02 5.310531053105310706e-02 3.390339033903390364e-02 2.550255025502550302e-02
5.700570057005700797e-02 3.090309030903090268e-02 3.360336033603360251e-02 6.270627062706270183e-02 3.270327032703270603e-02 2.970297029702970160e-02 5.340534053405340820e-02 3.000300030003000273e-02 2.970297029702970160e-02 6.990699069906990137e-02 2.940294029402940393e-02 2.730273027302730290e-02
6.720672067206720501e-02 3.630363036303630581e-02 3.570357035703570353e-02 5.490549054905490695e-02 3.180318031803180262e-02 3.030303030303030387e-02 5.610561056105610456e-02 3.360336033603360251e-02 3.000300030003000273e-02 5.340534053405340820e-02 3.090309030903090268e-02 2.880288028802880165e-02
5.820582058205820558e-02 3.150315031503150148e-02 3.420342034203420478e-02 5.790579057905790444e-02 2.820282028202820285e-02 3.150315031503150148e-02 6.630663066306630160e-02 3.510351035103510126e-02 3.510351035103510126e-02 5.310531053105310706e-02 2.490249024902490421e-02 2.850285028502850398e-02
5.640564056405640569e-02 3.240324032403240490e-02 3.510351035103510126e-02 5.760576057605760331e-02 3.540354035403540239e-02 3.360336033603360251e-02 4.890489048904890501e-02 3.210321032103210376e-02 2.700270027002700177e-02 6.180618061806180535e-02 3.120312031203120381e-02 3.750375037503750342e-02
6.000600060006000547e-02 3.000300030003000273e-02 3.450345034503450592e-02 5.910591059105910899e-02 3.060306030603060154e-02 3.420342034203420478e-02 5.340534053405340820e-02 2.820282028202820285e-02 3.090309030903090268e-02 5.310531053105310706e-02 3.570357035703570353e-02 3.060306030603060154e-02
4.800480048004800160e-02 3.630363036303630581e-02 3.000300030003000273e-02 5.730573057305730911e-02 3.180318031803180262e-02 3.390339033903390364e-02 5.490549054905490695e-02 3.540354035403540239e-02 2.910291029102910279e-02 5.400540054005400353e-02 2.820282028202820285e-02 3.030303030303030387e-02
5.430543054305430467e-02 3.210321032103210376e-02 2.520252025202520188e-02 6.810681068106810843e-02 3.360336033603360251e-02 3.510351035103510126e-02 5.010501050105010262e-02 2.970297029702970160e-02 2.970297029702970160e-02 5.220522052205220365e-02 3.420342034203420478e-02 3.120312031203120381e-02
5.940594059405940319e-02 3.660366036603660694e-02 3.780378037803780455e-02 4.890489048904890501e-02 3.600360036003600467e-02 3.090309030903090268e-02 4.140414041404140433e-02 3.450345034503450592e-02 3.360336033603360251e-02 4.200420042004200660e-02 3.120312031203120381e-02 2.280228022802280319e-02
5.010501050105010262e-02 2.850285028502850398e-02 3.150315031503150148e-02 5.730573057305730911e-02 2.970297029702970160e-02 3.720372037203720228e-02 5.100510051005100604e-02 3.390339033903390364e-02 2.850285028502850398e-02 4.770477047704770740e-02 2.700270027002700177e-02 2.610261026102610182e-02
4.650465046504650285e-02 3.570357035703570353e-02 3.300330033003300023e-02 4.800480048004800160e-02 3.240324032403240490e-02 3.030303030303030387e-02 6.060606060606060774e-02 2.670267026702670410e-02 2.970297029702970160e-02 5.070507050705070490e-02 3.270327032703270603e-02 2.940294029402940393e-02
5.040504050405040376e-02 3.510351035103510126e-02 3.330333033303330137e-02 4.470447044704470296e-02 3.240324032403240490e-02 3.060306030603060154e-02 4.800480048004800160e-02 2.880288028802880165e-02 2.400240024002400080e-02 4.950495049504950729e-02 2.940294029402940393e-02 2.880288028802880165e-02
4.380438043804380649e-02 3.660366036603660694e-02 3.480348034803480012e-02 4.800480048004800160e-02 3.180318031803180262e-02 3.030303030303030387e-02 5.520552055205520808e-02 2.760276027602760404e-02 3.270327032703270603e-02 4.410441044104410763e-02 2.790279027902790171e-02 3.150315031503150148e-02
4.260426042604260194e-02 3.030303030303030387e-02 2.550255025502550302e-02 4.710471047104710512e-02 3.000300030003000273e-02 3.450345034503450592e-02 4.500450045004500410e-02 2.670267026702670410e-02 2.760276027602760404e-02 4.740474047404740626e-02 3.030303030303030387e-02 3.150315031503150148e-02
4.860486048604860387e-02 3.450345034503450592e-02 3.480348034803480012e-02 4.620462046204620171e-02 3.120312031203120381e-02 2.730273027302730290e-02 4.320432043204320421e-02 3.600360036003600467e-02 3.510351035103510126e-02 3.720372037203720228e-02 3.270327032703270603e-02 2.970297029702970160e-02
4.080408040804080205e-02 3.090309030903090268e-02 2.880288028802880165e-02 4.530453045304530524e-02 3.060306030603060154e-02 3.360336033603360251e-02 3.990399039903990558e-02 3.270327032703270603e-02 2.610261026102610182e-02 3.900390039003900217e-02 3.090309030903090268e-02 3.120312031203120381e-02
4.320432043204320421e-02 3.240324032403240490e-02 3.120312031203120381e-02 4.410441044104410763e-02 3.330333033303330137e-02 3.000300030003000273e-02 4.500450045004500410e-02 3.330333033303330137e-02 3.360336033603360251e-02 4.170417041704170547e-02 3.150315031503150148e-02 2.910291029102910279e-02
4.290429042904290308e-02 2.640264026402640296e-02 3.570357035703570353e-02 3.720372037203720228e-02 3.090309030903090268e-02 3.000300030003000273e-02 3.660366036603660694e-02 2.700270027002700177e-02 3.420342034203420478e-02 3.900390039003900217e-02 3.000300030003000273e-02 3.060306030603060154e-02
3.870387038703870103e-02 3.120312031203120381e-02 2.940294029402940393e-02 4.020402040204020672e-02 3.270327032703270603e-02 3.030303030303030387e-02 4.530453045304530524e-02 3.000300030003000273e-02 3.390339033903390364e-02 4.140414041404140433e-02 3.210321032103210376e-02 2.850285028502850398e-02
4.050405040504050092e-02 3.270327032703270603e-02 3.240324032403240490e-02 4.350435043504350535e-02 3.330333033303330137e-02 3.210321032103210376e-02 4.620462046204620171e-02 2.910291029102910279e-02 3.240324032403240490e-02 3.810381038103810569e-02 2.400240024002400080e-02 2.970297029702970160e-02
3.450345034503450592e-02 3.270327032703270603e-02 3.630363036303630581e-02 3.900390039003900217e-02 3.000300030003000273e-02 3.030303030303030387e-02 4.170417041704170547e-02 3.690369036903690114e-02 2.880288028802880165e-02 3.360336033603360251e-02 2.790279027902790171e-02 3.600360036003600467e-02
4.080408040804080205e-02 2.640264026402640296e-02 3.270327032703270603e-02 4.020402040204020672e-02 2.730273027302730290e-02 3.480348034803480012e-02 4.110411041104110319e-02 2.730273027302730290e-02 3.270327032703270603e-02 3.570357035703570353e-02 3.030303030303030387e-02 3.690369036903690114e-02
