9.492949294929489135e-01 1.017401740174016966e+00 1.019801980198019820e+00 9.474947494749456078e-01
9.666966696669661019e-01 9.768976897689767291e-01 1.053105310531051941e+00 9.774977497749772759e-01
9.414941494149412504e-01 9.654965496549650084e-01 9.855985598559847682e-01 9.516951695169518777e-01
8.880888088808878145e-01 9.735973597359728338e-01 9.996999699969985054e-01 9.618961896189611727e-01
8.265826582658264421e-01 9.102910291029105982e-01 8.805880588058802028e-01 9.558955895589558160e-01
9.450945094509447530e-01 8.751875187518750598e-01 9.525952595259524758e-01 8.979897989798976132e-01
9.264926492649259160e-01 9.120912091209120165e-01 8.688868886888684306e-01 9.525952595259526978e-01
9.282928292829282224e-01 8.271827182718269889e-01 8.319831983198316960e-01 8.712871287128713949e-01
8.322832283228326355e-01 8.235823582358233752e-01 7.506750675067507261e-01 7.725772577257724594e-01
8.007800780078008218e-01 7.779777977797781574e-01 8.301830183018303888e-01 7.176717671767175455e-01
6.771677167716773083e-01 6.615661566156619822e-01 6.966696669666968544e-01 7.269726972697270195e-01
6.150615061506155001e-01 6.939693969396939499e-01 7.158715871587164603e-01 6.963696369636961370e-01
6.735673567356735836e-01 6.546654665466551393e-01 6.381638163816382159e-01 5.550555055505550506e-01
5.586558655865586642e-01 5.892589258925894358e-01 5.736573657365741097e-01 6.210621062106214119e-01
5.382538253825385199e-01 5.157515751575160179e-01 5.166516651665168380e-01 6.129612961296133644e-01
5.811581158115812773e-01 5.805580558055805085e-01 4.746474647464746788e-01 4.995499549954997565e-01
4.617461746174618131e-01 5.049504950495050659e-01 5.406540654065411511e-01 4.911491149114913801e-01
3.702370237023705490e-01 4.488448844884491140e-01 5.130513051305134464e-01 4.329432943294332370e-01
3.816381638163818257e-01 3.996399639963998940e-01 3.756375637563759695e-01 3.897389738973900952e-01
3.864386438643865884e-01 3.612361236123614039e-01 3.582358235823584480e-01 3.330333033303330970e-01
3.534353435343536853e-01 3.693369336933696179e-01 3.429342934293430623e-01 3.981398139813983050e-01
3.195319531953197401e-01 2.838283828382839880e-01 3.603360336033604727e-01 2.730273027302732025e-01
3.219321932193221492e-01 2.694269426942695334e-01 2.616261626162617593e-01 2.628262826282631304e-01
3.045304530453047387e-01 2.625262526252626905e-01 2.514251425142516316e-01 2.661266126612663041e-01
2.607260726072609947e-01 2.535253525352537673e-01 2.901290129012902286e-01 2.484248424842485925e-01
2.355235523552356991e-01 2.259225922592261182e-01 2.052205220522053952e-01 2.550255025502551898e-01
1.851185118511852468e-01 2.028202820282029861e-01 2.280228022802282539e-01 2.418241824182419120e-01
2.316231623162318398e-01 1.896189618961897361e-01 1.650165016501651538e-01 1.833183318331834399e-01
1.914191419141915707e-01 1.959195919591960877e-01 1.635163516351637036e-01 1.710171017101711211e-01
1.473147314731474422e-01 1.410141014101411461e-01 1.467146714671468954e-01 1.476147614761477711e-01
1.536153615361536828e-01 1.437143714371438008e-01 2.001200120012003314e-01 1.317131713171317275e-01
1.170117011701170689e-01 1.305130513051306340e-01 1.482148214821483179e-01 1.146114611461147570e-01
1.398139813981399138e-01 1.224122412241225033e-01 9.750975097509756440e-02 1.158115811581158922e-01
1.011101110111011503e-01 1.077107710771078170e-01 1.098109810981098833e-01 9.630963096309638760e-02
1.008100810081009185e-01 9.540954095409547031e-02 1.284128412841285538e-01 9.660966096609667486e-02
