8.000000000000000000e+00 8.000000000000000000e+00 8.000000000000000000e+00 8.000000000000000000e+00
2.400000000000000000e+01 2.600000000000000000e+01 2.400000000000000000e+01 2.400000000000000000e+01
4.000000000000000000e+01 4.000000000000000000e+01 4.400000000000000000e+01 4.000000000000000000e+01
5.800000000000000000e+01 5.800000000000000000e+01 6.000000000000000000e+01 5.800000000000000000e+01
7.800000000000000000e+01 8.000000000000000000e+01 7.600000000000000000e+01 7.400000000000000000e+01
9.000000000000000000e+01 9.200000000000000000e+01 9.200000000000000000e+01 9.000000000000000000e+01
1.100000000000000000e+02 1.080000000000000000e+02 1.080000000000000000e+02 1.060000000000000000e+02
1.260000000000000000e+02 1.300000000000000000e+02 1.240000000000000000e+02 1.240000000000000000e+02
1.420000000000000000e+02 1.480000000000000000e+02 1.440000000000000000e+02 1.480000000000000000e+02
1.560000000000000000e+02 1.600000000000000000e+02 1.560000000000000000e+02 1.620000000000000000e+02
