1.098109810981098139e-01 9.180918091809181503e-02 8.880888088808880365e-02 3.240324032403240490e-02 3.300330033003300023e-02 2.760276027602760404e-02 8.340834083408341093e-02 7.170717071707170820e-02 7.440744074407440456e-02 1.890189018901890228e-02 1.950195019501950108e-02 1.860186018601860114e-02
2.130213021302130097e-02 2.460246024602460307e-02 2.040204020402040103e-02 1.440144014401440083e-02 1.380138013801380202e-02 1.170117011701170100e-02 2.160216021602160211e-02 1.710171017101710239e-02 1.230123012301230154e-02 2.610261026102610182e-02 1.530153015301530077e-02 1.650165016501650012e-02
3.960396039603960444e-02 3.720372037203720228e-02 2.430243024302430194e-02 1.530153015301530077e-02 1.110111011101110046e-02 7.200720072007200413e-03 7.800780078007800954e-03 4.200420042004200313e-03 5.100510051005100257e-03 2.370237023702370313e-02 2.160216021602160211e-02 1.650165016501650012e-02
9.900990099009901110e-03 8.700870087008700030e-03 4.800480048004800854e-03 9.000900090009001167e-03 5.700570057005700797e-03 6.300630063006300470e-03 1.080108010801080105e-02 7.800780078007800954e-03 7.800780078007800954e-03 1.290129012901290208e-02 1.020102010201020051e-02 4.200420042004200313e-03
6.900690069006901010e-03 5.700570057005700797e-03 4.200420042004200313e-03 1.140114011401140159e-02 8.700870087008700030e-03 4.800480048004800854e-03 1.590159015901590131e-02 1.440144014401440083e-02 7.500750075007500683e-03 1.320132013201320148e-02 8.100810081008101224e-03 6.600660066006600740e-03
1.770177017701770120e-02 1.110111011101110046e-02 1.140114011401140159e-02 1.830183018301830347e-02 1.140114011401140159e-02 5.100510051005100257e-03 1.080108010801080105e-02 6.900690069006901010e-03 2.700270027002700263e-03 7.500750075007500683e-03 3.000300030003000100e-03 1.500150015001500050e-03
5.400540054005400527e-03 3.600360036003600207e-03 9.000900090009000517e-04 3.900390039003900477e-03 3.000300030003000100e-03 2.400240024002400427e-03 1.770177017701770120e-02 1.230123012301230154e-02 9.300930093009300570e-03 6.600660066006600740e-03 1.800180018001800103e-03 2.700270027002700263e-03
2.700270027002700263e-03 1.200120012001200213e-03 1.200120012001200213e-03 2.400240024002400427e-03 1.200120012001200213e-03 3.000300030003000534e-04 3.000300030003000534e-04 3.000300030003000534e-04 2.100210021002100157e-03 1.650165016501650012e-02 1.200120012001200040e-02 8.400840084008400627e-03
2.400240024002400427e-03 9.000900090009000517e-04 1.200120012001200213e-03 8.400840084008400627e-03 4.500450045004500584e-03 3.300330033003300370e-03 4.500450045004500584e-03 3.000300030003000100e-03 1.500150015001500050e-03 1.260126012601260094e-02 6.000600060006000200e-03 3.000300030003000100e-03
1.200120012001200213e-03 1.800180018001800103e-03 9.000900090009000517e-04 6.900690069006901010e-03 3.000300030003000100e-03 1.500150015001500050e-03 1.500150015001500050e-03 0.000000000000000000e+00 3.000300030003000534e-04 3.000300030003000100e-03 1.500150015001500050e-03 9.000900090009000517e-04
