1.068999999999999950e-01 3.649999999999999772e-02 8.830000000000000349e-02 1.990000000000000102e-02
2.750000000000000014e-02 1.480000000000000066e-02 1.580000000000000154e-02 2.900000000000000147e-02
4.379999999999999866e-02 1.469999999999999953e-02 7.599999999999999985e-03 2.299999999999999961e-02
1.190000000000000085e-02 6.700000000000000226e-03 9.499999999999999764e-03 1.110000000000000049e-02
7.900000000000000772e-03 9.900000000000000813e-03 1.969999999999999876e-02 1.030000000000000013e-02
1.510000000000000057e-02 1.789999999999999925e-02 8.999999999999999320e-03 5.700000000000000205e-03
5.199999999999999761e-03 6.599999999999999964e-03 1.559999999999999928e-02 3.500000000000000073e-03
3.200000000000000153e-03 3.000000000000000062e-03 8.999999999999999754e-04 1.640000000000000138e-02
3.000000000000000062e-03 7.000000000000000146e-03 3.899999999999999821e-03 1.269999999999999948e-02
1.500000000000000031e-03 5.100000000000000366e-03 8.999999999999999754e-04 2.700000000000000143e-03
