1.428142814281427031e-01 2.580258025802575905e-02 1.095109510951094850e-01 1.680168016801677003e-02
1.050105010501045655e-02 1.350135013501347486e-02 2.580258025802577987e-02 4.890489048904893971e-02
3.150315031503146679e-02 1.980198019801979181e-02 1.590159015901592907e-02 2.280228022802277543e-02
8.400840084008402361e-03 1.620162016201620592e-02 1.680168016801681166e-02 1.230123012301228072e-02
7.800780078007795749e-03 1.290129012901288993e-02 1.200120012001196397e-02 2.190219021902190671e-02
3.120312031203122463e-02 2.580258025802583538e-02 1.440144014401439736e-02 1.500150015001501524e-02
6.300630063006301337e-03 5.100510051005103726e-03 2.550255025502549261e-02 1.710171017101713362e-02
5.700570057005708603e-03 3.900390039003902212e-03 2.100210021002108830e-03 2.190219021902189978e-02
5.700570057005711205e-03 1.500150015001500484e-02 6.000600060006002802e-03 2.280228022802282054e-02
-9.000900090009063400e-04 1.320132013201321709e-02 4.800480048004808660e-03 5.400540054005404864e-03
