9.528952895289528602e-01 9.321932193219322205e-01 8.946894689468947170e-01 9.552955295529552693e-01 9.318931893189319471e-01 9.039903990399039690e-01 9.291929192919291536e-01 8.862886288628862852e-01 8.265826582658265531e-01 9.492949294929492465e-01 9.180918091809180392e-01 8.877887788778877631e-01
9.060906090609061048e-01 8.619861986198620318e-01 7.962796279627962770e-01 8.694869486948695325e-01 7.776777677767776620e-01 6.864686468646864492e-01 8.787878787878787845e-01 7.809780978097810022e-01 6.846684668466846979e-01 8.760876087608761020e-01 7.860786078607860938e-01 7.032703270327033129e-01
8.277827782778277577e-01 6.924692469246924720e-01 5.880588058805880092e-01 8.136813681368136875e-01 6.777677767776777440e-01 5.637563756375637558e-01 8.535853585358536000e-01 7.470747074707471125e-01 6.351635163516351490e-01 8.529852985298529422e-01 7.347734773477347936e-01 6.417641764176417185e-01
7.977797779777977549e-01 6.384638463846384893e-01 5.286528652865286615e-01 8.238823882388238706e-01 6.606660666066607179e-01 5.613561356135613467e-01 7.683768376837684100e-01 6.201620162016201476e-01 4.917491749174917604e-01 7.902790279027902542e-01 6.243624362436243080e-01 5.067506750675067062e-01
7.368736873687368183e-01 5.577557755775577331e-01 4.176417641764176292e-01 7.185718571857185877e-01 5.391539153915391180e-01 3.978397839783978651e-01 7.080708070807080201e-01 5.151515151515151381e-01 3.705370537053705449e-01 7.104710471047104292e-01 5.271527152715271836e-01 4.188418841884188337e-01
7.104710471047104292e-01 5.277527752775277303e-01 4.038403840384038324e-01 6.705670567056705167e-01 4.647464746474647690e-01 3.165316531653165066e-01 7.059705970597059954e-01 5.136513651365136601e-01 3.696369636963696137e-01 6.615661566156615381e-01 4.779477947794779635e-01 3.354335433543354505e-01
6.198619861986198742e-01 3.702370237023702160e-01 2.373237323732373116e-01 6.591659165916591290e-01 4.452445244524452228e-01 3.009300930093009030e-01 6.213621362136213522e-01 4.002400240024002187e-01 2.562256225622562278e-01 5.961596159615961676e-01 3.648364836483648510e-01 2.286228622862286342e-01
5.940594059405940319e-01 3.588358835883588283e-01 2.160216021602160141e-01 5.688568856885688474e-01 3.357335733573357239e-01 2.058205820582058310e-01 5.475547554755475499e-01 3.096309630963096082e-01 1.854185418541854091e-01 5.415541554155415271e-01 2.919291929192919244e-01 1.746174617461746237e-01
5.553555355535553240e-01 3.240324032403240073e-01 2.139213921392139339e-01 5.316531653165316174e-01 3.012301230123012319e-01 1.650165016501650150e-01 5.421542154215421849e-01 3.006300630063006296e-01 1.866186618661866137e-01 5.472547254725472765e-01 3.168316831683168355e-01 1.815181518151815221e-01
4.986498649864986588e-01 2.619261926192619216e-01 1.380138013801380237e-01 5.259525952595259790e-01 2.778277827782778542e-01 1.791179117911791130e-01 5.103510351035103199e-01 2.688268826882688201e-01 1.452145214521452232e-01 5.310531053105310706e-01 3.054305430543054478e-01 1.698169816981698055e-01
4.356435643564356419e-01 2.043204320432043253e-01 1.119111911191119080e-01 4.401440144014401312e-01 2.121212121212121271e-01 1.065106510651065153e-01 4.668466846684668492e-01 2.304230423042304132e-01 1.128112811281128114e-01 4.671467146714671226e-01 2.256225622562256228e-01 1.230123012301230084e-01
4.317431743174317549e-01 2.016201620162016150e-01 9.210921092109210229e-02 4.158415841584158223e-01 1.743174317431743225e-01 7.650765076507651252e-02 4.470447044704470296e-01 1.941194119411941144e-01 1.212121212121212155e-01 4.692469246924692583e-01 2.265226522652265262e-01 1.167116711671167123e-01
3.807380738073807280e-01 1.611161116111611280e-01 8.160816081608160411e-02 3.783378337833783189e-01 1.578157815781578155e-01 7.770777077707770319e-02 3.954395439543954560e-01 1.878187818781878182e-01 8.280828082808280866e-02 4.062406240624062415e-01 1.689168916891689298e-01 8.100810081008100183e-02
3.873387338733873531e-01 1.587158715871587189e-01 8.010801080108011230e-02 3.513351335133513276e-01 1.239123912391239118e-01 5.430543054305430467e-02 3.396339633963396110e-01 1.320132013201320009e-01 4.590459045904590751e-02 3.687368736873687380e-01 1.449144914491449221e-01 7.260726072607261161e-02
3.930393039303930469e-01 1.731173117311731180e-01 7.500750075007500683e-02 3.900390039003900355e-01 1.728172817281728169e-01 8.130813081308130297e-02 3.345334533453345194e-01 1.428142814281428141e-01 4.860486048604860387e-02 3.423342334233423490e-01 1.353135313531353134e-01 5.610561056105610456e-02
3.201320132013201203e-01 1.179117911791179169e-01 4.650465046504650285e-02 3.174317431743174378e-01 1.053105310531053107e-01 4.890489048904890501e-02 2.925292529252925267e-01 1.008100810081008075e-01 3.930393039303930330e-02 2.958295829582958114e-01 9.690969096909690661e-02 4.170417041704170547e-02
3.096309630963096082e-01 1.101110111011101150e-01 3.840384038403840683e-02 2.961296129612961403e-01 9.150915091509151389e-02 3.060306030603060154e-02 2.775277527752775253e-01 8.160816081608160411e-02 3.060306030603060154e-02 2.727272727272727071e-01 8.430843084308431434e-02 3.210321032103210376e-02
2.529252925292529430e-01 7.830783078307830547e-02 2.430243024302430194e-02 2.847284728472847526e-01 9.690969096909690661e-02 3.810381038103810569e-02 2.406240624062406241e-01 7.290729072907291275e-02 2.910291029102910279e-02 2.391239123912391185e-01 5.850585058505850672e-02 1.950195019501950108e-02
2.592259225922592392e-01 7.980798079807981116e-02 2.520252025202520188e-02 2.586258625862586369e-01 8.100810081008100183e-02 2.940294029402940393e-02 2.409240924092409253e-01 7.080708070807080479e-02 2.610261026102610182e-02 2.541254125412541476e-01 6.780678067806780729e-02 3.030303030303030387e-02
2.466246624662466191e-01 6.450645064506450865e-02 2.430243024302430194e-02 2.580258025802580346e-01 7.050705070507050365e-02 3.060306030603060154e-02 2.196219621962196278e-01 5.040504050405040376e-02 2.040204020402040103e-02 2.097209720972097180e-01 5.430543054305430467e-02 1.860186018601860114e-02
2.037203720372037230e-01 5.160516051605160831e-02 2.190219021902190324e-02 2.091209120912091157e-01 5.790579057905790444e-02 2.040204020402040103e-02 2.076207620762076100e-01 4.890489048904890501e-02 2.370237023702370313e-02 1.899189918991899262e-01 4.770477047704770740e-02 1.560156015601560191e-02
2.484248424842484260e-01 6.900690069006901184e-02 2.160216021602160211e-02 1.923192319231923075e-01 4.530453045304530524e-02 1.680168016801680125e-02 1.839183918391839312e-01 4.380438043804380649e-02 1.440144014401440083e-02 2.241224122412241171e-01 6.390639063906390638e-02 1.950195019501950108e-02
1.761176117611761294e-01 3.870387038703870103e-02 1.320132013201320148e-02 1.896189618961896250e-01 4.680468046804680399e-02 1.830183018301830347e-02 1.974197419741974269e-01 4.800480048004800160e-02 2.040204020402040103e-02 1.635163516351635093e-01 4.860486048604860387e-02 1.470147014701470196e-02
1.749174917491749248e-01 3.360336033603360251e-02 1.530153015301530077e-02 2.022202220222022173e-01 5.130513051305130717e-02 1.800180018001800233e-02 1.872187218721872159e-01 4.740474047404740626e-02 1.710171017101710239e-02 1.989198919891989326e-01 4.470447044704470296e-02 1.530153015301530077e-02
1.473147314731473034e-01 3.030303030303030387e-02 9.900990099009901110e-03 1.638163816381638105e-01 3.960396039603960444e-02 1.290129012901290208e-02 1.410141014101410073e-01 2.670267026702670410e-02 1.290129012901290208e-02 1.602160216021602246e-01 3.090309030903090268e-02 1.350135013501350088e-02
1.563156315631563098e-01 3.600360036003600467e-02 1.590159015901590131e-02 1.380138013801380237e-01 2.730273027302730290e-02 1.380138013801380202e-02 1.728172817281728169e-01 3.240324032403240490e-02 1.230123012301230154e-02 1.374137413741374214e-01 2.940294029402940393e-02 1.380138013801380202e-02
1.251125112511251025e-01 2.460246024602460307e-02 9.300930093009300570e-03 1.128112811281128114e-01 2.310231023102310086e-02 9.600960096009601707e-03 1.356135613561356146e-01 2.970297029702970160e-02 1.080108010801080105e-02 1.212121212121212155e-01 2.100210021002100330e-02 1.230123012301230154e-02
1.479147914791479057e-01 3.270327032703270603e-02 9.600960096009601707e-03 1.158115811581158089e-01 2.160216021602160211e-02 9.300930093009300570e-03 1.371137113711371203e-01 2.310231023102310086e-02 1.200120012001200040e-02 1.311131113111311253e-01 2.010201020102010336e-02 8.400840084008400627e-03
1.254125412541254037e-01 2.400240024002400080e-02 9.900990099009901110e-03 9.630963096309630433e-02 1.980198019801980222e-02 8.100810081008101224e-03 1.104110411041104162e-01 1.980198019801980222e-02 8.100810081008101224e-03 1.296129612961296196e-01 2.490249024902490421e-02 1.050105010501050165e-02
1.227122712271227073e-01 2.310231023102310086e-02 9.300930093009300570e-03 1.155115511551155077e-01 2.850285028502850398e-02 9.300930093009300570e-03 1.047104710471047084e-01 1.590159015901590131e-02 9.600960096009601707e-03 1.020102010201020121e-01 1.680168016801680125e-02 1.110111011101110046e-02
8.940894089408940593e-02 1.470147014701470196e-02 8.100810081008101224e-03 1.047104710471047084e-01 1.650165016501650012e-02 8.700870087008700030e-03 1.338133813381338078e-01 2.280228022802280319e-02 1.530153015301530077e-02 1.092109210921092116e-01 1.920192019201920341e-02 1.020102010201020051e-02
8.340834083408341093e-02 1.290129012901290208e-02 9.300930093009300570e-03 1.047104710471047084e-01 1.740174017401740006e-02 1.080108010801080105e-02 9.420942094209421025e-02 1.890189018901890228e-02 6.000600060006000200e-03 1.257125712571257048e-01 2.220222022202220091e-02 9.000900090009001167e-03
8.760876087608761298e-02 1.920192019201920341e-02 8.100810081008101224e-03 9.210921092109210229e-02 2.040204020402040103e-02 8.400840084008400627e-03 1.020102010201020121e-01 1.500150015001500137e-02 9.600960096009601707e-03 9.630963096309630433e-02 1.800180018001800233e-02 1.080108010801080105e-02
8.250825082508250752e-02 1.230123012301230154e-02 6.300630063006300470e-03 8.220822082208220638e-02 1.590159015901590131e-02 1.020102010201020051e-02 9.060906090609061048e-02 1.920192019201920341e-02 1.110111011101110046e-02 8.460846084608460160e-02 1.320132013201320148e-02 1.050105010501050165e-02
8.400840084008401321e-02 1.530153015301530077e-02 6.000600060006000200e-03 6.720672067206720501e-02 1.290129012901290208e-02 6.300630063006300470e-03 6.960696069606960024e-02 1.350135013501350088e-02 8.100810081008101224e-03 6.000600060006000547e-02 1.530153015301530077e-02 8.100810081008101224e-03
6.060606060606060774e-02 1.200120012001200040e-02 7.500750075007500683e-03 6.060606060606060774e-02 1.230123012301230154e-02 9.600960096009601707e-03 7.620762076207621138e-02 1.290129012901290208e-02 7.500750075007500683e-03 9.960996099609961685e-02 2.040204020402040103e-02 1.140114011401140159e-02
6.330633063306330410e-02 9.000900090009001167e-03 7.800780078007800954e-03 7.350735073507350115e-02 1.350135013501350088e-02 9.000900090009001167e-03 7.380738073807380228e-02 1.170117011701170100e-02 9.000900090009001167e-03 9.330933093309330684e-02 1.380138013801380202e-02 8.700870087008700030e-03
6.030603060306030661e-02 1.080108010801080105e-02 9.600960096009601707e-03 5.580558055805580342e-02 8.400840084008400627e-03 1.140114011401140159e-02 6.540654065406541207e-02 1.350135013501350088e-02 6.600660066006600740e-03 5.790579057905790444e-02 1.350135013501350088e-02 8.400840084008400627e-03
6.180618061806180535e-02 1.110111011101110046e-02 6.600660066006600740e-03 5.910591059105910899e-02 8.700870087008700030e-03 6.600660066006600740e-03 6.270627062706270183e-02 1.440144014401440083e-02 7.800780078007800954e-03 6.060606060606060774e-02 1.170117011701170100e-02 8.100810081008101224e-03
4.020402040204020672e-02 9.900990099009901110e-03 9.000900090009001167e-03 5.910591059105910899e-02 1.170117011701170100e-02 9.300930093009300570e-03 5.700570057005700797e-02 1.260126012601260094e-02 8.100810081008101224e-03 5.730573057305730911e-02 1.500150015001500137e-02 9.300930093009300570e-03
5.700570057005700797e-02 9.900990099009901110e-03 1.080108010801080105e-02 6.210621062106210649e-02 1.320132013201320148e-02 9.300930093009300570e-03 4.890489048904890501e-02 8.100810081008101224e-03 6.300630063006300470e-03 4.800480048004800160e-02 1.170117011701170100e-02 7.800780078007800954e-03
4.890489048904890501e-02 8.400840084008400627e-03 8.700870087008700030e-03 4.980498049804980842e-02 9.900990099009901110e-03 8.400840084008400627e-03 4.320432043204320421e-02 1.050105010501050165e-02 6.000600060006000200e-03 4.740474047404740626e-02 1.050105010501050165e-02 4.800480048004800854e-03
4.110411041104110319e-02 1.020102010201020051e-02 8.100810081008101224e-03 4.470447044704470296e-02 1.140114011401140159e-02 7.500750075007500683e-03 4.590459045904590751e-02 1.020102010201020051e-02 9.000900090009001167e-03 3.780378037803780455e-02 6.600660066006600740e-03 6.900690069006901010e-03
5.040504050405040376e-02 7.500750075007500683e-03 6.600660066006600740e-03 4.200420042004200660e-02 1.140114011401140159e-02 9.300930093009300570e-03 3.990399039903990558e-02 7.800780078007800954e-03 7.200720072007200413e-03 3.750375037503750342e-02 1.200120012001200040e-02 6.900690069006901010e-03
4.290429042904290308e-02 8.100810081008101224e-03 7.500750075007500683e-03 3.450345034503450592e-02 1.140114011401140159e-02 5.700570057005700797e-03 3.630363036303630581e-02 9.300930093009300570e-03 4.500450045004500584e-03 4.050405040504050092e-02 8.100810081008101224e-03 6.900690069006901010e-03
3.780378037803780455e-02 1.200120012001200040e-02 7.500750075007500683e-03 3.690369036903690114e-02 7.500750075007500683e-03 9.300930093009300570e-03 3.960396039603960444e-02 9.300930093009300570e-03 6.300630063006300470e-03 3.390339033903390364e-02 5.700570057005700797e-03 8.400840084008400627e-03
4.200420042004200660e-02 8.400840084008400627e-03 5.700570057005700797e-03 2.610261026102610182e-02 8.700870087008700030e-03 6.300630063006300470e-03 3.420342034203420478e-02 1.050105010501050165e-02 8.700870087008700030e-03 4.110411041104110319e-02 9.000900090009001167e-03 8.100810081008101224e-03
3.990399039903990558e-02 7.500750075007500683e-03 8.400840084008400627e-03 3.870387038703870103e-02 9.000900090009001167e-03 5.400540054005400527e-03 2.730273027302730290e-02 7.500750075007500683e-03 5.700570057005700797e-03 2.790279027902790171e-02 8.700870087008700030e-03 8.700870087008700030e-03
3.060306030603060154e-02 8.700870087008700030e-03 4.500450045004500584e-03 3.150315031503150148e-02 9.600960096009601707e-03 7.800780078007800954e-03 2.640264026402640296e-02 8.100810081008101224e-03 8.700870087008700030e-03 2.850285028502850398e-02 9.900990099009901110e-03 8.400840084008400627e-03
3.000300030003000273e-02 9.300930093009300570e-03 6.900690069006901010e-03 2.850285028502850398e-02 9.900990099009901110e-03 6.900690069006901010e-03 3.000300030003000273e-02 7.800780078007800954e-03 8.100810081008101224e-03 2.640264026402640296e-02 7.500750075007500683e-03 6.600660066006600740e-03
