6.100000000000000000e+01 5.300000000000000000e+01 4.300000000000000000e+01 4.300000000000000000e+01
8.500000000000000000e+01 8.700000000000000000e+01 8.300000000000000000e+01 8.700000000000000000e+01
1.190000000000000000e+02 1.250000000000000000e+02 1.290000000000000000e+02 1.210000000000000000e+02
1.890000000000000000e+02 1.610000000000000000e+02 1.590000000000000000e+02 1.630000000000000000e+02
1.930000000000000000e+02 1.950000000000000000e+02 1.990000000000000000e+02 1.910000000000000000e+02
2.350000000000000000e+02 2.350000000000000000e+02 2.510000000000000000e+02 2.330000000000000000e+02
2.570000000000000000e+02 2.750000000000000000e+02 2.650000000000000000e+02 2.630000000000000000e+02
3.070000000000000000e+02 2.970000000000000000e+02 3.010000000000000000e+02 2.990000000000000000e+02
3.410000000000000000e+02 3.450000000000000000e+02 3.650000000000000000e+02 3.510000000000000000e+02
3.910000000000000000e+02 3.810000000000000000e+02 3.930000000000000000e+02 3.850000000000000000e+02
4.210000000000000000e+02 4.190000000000000000e+02 4.070000000000000000e+02 4.550000000000000000e+02
4.550000000000000000e+02 4.450000000000000000e+02 4.850000000000000000e+02 4.730000000000000000e+02
4.870000000000000000e+02 4.710000000000000000e+02 4.750000000000000000e+02 5.010000000000000000e+02
5.210000000000000000e+02 5.170000000000000000e+02 5.050000000000000000e+02 5.550000000000000000e+02
5.790000000000000000e+02 5.830000000000000000e+02 5.770000000000000000e+02 5.550000000000000000e+02
6.150000000000000000e+02 6.150000000000000000e+02 6.010000000000000000e+02 5.930000000000000000e+02
6.970000000000000000e+02 6.210000000000000000e+02 6.330000000000000000e+02 6.410000000000000000e+02
6.550000000000000000e+02 6.490000000000000000e+02 6.630000000000000000e+02 6.930000000000000000e+02
7.130000000000000000e+02 7.290000000000000000e+02 7.390000000000000000e+02 7.050000000000000000e+02
7.530000000000000000e+02 7.890000000000000000e+02 7.230000000000000000e+02 7.470000000000000000e+02
7.930000000000000000e+02 8.030000000000000000e+02 7.770000000000000000e+02 7.650000000000000000e+02
8.310000000000000000e+02 8.270000000000000000e+02 8.110000000000000000e+02 8.450000000000000000e+02
8.530000000000000000e+02 8.750000000000000000e+02 8.470000000000000000e+02 8.770000000000000000e+02
8.810000000000000000e+02 9.270000000000000000e+02 8.990000000000000000e+02 9.350000000000000000e+02
9.150000000000000000e+02 9.450000000000000000e+02 9.510000000000000000e+02 9.270000000000000000e+02
9.610000000000000000e+02 1.009000000000000000e+03 9.970000000000000000e+02 9.990000000000000000e+02
1.005000000000000000e+03 1.015000000000000000e+03 9.730000000000000000e+02 1.031000000000000000e+03
1.067000000000000000e+03 1.089000000000000000e+03 1.083000000000000000e+03 1.059000000000000000e+03
1.075000000000000000e+03 1.083000000000000000e+03 1.047000000000000000e+03 1.085000000000000000e+03
1.117000000000000000e+03 1.127000000000000000e+03 1.129000000000000000e+03 1.077000000000000000e+03
1.149000000000000000e+03 1.171000000000000000e+03 1.129000000000000000e+03 1.143000000000000000e+03
1.193000000000000000e+03 1.179000000000000000e+03 1.183000000000000000e+03 1.171000000000000000e+03
1.249000000000000000e+03 1.203000000000000000e+03 1.269000000000000000e+03 1.215000000000000000e+03
1.269000000000000000e+03 1.247000000000000000e+03 1.285000000000000000e+03 1.287000000000000000e+03
1.309000000000000000e+03 1.313000000000000000e+03 1.303000000000000000e+03 1.265000000000000000e+03
1.361000000000000000e+03 1.367000000000000000e+03 1.369000000000000000e+03 1.359000000000000000e+03
1.361000000000000000e+03 1.365000000000000000e+03 1.431000000000000000e+03 1.487000000000000000e+03
1.433000000000000000e+03 1.423000000000000000e+03 1.433000000000000000e+03 1.473000000000000000e+03
1.447000000000000000e+03 1.439000000000000000e+03 1.469000000000000000e+03 1.483000000000000000e+03
1.483000000000000000e+03 1.449000000000000000e+03 1.505000000000000000e+03 1.463000000000000000e+03
1.503000000000000000e+03 1.521000000000000000e+03 1.505000000000000000e+03 1.487000000000000000e+03
1.575000000000000000e+03 1.545000000000000000e+03 1.559000000000000000e+03 1.529000000000000000e+03
1.597000000000000000e+03 1.577000000000000000e+03 1.589000000000000000e+03 1.603000000000000000e+03
1.643000000000000000e+03 1.631000000000000000e+03 1.631000000000000000e+03 1.653000000000000000e+03
1.707000000000000000e+03 1.679000000000000000e+03 1.673000000000000000e+03 1.681000000000000000e+03
1.751000000000000000e+03 1.713000000000000000e+03 1.723000000000000000e+03 1.685000000000000000e+03
1.701000000000000000e+03 1.733000000000000000e+03 1.777000000000000000e+03 1.757000000000000000e+03
1.775000000000000000e+03 1.765000000000000000e+03 1.847000000000000000e+03 1.759000000000000000e+03
1.859000000000000000e+03 1.825000000000000000e+03 1.781000000000000000e+03 1.837000000000000000e+03
1.903000000000000000e+03 1.861000000000000000e+03 1.875000000000000000e+03 1.821000000000000000e+03
