9.567956795679560811e-01 9.741974197419734915e-01 9.552955295529537150e-01 9.813981398139818291e-01
9.285928592859267194e-01 9.618961896189610616e-01 9.780978097809768235e-01 9.732973297329723383e-01
9.939993999399934221e-01 9.714971497149712532e-01 9.546954695469540564e-01 9.963996399639951651e-01
1.006600660066005570e+00 1.051005100510049362e+00 9.363936393639363809e-01 1.004500450045004323e+00
9.549954995499545518e-01 9.360936093609359965e-01 9.492949294929483584e-01 9.687968796879681266e-01
9.519951995199510408e-01 9.339933993399339718e-01 9.465946594659464530e-01 8.862886288628858411e-01
9.861986198619859811e-01 9.426942694269423439e-01 9.195919591959190731e-01 9.225922592259226951e-01
9.216921692169218749e-01 9.051905190519047295e-01 8.991899189918991508e-01 9.234923492349231822e-01
9.078907890789075230e-01 8.562856285628557274e-01 9.111911191119115294e-01 8.727872787278728728e-01
8.481848184818482350e-01 9.234923492349236263e-01 8.697869786978696949e-01 8.466846684668469791e-01
8.058805880588059134e-01 7.905790579057909717e-01 8.220822082208222303e-01 8.475847584758471331e-01
7.824782478247825912e-01 8.010801080108012062e-01 8.799879987998799891e-01 8.448844884488452278e-01
7.404740474047405430e-01 7.392739273927393384e-01 7.056705670567061661e-01 7.929792979297930478e-01
7.659765976597660009e-01 7.365736573657366559e-01 6.687668766876689874e-01 7.440744074407440456e-01
7.347734773477350156e-01 7.329732973297331533e-01 6.237623762376239833e-01 6.771677167716775303e-01
6.531653165316533283e-01 6.852685268526857998e-01 6.144614461446149534e-01 6.384638463846388223e-01
6.369636963696370113e-01 6.444644464446448451e-01 6.183618361836187294e-01 5.973597359735974832e-01
5.481548154815485407e-01 6.015601560156019767e-01 5.322532253225322751e-01 5.613561356135615688e-01
5.634563456345638155e-01 5.622562256225624999e-01 5.364536453645365466e-01 5.892589258925896578e-01
5.706570657065708208e-01 5.931593159315934338e-01 5.280528052805284478e-01 4.848484848484850285e-01
4.782478247824786810e-01 4.740474047404742430e-01 4.998499849985000298e-01 4.422442244224423225e-01
5.598559855985599798e-01 4.578457845784581481e-01 4.347434743474349883e-01 5.001500150015003587e-01
4.254425442544257918e-01 4.467446744674470893e-01 4.686468646864688226e-01 3.594359435943595416e-01
4.392439243924398107e-01 4.707470747074710138e-01 4.365436543654368506e-01 4.779477947794784631e-01
3.609360936093611305e-01 3.855385538553854907e-01 3.558355835583560944e-01 4.014401440144019229e-01
3.768376837683771741e-01 3.459345934593461847e-01 4.335433543354337838e-01 3.378337833783381372e-01
3.108310831083109238e-01 2.787278727872789519e-01 3.285328532853287187e-01 3.129312931293131705e-01
3.552355235523554366e-01 2.919291929192919799e-01 3.540354035403542876e-01 3.414341434143418064e-01
3.141314131413144306e-01 2.376237623762377515e-01 2.799279927992802119e-01 3.246324632463249427e-01
3.081308130813084634e-01 2.703270327032704090e-01 2.760276027602762694e-01 2.667266726672670729e-01
2.322232223222323311e-01 2.733273327332735314e-01 3.483348334833484827e-01 2.802280228022804853e-01
2.208220822082209989e-01 2.727272727272728181e-01 2.319231923192320854e-01 3.195319531953197401e-01
2.133213321332134427e-01 2.235223522352235703e-01 2.706270627062709044e-01 2.457245724572459933e-01
2.169216921692170286e-01 2.091209120912093100e-01 2.253225322532254049e-01 2.247224722472249414e-01
2.121212121212122659e-01 1.692169216921692032e-01 1.764176417641764860e-01 1.422142214221422951e-01
1.533153315331534372e-01 1.545154515451546418e-01 1.974197419741976489e-01 2.490249024902491670e-01
1.707170717071708199e-01 1.890189018901891338e-01 1.953195319531954854e-01 2.472247224722473047e-01
1.581158115811583109e-01 1.536153615361537661e-01 1.623162316231624158e-01 1.416141614161417206e-01
1.587158715871588022e-01 1.578157815781578988e-01 1.527152715271527517e-01 1.548154815481548874e-01
9.990999099909997350e-02 1.515151515151516859e-01 1.413141314131414750e-01 1.362136213621363279e-01
1.521152115211522327e-01 1.560156015601561197e-01 1.287128712871288272e-01 1.167116711671167539e-01
1.302130213021303329e-01 1.281128112811282249e-01 1.041104110411041617e-01 1.155115511551156049e-01
1.008100810081008630e-01 1.074107410741075019e-01 1.161116111611162210e-01 1.005100510051005896e-01
1.353135313531353690e-01 1.011101110111011780e-01 1.035103510351035733e-01 8.340834083408343869e-02
1.119111911191120051e-01 7.500750075007507622e-02 8.550855085508556053e-02 1.041104110411041617e-01
8.490849084908497213e-02 9.750975097509757827e-02 9.720972097209724938e-02 9.300930093009308897e-02
1.065106510651066124e-01 5.850585058505851366e-02 7.980798079807982504e-02 1.044104410441044906e-01
1.056105610561057090e-01 9.450945094509456690e-02 6.510651065106516644e-02 6.630663066306631548e-02
7.020702070207024414e-02 7.350735073507355666e-02 6.360636063606363300e-02 6.420642064206423527e-02
6.900690069006905347e-02 6.270627062706272958e-02 7.470747074707476121e-02 6.330633063306335961e-02
