3.963396339633963317e-01 3.663366336633663289e-01 3.426342634263426223e-01 7.950795079507950724e-01 7.443744374437443190e-01 7.032703270327033129e-01 3.792379237923792501e-01 3.381338133813381330e-01 3.360336033603360528e-01 3.345334533453345194e-01 3.096309630963096082e-01 2.928292829282928555e-01
3.027302730273027098e-01 2.487248724872487271e-01 2.190219021902190255e-01 2.790279027902790032e-01 2.394239423942394196e-01 1.950195019501950178e-01 2.838283828382838214e-01 2.475247524752475226e-01 2.034203420342034219e-01 9.180918091809181503e-02 7.560756075607560911e-02 6.030603060306030661e-02
2.601260126012601148e-01 2.223222322232223103e-01 1.674167416741674241e-01 1.335133513351335066e-01 1.071107110711071175e-01 7.560756075607560911e-02 2.730273027302730360e-01 2.163216321632163153e-01 1.860186018601860114e-01 2.724272427242724337e-01 2.124212421242124282e-01 1.785178517851785107e-01
1.338133813381338078e-01 9.060906090609061048e-02 7.920792079207920888e-02 8.820882088208821525e-02 5.940594059405940319e-02 4.080408040804080205e-02 1.179117911791179169e-01 8.460846084608460160e-02 7.710771077107710092e-02 1.233123312331233096e-01 1.029102910291029155e-01 6.870687068706871070e-02
2.241224122412241171e-01 1.530153015301530250e-01 9.720972097209720775e-02 1.257125712571257048e-01 8.400840084008401321e-02 7.230723072307231047e-02 2.790279027902790171e-02 3.000300030003000273e-02 1.950195019501950108e-02 4.860486048604860387e-02 2.790279027902790171e-02 2.280228022802280319e-02
3.720372037203720228e-02 2.550255025502550302e-02 1.920192019201920341e-02 4.170417041704170547e-02 2.340234023402340199e-02 2.070207020702070216e-02 4.290429042904290308e-02 2.340234023402340199e-02 1.560156015601560191e-02 1.137113711371137148e-01 7.140714071407140706e-02 4.380438043804380649e-02
2.310231023102310086e-02 1.350135013501350088e-02 1.020102010201020051e-02 1.023102310231023132e-01 7.080708070807080479e-02 4.230423042304230080e-02 1.824182418241824255e-01 9.960996099609961685e-02 6.180618061806180535e-02 4.650465046504650285e-02 3.270327032703270603e-02 1.950195019501950108e-02
2.010201020102010336e-02 1.020102010201020051e-02 8.400840084008400627e-03 1.920192019201920341e-02 1.350135013501350088e-02 1.110111011101110046e-02 2.100210021002100330e-02 1.410141014101410142e-02 7.800780078007800954e-03 5.190519051905190251e-02 3.030303030303030387e-02 2.190219021902190324e-02
2.580258025802580416e-02 1.500150015001500137e-02 1.050105010501050165e-02 1.380138013801380202e-02 8.400840084008400627e-03 9.300930093009300570e-03 2.700270027002700177e-02 1.320132013201320148e-02 1.140114011401140159e-02 1.620162016201620245e-02 9.300930093009300570e-03 9.300930093009300570e-03
2.940294029402940393e-02 2.280228022802280319e-02 1.110111011101110046e-02 4.350435043504350535e-02 2.610261026102610182e-02 2.100210021002100330e-02 7.110711071107110592e-02 3.900390039003900217e-02 2.070207020702070216e-02 6.690669066906690388e-02 3.360336033603360251e-02 1.710171017101710239e-02
4.530453045304530524e-02 2.490249024902490421e-02 1.320132013201320148e-02 5.820582058205820558e-02 2.610261026102610182e-02 1.740174017401740006e-02 6.720672067206720501e-02 3.030303030303030387e-02 1.620162016201620245e-02 4.530453045304530524e-02 1.800180018001800233e-02 7.500750075007500683e-03
3.750375037503750342e-02 2.010201020102010336e-02 1.170117011701170100e-02 6.300630063006300470e-03 5.700570057005700797e-03 3.600360036003600207e-03 2.910291029102910279e-02 1.920192019201920341e-02 1.830183018301830347e-02 1.380138013801380202e-02 7.800780078007800954e-03 9.000900090009001167e-03
9.900990099009901110e-03 6.900690069006901010e-03 5.400540054005400527e-03 3.210321032103210376e-02 2.430243024302430194e-02 1.050105010501050165e-02 4.050405040504050092e-02 2.100210021002100330e-02 1.440144014401440083e-02 8.700870087008700030e-03 6.600660066006600740e-03 3.600360036003600207e-03
2.460246024602460307e-02 9.300930093009300570e-03 6.000600060006000200e-03 1.410141014101410142e-02 1.380138013801380202e-02 1.290129012901290208e-02 6.300630063006300470e-03 3.300330033003300370e-03 2.700270027002700263e-03 1.230123012301230154e-02 9.000900090009001167e-03 6.300630063006300470e-03
1.620162016201620245e-02 8.100810081008101224e-03 7.500750075007500683e-03 1.320132013201320148e-02 8.700870087008700030e-03 7.500750075007500683e-03 6.600660066006600740e-03 5.100510051005100257e-03 4.800480048004800854e-03 1.440144014401440083e-02 1.410141014101410142e-02 1.080108010801080105e-02
7.500750075007500683e-03 5.400540054005400527e-03 4.500450045004500584e-03 2.910291029102910279e-02 1.440144014401440083e-02 1.260126012601260094e-02 2.370237023702370313e-02 1.890189018901890228e-02 1.110111011101110046e-02 7.800780078007800954e-03 2.700270027002700263e-03 2.700270027002700263e-03
1.980198019801980222e-02 1.410141014101410142e-02 9.900990099009901110e-03 1.200120012001200040e-02 6.000600060006000200e-03 5.700570057005700797e-03 6.000600060006000200e-03 5.400540054005400527e-03 2.700270027002700263e-03 1.500150015001500137e-02 1.140114011401140159e-02 1.140114011401140159e-02
6.000600060006000200e-03 2.100210021002100157e-03 5.100510051005100257e-03 5.400540054005400527e-03 3.900390039003900477e-03 2.700270027002700263e-03 1.410141014101410142e-02 1.170117011701170100e-02 1.020102010201020051e-02 7.500750075007500683e-03 3.900390039003900477e-03 5.400540054005400527e-03
6.300630063006300470e-03 4.500450045004500584e-03 4.500450045004500584e-03 2.070207020702070216e-02 1.290129012901290208e-02 1.110111011101110046e-02 1.530153015301530077e-02 1.710171017101710239e-02 9.900990099009901110e-03 4.800480048004800854e-03 5.400540054005400527e-03 3.600360036003600207e-03
5.100510051005100257e-03 2.100210021002100157e-03 4.200420042004200313e-03 1.410141014101410142e-02 1.440144014401440083e-02 1.590159015901590131e-02 1.410141014101410142e-02 1.290129012901290208e-02 1.140114011401140159e-02 1.350135013501350088e-02 1.200120012001200040e-02 1.200120012001200040e-02
1.590159015901590131e-02 1.200120012001200040e-02 1.350135013501350088e-02 4.800480048004800854e-03 3.600360036003600207e-03 2.100210021002100157e-03 1.800180018001800233e-02 1.260126012601260094e-02 1.290129012901290208e-02 1.140114011401140159e-02 1.200120012001200040e-02 1.110111011101110046e-02
1.200120012001200040e-02 1.020102010201020051e-02 1.230123012301230154e-02 3.000300030003000100e-03 3.600360036003600207e-03 4.200420042004200313e-03 4.500450045004500584e-03 3.900390039003900477e-03 2.700270027002700263e-03 5.700570057005700797e-03 5.700570057005700797e-03 4.500450045004500584e-03
6.000600060006000200e-03 3.900390039003900477e-03 4.500450045004500584e-03 8.100810081008101224e-03 5.400540054005400527e-03 4.800480048004800854e-03 5.700570057005700797e-03 3.600360036003600207e-03 3.900390039003900477e-03 1.350135013501350088e-02 1.140114011401140159e-02 9.300930093009300570e-03
1.440144014401440083e-02 1.170117011701170100e-02 1.440144014401440083e-02 5.400540054005400527e-03 2.700270027002700263e-03 3.300330033003300370e-03 1.770177017701770120e-02 1.620162016201620245e-02 1.020102010201020051e-02 1.710171017101710239e-02 1.350135013501350088e-02 1.110111011101110046e-02
3.300330033003300370e-03 3.000300030003000100e-03 2.400240024002400427e-03 2.700270027002700263e-03 3.600360036003600207e-03 3.300330033003300370e-03 3.600360036003600207e-03 3.000300030003000100e-03 3.600360036003600207e-03 3.000300030003000100e-03 5.100510051005100257e-03 2.100210021002100157e-03
4.200420042004200313e-03 3.600360036003600207e-03 3.300330033003300370e-03 5.700570057005700797e-03 3.600360036003600207e-03 5.400540054005400527e-03 5.700570057005700797e-03 6.900690069006901010e-03 4.800480048004800854e-03 1.200120012001200040e-02 1.260126012601260094e-02 1.290129012901290208e-02
5.100510051005100257e-03 4.500450045004500584e-03 3.600360036003600207e-03 1.050105010501050165e-02 1.080108010801080105e-02 1.260126012601260094e-02 5.700570057005700797e-03 4.200420042004200313e-03 4.200420042004200313e-03 4.500450045004500584e-03 4.500450045004500584e-03 5.100510051005100257e-03
1.350135013501350088e-02 1.230123012301230154e-02 8.100810081008101224e-03 1.320132013201320148e-02 1.440144014401440083e-02 1.260126012601260094e-02 2.100210021002100157e-03 3.300330033003300370e-03 4.800480048004800854e-03 3.600360036003600207e-03 4.800480048004800854e-03 4.200420042004200313e-03
1.260126012601260094e-02 1.230123012301230154e-02 1.110111011101110046e-02 2.400240024002400427e-03 3.300330033003300370e-03 3.000300030003000100e-03 1.350135013501350088e-02 1.020102010201020051e-02 1.410141014101410142e-02 1.260126012601260094e-02 1.230123012301230154e-02 1.230123012301230154e-02
6.000600060006000200e-03 4.800480048004800854e-03 3.900390039003900477e-03 1.350135013501350088e-02 1.230123012301230154e-02 1.140114011401140159e-02 3.900390039003900477e-03 3.000300030003000100e-03 2.100210021002100157e-03 1.230123012301230154e-02 1.440144014401440083e-02 1.200120012001200040e-02
3.000300030003000100e-03 2.400240024002400427e-03 4.500450045004500584e-03 1.260126012601260094e-02 1.470147014701470196e-02 9.900990099009901110e-03 1.350135013501350088e-02 1.260126012601260094e-02 1.380138013801380202e-02 3.000300030003000100e-03 3.600360036003600207e-03 3.900390039003900477e-03
1.080108010801080105e-02 9.900990099009901110e-03 1.470147014701470196e-02 1.170117011701170100e-02 9.900990099009901110e-03 1.140114011401140159e-02 6.000600060006000200e-03 2.700270027002700263e-03 3.900390039003900477e-03 4.500450045004500584e-03 1.800180018001800103e-03 5.400540054005400527e-03
4.500450045004500584e-03 3.900390039003900477e-03 3.300330033003300370e-03 1.290129012901290208e-02 9.600960096009601707e-03 1.140114011401140159e-02 1.230123012301230154e-02 8.400840084008400627e-03 1.440144014401440083e-02 4.200420042004200313e-03 3.300330033003300370e-03 3.300330033003300370e-03
1.530153015301530077e-02 1.500150015001500137e-02 1.110111011101110046e-02 1.410141014101410142e-02 1.320132013201320148e-02 9.600960096009601707e-03 4.200420042004200313e-03 4.200420042004200313e-03 3.900390039003900477e-03 1.650165016501650012e-02 1.620162016201620245e-02 1.320132013201320148e-02
8.400840084008400627e-03 8.700870087008700030e-03 1.140114011401140159e-02 5.100510051005100257e-03 6.300630063006300470e-03 5.100510051005100257e-03 1.170117011701170100e-02 1.230123012301230154e-02 1.110111011101110046e-02 3.000300030003000100e-03 2.400240024002400427e-03 6.300630063006300470e-03
