9.623000000000000442e-01 9.667999999999999927e-01 9.585000000000000187e-01 9.609999999999999654e-01
9.096999999999999531e-01 9.260000000000000453e-01 9.219000000000000528e-01 9.461000000000000520e-01
9.043999999999999817e-01 8.874999999999999556e-01 9.135999999999999677e-01 9.135999999999999677e-01
8.570999999999999730e-01 8.887000000000000455e-01 8.375000000000000222e-01 8.562999999999999501e-01
8.334000000000000297e-01 8.104999999999999982e-01 8.326000000000000068e-01 8.267999999999999794e-01
8.044999999999999929e-01 8.080000000000000515e-01 7.721999999999999975e-01 7.941000000000000281e-01
8.042000000000000259e-01 7.537000000000000366e-01 8.215000000000000080e-01 7.346000000000000307e-01
7.409000000000000030e-01 7.347000000000000197e-01 7.480999999999999872e-01 7.249999999999999778e-01
7.318000000000000060e-01 6.909999999999999476e-01 6.652000000000000135e-01 7.420999999999999819e-01
6.366000000000000547e-01 7.382999999999999563e-01 6.647999999999999465e-01 6.643999999999999906e-01
6.719000000000000528e-01 6.189000000000000057e-01 6.523999999999999799e-01 6.469000000000000306e-01
5.863000000000000433e-01 5.495999999999999774e-01 6.843000000000000194e-01 6.516999999999999460e-01
5.462000000000000188e-01 6.199999999999999956e-01 6.647999999999999465e-01 5.693000000000000282e-01
5.708999999999999631e-01 5.620000000000000551e-01 5.696999999999999842e-01 6.274999999999999467e-01
5.877999999999999892e-01 5.913000000000000478e-01 5.688999999999999613e-01 5.731000000000000538e-01
5.515999999999999792e-01 5.362999999999999989e-01 5.530000000000000471e-01 5.278000000000000469e-01
5.071999999999999842e-01 5.144999999999999574e-01 5.086000000000000520e-01 4.980999999999999872e-01
4.761000000000000232e-01 4.541999999999999926e-01 5.366999999999999549e-01 5.445999999999999730e-01
4.435000000000000053e-01 4.711000000000000187e-01 5.003999999999999559e-01 4.586000000000000076e-01
4.440000000000000058e-01 4.722999999999999976e-01 5.069000000000000172e-01 4.521000000000000019e-01
3.981999999999999984e-01 4.273000000000000131e-01 4.218999999999999972e-01 4.325999999999999845e-01
4.769999999999999796e-01 4.099999999999999756e-01 4.298000000000000154e-01 4.366999999999999771e-01
3.978999999999999759e-01 3.834000000000000186e-01 4.112999999999999989e-01 4.161000000000000254e-01
3.503000000000000003e-01 3.825999999999999956e-01 3.881999999999999895e-01 3.733000000000000207e-01
3.714999999999999969e-01 3.738000000000000211e-01 3.718000000000000194e-01 3.867999999999999772e-01
3.417000000000000037e-01 3.638000000000000123e-01 4.038999999999999813e-01 3.842999999999999750e-01
3.895000000000000129e-01 3.618999999999999995e-01 3.256999999999999895e-01 3.688000000000000167e-01
3.245999999999999996e-01 3.276000000000000023e-01 3.672000000000000264e-01 3.261000000000000010e-01
3.279000000000000248e-01 3.106999999999999762e-01 2.913000000000000034e-01 3.150000000000000022e-01
3.266000000000000014e-01 3.124000000000000110e-01 3.403999999999999804e-01 3.403999999999999804e-01
2.838999999999999857e-01 2.881000000000000227e-01 2.640000000000000124e-01 3.257999999999999785e-01
2.639000000000000234e-01 2.866000000000000214e-01 2.827000000000000068e-01 3.190000000000000058e-01
2.684000000000000274e-01 2.681000000000000050e-01 2.893000000000000016e-01 2.762999999999999901e-01
2.728999999999999759e-01 3.003000000000000114e-01 3.287999999999999812e-01 2.492999999999999938e-01
2.497000000000000053e-01 2.343999999999999972e-01 2.669000000000000261e-01 2.500000000000000000e-01
2.437000000000000000e-01 2.922000000000000153e-01 2.710000000000000187e-01 2.202000000000000068e-01
2.404000000000000026e-01 3.068000000000000171e-01 2.379000000000000004e-01 2.437999999999999889e-01
2.810000000000000275e-01 2.210999999999999910e-01 2.139000000000000068e-01 2.268000000000000016e-01
2.454000000000000070e-01 2.212999999999999967e-01 2.275000000000000078e-01 2.692999999999999838e-01
2.305999999999999994e-01 1.980000000000000093e-01 2.328999999999999959e-01 2.250999999999999945e-01
2.089000000000000024e-01 2.134000000000000064e-01 2.204000000000000126e-01 1.907000000000000084e-01
2.094000000000000028e-01 2.199000000000000121e-01 1.897999999999999965e-01 2.220000000000000029e-01
2.016999999999999904e-01 1.827000000000000013e-01 1.847999999999999921e-01 1.869000000000000106e-01
1.587000000000000077e-01 2.240000000000000047e-01 1.796000000000000096e-01 1.862999999999999934e-01
2.058000000000000107e-01 1.693999999999999950e-01 1.768000000000000127e-01 1.801999999999999991e-01
1.746000000000000052e-01 1.718000000000000083e-01 1.741000000000000048e-01 2.051000000000000045e-01
1.706000000000000016e-01 1.680999999999999994e-01 1.683000000000000052e-01 1.734999999999999876e-01
1.658000000000000029e-01 1.635000000000000064e-01 1.947000000000000119e-01 1.670000000000000095e-01
1.587000000000000077e-01 1.647000000000000131e-01 1.661999999999999866e-01 1.486999999999999988e-01
1.575999999999999901e-01 1.584000000000000130e-01 1.535999999999999865e-01 1.476000000000000090e-01
1.736000000000000043e-01 1.575000000000000011e-01 1.579000000000000126e-01 1.648999999999999910e-01
1.350000000000000089e-01 1.414999999999999869e-01 1.729999999999999871e-01 1.718000000000000083e-01
1.497999999999999887e-01 1.370000000000000107e-01 1.522999999999999909e-01 1.313000000000000000e-01
1.370000000000000107e-01 1.869999999999999996e-01 1.532000000000000028e-01 1.486000000000000099e-01
1.323000000000000009e-01 1.269000000000000128e-01 1.466000000000000081e-01 1.250999999999999890e-01
1.539000000000000090e-01 1.255000000000000004e-01 1.244999999999999996e-01 1.376000000000000001e-01
1.320999999999999952e-01 1.464000000000000024e-01 1.358999999999999930e-01 1.439999999999999891e-01
1.243999999999999967e-01 1.318999999999999895e-01 1.317000000000000115e-01 1.391999999999999904e-01
1.345999999999999974e-01 1.140999999999999931e-01 1.252000000000000057e-01 1.297999999999999987e-01
1.287000000000000088e-01 1.315000000000000058e-01 1.300000000000000044e-01 1.156999999999999973e-01
1.233000000000000068e-01 1.300999999999999934e-01 1.257000000000000062e-01 1.363999999999999935e-01
1.125000000000000028e-01 1.199000000000000066e-01 1.095000000000000001e-01 1.202000000000000013e-01
1.176999999999999991e-01 1.310999999999999943e-01 1.221000000000000002e-01 1.053999999999999937e-01
1.057000000000000023e-01 1.370999999999999996e-01 1.146999999999999964e-01 1.333000000000000018e-01
1.137999999999999984e-01 1.122999999999999970e-01 1.102000000000000063e-01 1.340000000000000080e-01
1.140000000000000041e-01 1.168000000000000010e-01 1.005999999999999950e-01 1.083999999999999964e-01
1.092999999999999944e-01 1.277999999999999969e-01 1.029999999999999943e-01 1.034999999999999948e-01
9.890000000000000180e-02 1.232000000000000040e-01 1.092999999999999944e-01 1.019000000000000045e-01
1.178000000000000019e-01 1.024999999999999939e-01 1.024999999999999939e-01 9.750000000000000333e-02
9.969999999999999696e-02 9.790000000000000091e-02 9.249999999999999889e-02 9.120000000000000329e-02
1.103999999999999981e-01 9.400000000000000022e-02 9.829999999999999849e-02 9.779999999999999805e-02
9.879999999999999893e-02 9.070000000000000284e-02 1.008000000000000007e-01 9.589999999999999913e-02
9.750000000000000333e-02 1.033000000000000029e-01 9.210000000000000131e-02 9.249999999999999889e-02
9.589999999999999913e-02 9.629999999999999671e-02 9.610000000000000486e-02 8.899999999999999578e-02
9.890000000000000180e-02 9.840000000000000135e-02 9.579999999999999627e-02 8.469999999999999751e-02
