8.083000000000000185e-01 8.204000000000000181e-01 7.820000000000000284e-01 7.933000000000000052e-01
7.130999999999999561e-01 7.082000000000000517e-01 6.830000000000000515e-01 7.351999999999999647e-01
6.276000000000000467e-01 6.251999999999999780e-01 6.084000000000000519e-01 6.784999999999999920e-01
5.456999999999999629e-01 5.602000000000000313e-01 5.673000000000000265e-01 5.574000000000000066e-01
4.899000000000000021e-01 4.708999999999999853e-01 4.702999999999999958e-01 4.880999999999999783e-01
4.953000000000000180e-01 4.208000000000000074e-01 4.118999999999999884e-01 4.161000000000000254e-01
3.574999999999999845e-01 3.820999999999999952e-01 3.845999999999999974e-01 3.509999999999999787e-01
3.469999999999999751e-01 3.225999999999999979e-01 3.405000000000000249e-01 3.155000000000000027e-01
3.078000000000000180e-01 2.748999999999999777e-01 3.049999999999999933e-01 3.049999999999999933e-01
2.099000000000000032e-01 2.959999999999999853e-01 2.579000000000000181e-01 2.776000000000000134e-01
2.298000000000000043e-01 2.235999999999999932e-01 2.190999999999999892e-01 2.510999999999999899e-01
1.729999999999999871e-01 1.761999999999999955e-01 1.638000000000000012e-01 2.291999999999999871e-01
1.680000000000000104e-01 1.822999999999999898e-01 1.691999999999999893e-01 1.587000000000000077e-01
1.464000000000000024e-01 1.409999999999999865e-01 1.471999999999999975e-01 1.388999999999999957e-01
1.348000000000000032e-01 1.655000000000000082e-01 1.388999999999999957e-01 1.272999999999999965e-01
1.587000000000000077e-01 1.140000000000000041e-01 1.302000000000000102e-01 1.421000000000000041e-01
1.161999999999999977e-01 9.629999999999999671e-02 9.370000000000000551e-02 9.650000000000000244e-02
7.810000000000000275e-02 8.949999999999999623e-02 7.939999999999999836e-02 7.349999999999999589e-02
6.289999999999999758e-02 8.400000000000000522e-02 9.070000000000000284e-02 7.320000000000000118e-02
7.630000000000000671e-02 6.410000000000000420e-02 6.460000000000000464e-02 6.310000000000000331e-02
6.119999999999999746e-02 9.039999999999999425e-02 6.389999999999999847e-02 6.519999999999999407e-02
5.179999999999999882e-02 8.859999999999999820e-02 4.730000000000000177e-02 8.890000000000000679e-02
6.329999999999999516e-02 6.219999999999999835e-02 7.199999999999999456e-02 5.850000000000000339e-02
3.620000000000000301e-02 4.510000000000000120e-02 4.120000000000000051e-02 6.750000000000000444e-02
4.340000000000000108e-02 3.320000000000000034e-02 4.680000000000000132e-02 3.330000000000000321e-02
3.490000000000000047e-02 5.639999999999999875e-02 3.359999999999999792e-02 3.540000000000000091e-02
3.729999999999999982e-02 3.760000000000000148e-02 3.849999999999999950e-02 3.420000000000000123e-02
2.719999999999999848e-02 4.019999999999999962e-02 3.629999999999999893e-02 2.599999999999999881e-02
3.189999999999999780e-02 2.809999999999999998e-02 2.809999999999999998e-02 3.130000000000000143e-02
3.690000000000000224e-02 2.400000000000000050e-02 2.709999999999999909e-02 3.189999999999999780e-02
2.520000000000000018e-02 2.230000000000000038e-02 2.809999999999999998e-02 2.380000000000000171e-02
2.170000000000000054e-02 2.210000000000000159e-02 2.690000000000000030e-02 2.659999999999999865e-02
2.520000000000000018e-02 3.919999999999999873e-02 2.110000000000000070e-02 2.589999999999999941e-02
2.699999999999999969e-02 2.390000000000000110e-02 2.769999999999999893e-02 2.380000000000000171e-02
2.549999999999999836e-02 2.330000000000000127e-02 2.189999999999999933e-02 2.230000000000000038e-02
2.390000000000000110e-02 2.290000000000000022e-02 2.000000000000000042e-02 1.990000000000000102e-02
2.179999999999999993e-02 2.160000000000000114e-02 2.110000000000000070e-02 2.259999999999999856e-02
1.799999999999999864e-02 1.969999999999999876e-02 2.110000000000000070e-02 1.849999999999999908e-02
2.110000000000000070e-02 1.930000000000000118e-02 1.930000000000000118e-02 1.940000000000000058e-02
2.330000000000000127e-02 1.830000000000000029e-02 1.890000000000000013e-02 1.729999999999999941e-02
1.909999999999999892e-02 1.940000000000000058e-02 1.870000000000000134e-02 1.580000000000000154e-02
1.669999999999999957e-02 1.990000000000000102e-02 1.540000000000000049e-02 1.650000000000000078e-02
1.700000000000000122e-02 1.890000000000000013e-02 1.739999999999999880e-02 1.529999999999999936e-02
1.949999999999999997e-02 1.810000000000000150e-02 1.519999999999999997e-02 1.629999999999999852e-02
1.849999999999999908e-02 1.660000000000000017e-02 1.580000000000000154e-02 1.529999999999999936e-02
1.439999999999999961e-02 1.569999999999999868e-02 1.420000000000000082e-02 1.609999999999999973e-02
1.619999999999999912e-02 1.849999999999999908e-02 1.490000000000000005e-02 1.729999999999999941e-02
1.969999999999999876e-02 1.700000000000000122e-02 1.359999999999999924e-02 1.340000000000000045e-02
1.619999999999999912e-02 1.679999999999999896e-02 1.679999999999999896e-02 1.359999999999999924e-02
1.540000000000000049e-02 1.549999999999999989e-02 1.650000000000000078e-02 1.679999999999999896e-02
