8.310831083108310979e-01 7.818781878187819334e-01 7.095709570957096091e-01 8.490849084908490552e-01 7.986798679867986861e-01 7.245724572457246104e-01 8.169816981698170277e-01 7.176717671767176565e-01 6.375637563756375581e-01 8.604860486048604429e-01 7.986798679867986861e-01 7.728772877287728438e-01
6.750675067506750615e-01 5.175517551755175472e-01 3.789378937893789212e-01 6.876687668766876538e-01 5.376537653765376401e-01 4.317431743174317549e-01 6.771677167716771972e-01 5.103510351035103199e-01 3.885388538853885576e-01 7.092709270927092247e-01 5.820582058205820974e-01 4.716471647164716674e-01
6.579657965796579244e-01 4.818481848184818506e-01 3.555355535553555435e-01 6.054605460546054196e-01 4.281428142814281412e-01 3.015301530153015053e-01 5.781578157815782104e-01 3.936393639363936492e-01 2.706270627062706269e-01 6.414641464146414451e-01 4.404440444044404601e-01 3.210321032103210515e-01
5.460546054605460720e-01 3.336333633363336437e-01 2.244224422442244182e-01 5.610561056105610733e-01 3.741374137413741585e-01 2.199219921992199289e-01 5.652565256525652337e-01 3.711371137113711471e-01 2.511251125112511362e-01 5.280528052805280037e-01 3.222322232223222560e-01 2.025202520252025185e-01
5.574557455745574597e-01 3.435343534353435535e-01 2.376237623762376128e-01 4.950495049504950451e-01 2.772277227722772519e-01 1.698169816981698055e-01 4.713471347134713385e-01 2.331233123312331235e-01 1.410141014101410073e-01 3.837383738373837394e-01 1.884188418841884205e-01 1.014101410141014098e-01
3.789378937893789212e-01 1.731173117311731180e-01 6.960696069606960024e-02 3.963396339633963317e-01 1.911191119111911307e-01 9.870987098709871344e-02 3.501350135013501230e-01 1.494149414941494114e-01 6.930693069306931298e-02 3.708370837083708182e-01 1.665166516651665207e-01 8.010801080108011230e-02
3.207320732073207226e-01 1.191119111911191075e-01 6.570657065706571320e-02 3.843384338433843417e-01 1.902190219021902273e-01 9.210921092109210229e-02 3.387338733873387353e-01 1.326132613261326032e-01 6.450645064506450865e-02 3.420342034203420201e-01 1.473147314731473034e-01 6.270627062706270183e-02
3.012301230123012319e-01 1.044104410441044073e-01 4.200420042004200660e-02 3.147314731473147553e-01 1.296129612961296196e-01 5.760576057605760331e-02 2.280228022802280319e-01 7.230723072307231047e-02 2.760276027602760404e-02 2.547254725472547499e-01 8.700870087008701070e-02 2.820282028202820285e-02
2.826282628262826169e-01 9.600960096009600320e-02 3.570357035703570353e-02 2.382238223822382150e-01 7.320732073207321389e-02 3.000300030003000273e-02 2.436243624362436355e-01 5.760576057605760331e-02 2.640264026402640296e-02 3.078307830783078569e-01 1.194119411941194087e-01 5.610561056105610456e-02
1.917191719171917330e-01 3.690369036903690114e-02 1.440144014401440083e-02 2.073207320732073089e-01 5.520552055205520808e-02 1.650165016501650012e-02 2.202220222022202301e-01 6.450645064506450865e-02 2.400240024002400080e-02 2.127212721272127294e-01 6.390639063906390638e-02 2.130213021302130097e-02
1.608160816081608269e-01 3.780378037803780455e-02 1.350135013501350088e-02 1.797179717971797153e-01 5.550555055505550228e-02 1.800180018001800233e-02 1.632163216321632082e-01 4.710471047104710512e-02 1.800180018001800233e-02 1.521152115211521216e-01 4.020402040204020672e-02 1.170117011701170100e-02
1.320132013201320009e-01 2.910291029102910279e-02 9.000900090009001167e-03 1.527152715271527239e-01 3.270327032703270603e-02 1.050105010501050165e-02 1.491149114911491103e-01 3.180318031803180262e-02 1.320132013201320148e-02 1.683168316831683275e-01 4.620462046204620171e-02 1.650165016501650012e-02
1.389138913891389271e-01 2.730273027302730290e-02 1.140114011401140159e-02 8.700870087008701070e-02 9.600960096009601707e-03 5.100510051005100257e-03 1.377137713771377225e-01 3.060306030603060154e-02 1.140114011401140159e-02 1.623162316231623048e-01 3.420342034203420478e-02 1.740174017401740006e-02
9.540954095409541480e-02 1.920192019201920341e-02 4.500450045004500584e-03 1.026102610261026143e-01 1.530153015301530077e-02 4.200420042004200313e-03 1.047104710471047084e-01 1.320132013201320148e-02 6.300630063006300470e-03 8.100810081008100183e-02 1.050105010501050165e-02 4.500450045004500584e-03
8.610861086108610729e-02 1.290129012901290208e-02 4.200420042004200313e-03 8.040804080408041343e-02 1.320132013201320148e-02 6.300630063006300470e-03 7.110711071107110592e-02 1.020102010201020051e-02 3.300330033003300370e-03 6.180618061806180535e-02 8.400840084008400627e-03 3.900390039003900477e-03
7.320732073207321389e-02 1.170117011701170100e-02 2.700270027002700263e-03 8.010801080108011230e-02 1.380138013801380202e-02 4.200420042004200313e-03 7.200720072007200934e-02 1.200120012001200040e-02 5.100510051005100257e-03 6.930693069306931298e-02 1.290129012901290208e-02 4.500450045004500584e-03
7.920792079207920888e-02 1.320132013201320148e-02 4.800480048004800854e-03 4.950495049504950729e-02 6.900690069006901010e-03 3.900390039003900477e-03 7.080708070807080479e-02 1.650165016501650012e-02 5.100510051005100257e-03 8.250825082508250752e-02 1.560156015601560191e-02 6.900690069006901010e-03
5.160516051605160831e-02 8.400840084008400627e-03 5.400540054005400527e-03 5.970597059705970433e-02 8.700870087008700030e-03 8.400840084008400627e-03 4.590459045904590751e-02 5.400540054005400527e-03 3.900390039003900477e-03 4.650465046504650285e-02 6.600660066006600740e-03 5.700570057005700797e-03
5.400540054005400353e-02 7.500750075007500683e-03 6.000600060006000200e-03 6.510651065106511093e-02 1.080108010801080105e-02 5.100510051005100257e-03 4.410441044104410763e-02 9.000900090009001167e-03 3.600360036003600207e-03 5.490549054905490695e-02 9.000900090009001167e-03 6.000600060006000200e-03
5.220522052205220365e-02 9.600960096009601707e-03 4.800480048004800854e-03 3.480348034803480012e-02 5.400540054005400527e-03 4.200420042004200313e-03 4.200420042004200660e-02 8.100810081008101224e-03 3.300330033003300370e-03 3.240324032403240490e-02 6.600660066006600740e-03 6.300630063006300470e-03
2.730273027302730290e-02 2.700270027002700263e-03 5.100510051005100257e-03 3.060306030603060154e-02 7.800780078007800954e-03 3.900390039003900477e-03 3.510351035103510126e-02 6.000600060006000200e-03 3.300330033003300370e-03 3.690369036903690114e-02 6.900690069006901010e-03 5.700570057005700797e-03
2.940294029402940393e-02 7.500750075007500683e-03 4.500450045004500584e-03 2.400240024002400080e-02 3.900390039003900477e-03 6.000600060006000200e-03 3.930393039303930330e-02 6.900690069006901010e-03 3.900390039003900477e-03 3.150315031503150148e-02 6.600660066006600740e-03 2.700270027002700263e-03
1.980198019801980222e-02 5.400540054005400527e-03 3.900390039003900477e-03 2.940294029402940393e-02 5.100510051005100257e-03 3.000300030003000100e-03 2.700270027002700177e-02 4.800480048004800854e-03 4.800480048004800854e-03 3.270327032703270603e-02 6.600660066006600740e-03 3.900390039003900477e-03
1.890189018901890228e-02 5.100510051005100257e-03 4.800480048004800854e-03 1.800180018001800233e-02 5.700570057005700797e-03 4.800480048004800854e-03 1.800180018001800233e-02 4.200420042004200313e-03 3.900390039003900477e-03 2.370237023702370313e-02 3.600360036003600207e-03 3.900390039003900477e-03
1.290129012901290208e-02 3.900390039003900477e-03 3.900390039003900477e-03 1.980198019801980222e-02 3.000300030003000100e-03 3.600360036003600207e-03 1.440144014401440083e-02 3.300330033003300370e-03 3.300330033003300370e-03 2.040204020402040103e-02 5.100510051005100257e-03 4.500450045004500584e-03
2.040204020402040103e-02 5.100510051005100257e-03 3.600360036003600207e-03 2.100210021002100330e-02 5.100510051005100257e-03 5.700570057005700797e-03 2.400240024002400080e-02 5.700570057005700797e-03 3.900390039003900477e-03 1.680168016801680125e-02 4.800480048004800854e-03 5.100510051005100257e-03
1.380138013801380202e-02 4.500450045004500584e-03 3.300330033003300370e-03 1.140114011401140159e-02 5.400540054005400527e-03 5.400540054005400527e-03 1.200120012001200040e-02 2.700270027002700263e-03 3.300330033003300370e-03 1.560156015601560191e-02 2.400240024002400427e-03 2.400240024002400427e-03
9.000900090009001167e-03 3.600360036003600207e-03 2.700270027002700263e-03 1.050105010501050165e-02 4.200420042004200313e-03 4.200420042004200313e-03 2.160216021602160211e-02 4.500450045004500584e-03 3.600360036003600207e-03 1.290129012901290208e-02 4.500450045004500584e-03 5.100510051005100257e-03
1.200120012001200040e-02 3.900390039003900477e-03 3.900390039003900477e-03 9.600960096009601707e-03 3.600360036003600207e-03 6.600660066006600740e-03 1.320132013201320148e-02 4.500450045004500584e-03 3.000300030003000100e-03 1.440144014401440083e-02 5.100510051005100257e-03 4.500450045004500584e-03
9.600960096009601707e-03 4.800480048004800854e-03 3.300330033003300370e-03 8.400840084008400627e-03 1.800180018001800103e-03 4.500450045004500584e-03 1.110111011101110046e-02 6.300630063006300470e-03 2.700270027002700263e-03 1.230123012301230154e-02 4.800480048004800854e-03 4.500450045004500584e-03
