8.415000000000000258e-01 8.491999999999999549e-01 8.093000000000000194e-01 8.695000000000000506e-01
6.733000000000000096e-01 6.898999999999999577e-01 6.894000000000000128e-01 7.157999999999999918e-01
6.487000000000000544e-01 6.157000000000000250e-01 5.906000000000000139e-01 6.283999999999999586e-01
5.523000000000000131e-01 5.635999999999999899e-01 5.685000000000000053e-01 5.232999999999999874e-01
5.662000000000000366e-01 4.863000000000000100e-01 4.627999999999999892e-01 3.919000000000000261e-01
3.771999999999999797e-01 4.012999999999999901e-01 3.595999999999999752e-01 3.704000000000000070e-01
3.229000000000000203e-01 4.000000000000000222e-01 3.361000000000000099e-01 3.590999999999999748e-01
2.889999999999999791e-01 3.168000000000000260e-01 2.288000000000000034e-01 2.545000000000000040e-01
2.735000000000000209e-01 2.238999999999999879e-01 2.321000000000000008e-01 3.000999999999999779e-01
1.912000000000000088e-01 2.036999999999999922e-01 2.169000000000000095e-01 2.127999999999999892e-01
1.579000000000000126e-01 1.855999999999999872e-01 1.673000000000000043e-01 1.680999999999999994e-01
1.396999999999999909e-01 1.535999999999999865e-01 1.459000000000000019e-01 1.802999999999999881e-01
1.481999999999999984e-01 7.330000000000000404e-02 1.426999999999999935e-01 1.550999999999999879e-01
8.939999999999999336e-02 8.780000000000000304e-02 1.013000000000000012e-01 7.729999999999999372e-02
8.369999999999999662e-02 8.649999999999999356e-02 6.370000000000000662e-02 6.450000000000000178e-02
7.109999999999999654e-02 8.229999999999999816e-02 6.909999999999999476e-02 7.140000000000000513e-02
7.839999999999999747e-02 6.300000000000000044e-02 7.610000000000000098e-02 8.319999999999999618e-02
4.939999999999999947e-02 5.840000000000000052e-02 4.760000000000000342e-02 4.349999999999999700e-02
4.819999999999999979e-02 6.289999999999999758e-02 4.549999999999999878e-02 5.940000000000000141e-02
5.759999999999999842e-02 3.409999999999999837e-02 3.160000000000000309e-02 3.139999999999999736e-02
3.119999999999999857e-02 2.949999999999999845e-02 3.339999999999999913e-02 3.549999999999999684e-02
3.780000000000000027e-02 2.520000000000000018e-02 3.880000000000000115e-02 3.440000000000000002e-02
2.149999999999999828e-02 2.340000000000000066e-02 2.659999999999999865e-02 2.929999999999999966e-02
2.129999999999999949e-02 1.899999999999999953e-02 1.799999999999999864e-02 2.520000000000000018e-02
1.349999999999999985e-02 2.129999999999999949e-02 1.519999999999999997e-02 2.239999999999999977e-02
1.789999999999999925e-02 1.710000000000000062e-02 2.270000000000000143e-02 1.789999999999999925e-02
1.480000000000000066e-02 1.179999999999999973e-02 1.089999999999999997e-02 1.379999999999999977e-02
1.370000000000000037e-02 1.080000000000000057e-02 1.469999999999999953e-02 1.290000000000000001e-02
1.099999999999999936e-02 1.149999999999999981e-02 1.379999999999999977e-02 1.149999999999999981e-02
8.600000000000000006e-03 9.700000000000000289e-03 1.020000000000000073e-02 1.529999999999999936e-02
