8.571857185718565475e-01 8.757875787578756066e-01 9.354935493549353387e-01 9.582958295829574480e-01
8.514851485148510202e-01 8.817881788178812963e-01 8.889888988898899669e-01 8.532853285328527715e-01
8.838883888388833210e-01 8.334833483348333960e-01 8.241824182418245881e-01 9.240924092409250612e-01
8.616861686168620915e-01 7.806780678067809509e-01 8.334833483348331740e-01 8.199819981998197616e-01
8.793879387938802195e-01 8.232823282328239900e-01 8.556855685568565129e-01 6.873687368736877135e-01
6.870687068706877731e-01 7.143714371437150934e-01 6.714671467146723360e-01 6.930693069306934628e-01
6.705670567056710718e-01 6.744674467446748478e-01 6.828682868286833907e-01 6.468646864686471432e-01
6.324632463246330216e-01 6.129612961296133644e-01 4.947494749474954934e-01 5.313531353135320101e-01
5.955595559555961760e-01 5.250525052505256030e-01 5.844584458445855057e-01 6.213621362136222404e-01
4.788478847884795608e-01 4.728472847284734271e-01 4.911491149114917132e-01 4.677467746774682800e-01
3.825382538253832010e-01 3.906390639063910819e-01 3.663366336633668285e-01 3.474347434743479401e-01
3.177317731773180443e-01 3.705370537053709890e-01 3.651365136513656795e-01 3.828382838283833633e-01
3.462346234623466246e-01 2.373237323732377002e-01 3.327332733273333232e-01 4.017401740174022517e-01
2.331233123312335398e-01 2.661266126612666372e-01 2.808280828082812541e-01 2.160216021602163750e-01
2.238223822382242323e-01 2.079207920792082720e-01 1.860186018601864000e-01 1.641164116411643892e-01
1.872187218721874935e-01 2.031203120312033983e-01 1.851185118511853578e-01 1.737173717371739701e-01
2.028202820282032359e-01 1.317131713171319496e-01 1.680168016801682485e-01 2.076207620762079431e-01
1.350135013501352621e-01 1.614161416141616789e-01 1.254125412541256535e-01 1.254125412541255979e-01
1.455145514551457742e-01 1.680168016801683040e-01 1.089108910891090909e-01 1.437143714371439118e-01
1.326132613261327420e-01 9.240924092409259771e-02 1.050105010501051483e-01 8.370837083708386472e-02
7.890789078907906040e-02 7.230723072307240762e-02 9.060906090609073538e-02 9.570957095709586859e-02
7.020702070207031353e-02 6.630663066306642650e-02 1.011101110111012474e-01 7.740774077407751308e-02
4.710471047104717451e-02 7.590759075907599351e-02 7.140714071407151808e-02 8.220822082208237291e-02
4.620462046204627110e-02 4.170417041704178179e-02 4.530453045304538157e-02 6.420642064206430466e-02
3.090309030903095125e-02 5.400540054005410762e-02 3.660366036603666245e-02 5.040504050405048009e-02
4.950495049504956280e-02 5.340534053405351922e-02 5.880588058805888418e-02 4.110411041104116564e-02
3.120312031203124892e-02 2.340234023402344710e-02 3.120312031203125933e-02 4.200420042004207599e-02
1.890189018901892309e-02 2.310231023102313555e-02 5.490549054905499715e-02 3.030303030303035244e-02
2.820282028202823754e-02 2.460246024602464124e-02 2.910291029102913402e-02 3.240324032403243959e-02
1.770177017701772201e-02 2.430243024302435051e-02 1.710171017101710933e-02 2.700270027002704687e-02
