8.580999999999999739e-01 7.714999999999999636e-01 7.852000000000000091e-01 8.370999999999999552e-01
7.055000000000000160e-01 7.269999999999999796e-01 6.249000000000000110e-01 7.720000000000000195e-01
6.663999999999999924e-01 6.102999999999999536e-01 6.895999999999999908e-01 6.374999999999999556e-01
5.444999999999999840e-01 5.863000000000000433e-01 5.538999999999999480e-01 5.949999999999999734e-01
5.436999999999999611e-01 4.331999999999999740e-01 4.978000000000000203e-01 5.706999999999999851e-01
4.830999999999999739e-01 4.371999999999999775e-01 3.758000000000000229e-01 4.434000000000000163e-01
4.776000000000000245e-01 4.102999999999999980e-01 4.608999999999999764e-01 3.311000000000000054e-01
3.669000000000000039e-01 4.045000000000000262e-01 3.921000000000000041e-01 3.225000000000000089e-01
4.193000000000000060e-01 3.099999999999999978e-01 3.483999999999999875e-01 4.092999999999999972e-01
2.510999999999999899e-01 4.098999999999999866e-01 2.977000000000000202e-01 2.843999999999999861e-01
2.874999999999999778e-01 2.124999999999999944e-01 2.565999999999999948e-01 2.349999999999999867e-01
2.285999999999999976e-01 1.927999999999999992e-01 3.180000000000000049e-01 2.664000000000000257e-01
2.441000000000000114e-01 2.892000000000000126e-01 2.863999999999999879e-01 1.832000000000000017e-01
1.859999999999999987e-01 1.988000000000000045e-01 2.422999999999999876e-01 2.194000000000000117e-01
2.409000000000000030e-01 2.311999999999999889e-01 2.424999999999999933e-01 1.826000000000000123e-01
2.006999999999999895e-01 2.081000000000000072e-01 1.885000000000000009e-01 1.746000000000000052e-01
1.713999999999999968e-01 1.385000000000000120e-01 1.577000000000000068e-01 1.378000000000000058e-01
1.385000000000000120e-01 1.236000000000000015e-01 1.912999999999999978e-01 1.907000000000000084e-01
1.300000000000000044e-01 1.406999999999999917e-01 1.290999999999999925e-01 1.343000000000000027e-01
1.222000000000000031e-01 1.570999999999999897e-01 1.880999999999999894e-01 1.376000000000000001e-01
1.044999999999999957e-01 9.850000000000000422e-02 1.161999999999999977e-01 1.023000000000000020e-01
1.333000000000000018e-01 8.680000000000000215e-02 1.067000000000000032e-01 1.514999999999999958e-01
8.840000000000000635e-02 8.730000000000000260e-02 1.118999999999999995e-01 1.393000000000000071e-01
7.870000000000000606e-02 8.759999999999999731e-02 9.389999999999999736e-02 9.130000000000000615e-02
9.379999999999999449e-02 1.035999999999999976e-01 1.028000000000000025e-01 9.639999999999999958e-02
7.499999999999999722e-02 8.000000000000000167e-02 1.426000000000000045e-01 1.068000000000000060e-01
8.980000000000000482e-02 9.249999999999999889e-02 8.649999999999999356e-02 1.047000000000000014e-01
9.270000000000000462e-02 8.190000000000000058e-02 9.790000000000000091e-02 8.300000000000000433e-02
8.329999999999999905e-02 9.370000000000000551e-02 7.280000000000000360e-02 7.760000000000000231e-02
9.660000000000000531e-02 8.390000000000000235e-02 1.079999999999999988e-01 8.340000000000000191e-02
7.330000000000000404e-02 5.879999999999999810e-02 5.970000000000000306e-02 1.016999999999999987e-01
6.360000000000000375e-02 8.039999999999999925e-02 8.179999999999999771e-02 8.450000000000000566e-02
7.589999999999999525e-02 6.869999999999999718e-02 6.250000000000000000e-02 7.839999999999999747e-02
6.610000000000000597e-02 8.229999999999999816e-02 8.390000000000000235e-02 7.739999999999999658e-02
7.499999999999999722e-02 5.670000000000000040e-02 6.930000000000000049e-02 6.930000000000000049e-02
6.370000000000000662e-02 9.619999999999999385e-02 6.809999999999999387e-02 6.829999999999999960e-02
7.119999999999999940e-02 7.549999999999999767e-02 7.480000000000000537e-02 7.520000000000000295e-02
1.010000000000000064e-01 6.140000000000000319e-02 8.089999999999999969e-02 6.320000000000000617e-02
7.749999999999999944e-02 6.169999999999999790e-02 8.300000000000000433e-02 8.150000000000000300e-02
7.059999999999999609e-02 5.890000000000000097e-02 7.530000000000000582e-02 6.579999999999999738e-02
6.790000000000000202e-02 7.439999999999999392e-02 6.800000000000000488e-02 6.710000000000000686e-02
6.500000000000000222e-02 6.099999999999999867e-02 7.169999999999999984e-02 6.600000000000000311e-02
5.129999999999999838e-02 6.079999999999999988e-02 5.559999999999999665e-02 5.639999999999999875e-02
6.270000000000000573e-02 7.069999999999999896e-02 6.189999999999999669e-02 6.060000000000000109e-02
7.080000000000000182e-02 5.480000000000000149e-02 6.460000000000000464e-02 5.940000000000000141e-02
6.600000000000000311e-02 7.530000000000000582e-02 5.390000000000000346e-02 6.239999999999999714e-02
5.859999999999999931e-02 7.040000000000000424e-02 4.950000000000000233e-02 7.989999999999999880e-02
5.870000000000000218e-02 5.229999999999999927e-02 7.299999999999999545e-02 6.809999999999999387e-02
5.600000000000000117e-02 6.140000000000000319e-02 6.819999999999999674e-02 5.330000000000000016e-02
6.990000000000000380e-02 6.690000000000000113e-02 5.840000000000000052e-02 7.900000000000000078e-02
