8.523852385238523954e-01 8.106810681068107316e-01 7.518751875187519307e-01 7.662766276627662743e-01 7.155715571557155208e-01 6.654665466546654251e-01 7.911791179117911854e-01 7.068706870687068156e-01 6.486648664866486724e-01 8.244824482448245284e-01 7.761776177617761840e-01 7.524752475247524774e-01
7.065706570657065422e-01 5.739573957395739390e-01 4.686468646864686560e-01 7.173717371737173831e-01 6.003600360036003281e-01 5.199519951995199563e-01 6.102610261026102378e-01 5.106510651065107043e-01 3.888388838883888310e-01 7.680768076807680256e-01 6.615661566156615381e-01 6.054605460546054196e-01
6.819681968196820154e-01 5.457545754575457986e-01 4.362436243624362442e-01 6.099609960996099645e-01 4.581458145814581440e-01 3.450345034503450314e-01 6.888688868886888583e-01 5.235523552355235699e-01 4.134413441344134688e-01 6.231623162316232145e-01 4.677467746774677249e-01 3.957395739573957294e-01
5.550555055505550506e-01 3.525352535253525321e-01 2.625262526252625239e-01 5.901590159015901449e-01 4.428442844284428692e-01 3.726372637263726251e-01 5.625562556255625513e-01 3.609360936093609085e-01 2.565256525652565012e-01 5.838583858385838488e-01 4.311431143114311526e-01 3.285328532853285521e-01
5.454545454545454142e-01 4.104410441044104574e-01 2.865286528652865039e-01 4.275427542754275390e-01 2.661266126612661376e-01 1.644164416441644128e-01 4.983498349834983299e-01 3.372337233723372574e-01 2.214221422142214346e-01 5.589558955895589376e-01 3.666366636663666578e-01 2.547254725472547499e-01
4.764476447644764301e-01 2.844284428442844237e-01 1.839183918391839312e-01 4.515451545154515189e-01 2.565256525652565012e-01 1.776177617761776073e-01 3.828382838283828637e-01 2.043204320432043253e-01 1.296129612961296196e-01 4.353435343534353685e-01 2.394239423942394196e-01 1.827182718271827266e-01
4.914491449144914315e-01 2.850285028502850260e-01 2.016201620162016150e-01 4.044404440444044346e-01 2.322232223222322200e-01 1.641164116411641116e-01 4.827482748274827262e-01 2.694269426942694223e-01 1.959195919591959212e-01 3.243324332433243362e-01 1.644164416441644128e-01 9.750975097509750888e-02
3.576357635763576237e-01 1.950195019501950178e-01 1.260126012601260059e-01 4.122412241224122642e-01 2.175217521752175198e-01 1.407140714071407062e-01 3.936393639363936492e-01 2.340234023402340269e-01 1.659165916591659184e-01 3.255325532553255408e-01 1.500150015001500137e-01 9.510951095109511366e-02
4.080408040804080483e-01 2.496249624962496305e-01 1.620162016201620037e-01 3.120312031203120173e-01 1.410141014101410073e-01 9.270927092709270456e-02 3.447344734473447581e-01 1.731173117311731180e-01 1.020102010201020121e-01 4.047404740474047635e-01 2.160216021602160141e-01 1.464146414641464278e-01
2.658265826582658087e-01 1.170117011701170134e-01 6.930693069306931298e-02 4.188418841884188337e-01 2.484248424842484260e-01 1.644164416441644128e-01 3.099309930993099371e-01 1.470147014701470023e-01 8.370837083708371207e-02 2.973297329732973449e-01 1.332133213321332055e-01 8.220822082208220638e-02
3.024302430243024364e-01 1.278127812781278128e-01 8.790879087908791412e-02 2.034203420342034219e-01 9.360936093609360797e-02 5.430543054305430467e-02 2.583258325832583080e-01 1.161116111611161100e-01 8.160816081608160411e-02 2.412241224122412264e-01 1.062106210621062141e-01 6.900690069006901184e-02
2.298229822982298109e-01 9.750975097509750888e-02 7.950795079507951002e-02 1.896189618961896250e-01 8.340834083408341093e-02 6.300630063006300297e-02 3.051305130513051189e-01 1.767176717671767039e-01 1.191119111911191075e-01 2.778277827782778542e-01 1.332133213321332055e-01 8.850885088508850251e-02
2.307230723072307144e-01 1.167116711671167123e-01 9.120912091209121275e-02 2.877287728772877085e-01 1.494149414941494114e-01 1.005100510051005064e-01 2.751275127512751162e-01 1.398139813981398027e-01 9.300930093009300570e-02 1.875187518751875171e-01 7.590759075907591025e-02 6.120612061206120308e-02
1.926192619261926087e-01 8.220822082208220638e-02 6.810681068106810843e-02 2.013201320132013139e-01 9.630963096309630433e-02 7.560756075607560911e-02 2.295229522952295098e-01 1.260126012601260059e-01 8.370837083708371207e-02 2.205220522052205312e-01 1.065106510651065153e-01 6.900690069006901184e-02
2.478247824782478237e-01 1.212121212121212155e-01 8.970897089708970706e-02 2.316231623162316178e-01 1.131113111311131125e-01 8.010801080108011230e-02 2.334233423342334246e-01 1.110111011101110046e-01 9.060906090609061048e-02 1.830183018301830278e-01 7.650765076507651252e-02 7.140714071407140706e-02
1.899189918991899262e-01 9.180918091809181503e-02 8.400840084008401321e-02 1.959195919591959212e-01 1.047104710471047084e-01 6.870687068706871070e-02 1.848184818481848068e-01 9.600960096009600320e-02 6.630663066306630160e-02 1.674167416741674241e-01 8.220822082208220638e-02 5.850585058505850672e-02
1.692169216921692032e-01 8.310831083108310979e-02 6.720672067206720501e-02 1.350135013501350123e-01 6.570657065706571320e-02 5.970597059705970433e-02 1.638163816381638105e-01 7.860786078607860661e-02 7.620762076207621138e-02 1.410141014101410073e-01 7.440744074407440456e-02 5.730573057305730911e-02
1.350135013501350123e-01 6.540654065406541207e-02 6.000600060006000547e-02 1.122112211221122091e-01 6.390639063906390638e-02 4.830483048304830274e-02 1.893189318931893239e-01 9.960996099609961685e-02 7.380738073807380228e-02 1.899189918991899262e-01 9.060906090609061048e-02 6.690669066906690388e-02
1.326132613261326032e-01 6.780678067806780729e-02 6.480648064806480979e-02 1.425142514251425130e-01 6.960696069606960024e-02 6.090609060906090888e-02 1.227122712271227073e-01 5.910591059105910899e-02 5.910591059105910899e-02 1.434143414341434164e-01 7.170717071707170820e-02 7.320732073207321389e-02
1.224122412241224062e-01 6.390639063906390638e-02 6.510651065106511093e-02 1.671167116711671230e-01 9.420942094209421025e-02 7.590759075907591025e-02 1.869186918691869148e-01 1.134113411341134137e-01 8.850885088508850251e-02 1.284128412841284150e-01 7.050705070507050365e-02 6.390639063906390638e-02
1.056105610561056118e-01 6.390639063906390638e-02 5.550555055505550228e-02 9.090909090909091161e-02 5.400540054005400353e-02 5.310531053105310706e-02 1.122112211221122091e-01 7.290729072907291275e-02 6.150615061506150422e-02 1.059105910591059130e-01 5.310531053105310706e-02 5.580558055805580342e-02
1.362136213621362169e-01 8.370837083708371207e-02 6.210621062106210649e-02 9.420942094209421025e-02 5.130513051305130717e-02 4.770477047704770740e-02 1.122112211221122091e-01 6.060606060606060774e-02 6.180618061806180535e-02 1.425142514251425130e-01 8.520852085208520388e-02 7.920792079207920888e-02
9.480948094809481252e-02 5.040504050405040376e-02 6.360636063606360524e-02 8.700870087008701070e-02 5.430543054305430467e-02 6.120612061206120308e-02 1.200120012001200109e-01 5.700570057005700797e-02 5.760576057605760331e-02 1.467146714671467012e-01 7.560756075607560911e-02 7.290729072907291275e-02
8.040804080408041343e-02 4.980498049804980842e-02 5.340534053405340820e-02 9.360936093609360797e-02 5.970597059705970433e-02 6.000600060006000547e-02 8.820882088208821525e-02 6.150615061506150422e-02 5.820582058205820558e-02 1.038103810381038050e-01 6.090609060906090888e-02 6.000600060006000547e-02
9.960996099609961685e-02 6.360636063606360524e-02 6.150615061506150422e-02 1.059105910591059130e-01 6.450645064506450865e-02 6.480648064806480979e-02 9.510951095109511366e-02 6.210621062106210649e-02 6.330633063306330410e-02 8.670867086708670957e-02 5.430543054305430467e-02 4.950495049504950729e-02
7.530753075307530797e-02 4.650465046504650285e-02 5.670567056705670683e-02 8.370837083708371207e-02 5.880588058805880786e-02 6.000600060006000547e-02 1.389138913891389271e-01 8.820882088208821525e-02 7.170717071707170820e-02 9.840984098409841230e-02 6.360636063606360524e-02 6.750675067506750615e-02
8.490849084908490274e-02 5.550555055505550228e-02 5.610561056105610456e-02 8.580858085808580615e-02 5.850585058505850672e-02 6.960696069606960024e-02 8.310831083108310979e-02 6.840684068406840956e-02 7.050705070507050365e-02 1.083108310831083082e-01 7.560756075607560911e-02 7.470747074707470570e-02
9.780978097809781002e-02 7.230723072307231047e-02 7.350735073507350115e-02 8.580858085808580615e-02 5.640564056405640569e-02 6.450645064506450865e-02 1.008100810081008075e-01 7.470747074707470570e-02 7.140714071407140706e-02 8.370837083708371207e-02 5.970597059705970433e-02 5.550555055505550228e-02
8.730873087308731184e-02 6.060606060606060774e-02 5.940594059405940319e-02 9.900990099009901457e-02 6.330633063306330410e-02 7.680768076807681366e-02 7.410741074107410342e-02 5.940594059405940319e-02 5.400540054005400353e-02 8.100810081008100183e-02 6.000600060006000547e-02 6.510651065106511093e-02
1.017101710171017109e-01 7.530753075307530797e-02 7.260726072607261161e-02 9.000900090009000820e-02 7.620762076207621138e-02 7.590759075907591025e-02 1.089108910891089105e-01 7.200720072007200934e-02 7.620762076207621138e-02 7.620762076207621138e-02 5.790579057905790444e-02 5.730573057305730911e-02
6.780678067806780729e-02 6.210621062106210649e-02 6.030603060306030661e-02 6.300630063006300297e-02 5.070507050705070490e-02 4.590459045904590751e-02 5.370537053705370240e-02 5.460546054605460581e-02 5.340534053405340820e-02 1.074107410741074048e-01 6.960696069606960024e-02 6.900690069006901184e-02
6.060606060606060774e-02 5.400540054005400353e-02 5.250525052505250478e-02 8.700870087008701070e-02 7.020702070207020251e-02 6.300630063006300297e-02 8.790879087908791412e-02 6.600660066006600046e-02 6.060606060606060774e-02 7.740774077407740206e-02 6.240624062406240763e-02 6.030603060306030661e-02
7.890789078907890775e-02 5.970597059705970433e-02 4.950495049504950729e-02 5.940594059405940319e-02 5.430543054305430467e-02 5.550555055505550228e-02 6.990699069906990137e-02 4.860486048604860387e-02 5.850585058505850672e-02 8.040804080408041343e-02 7.380738073807380228e-02 7.380738073807380228e-02
7.230723072307231047e-02 5.970597059705970433e-02 6.390639063906390638e-02 8.790879087908791412e-02 6.960696069606960024e-02 6.900690069006901184e-02 7.920792079207920888e-02 6.840684068406840956e-02 6.570657065706571320e-02 7.620762076207621138e-02 6.300630063006300297e-02 6.240624062406240763e-02
7.470747074707470570e-02 6.570657065706571320e-02 6.690669066906690388e-02 5.280528052805280592e-02 4.650465046504650285e-02 4.920492049204920615e-02 7.800780078007800433e-02 6.030603060306030661e-02 6.240624062406240763e-02 7.260726072607261161e-02 5.790579057905790444e-02 6.150615061506150422e-02
6.900690069006901184e-02 5.550555055505550228e-02 5.910591059105910899e-02 1.011101110111011087e-01 7.170717071707170820e-02 7.050705070507050365e-02 7.140714071407140706e-02 5.460546054605460581e-02 6.390639063906390638e-02 6.780678067806780729e-02 6.120612061206120308e-02 5.880588058805880786e-02
7.440744074407440456e-02 6.090609060906090888e-02 6.750675067506750615e-02 7.740774077407740206e-02 6.240624062406240763e-02 6.120612061206120308e-02 7.320732073207321389e-02 6.450645064506450865e-02 6.450645064506450865e-02 7.140714071407140706e-02 6.540654065406541207e-02 6.960696069606960024e-02
9.450945094509451139e-02 9.240924092409240342e-02 6.990699069906990137e-02 5.910591059105910899e-02 5.250525052505250478e-02 5.670567056705670683e-02 8.100810081008100183e-02 7.230723072307231047e-02 8.160816081608160411e-02 6.480648064806480979e-02 5.970597059705970433e-02 5.490549054905490695e-02
8.010801080108011230e-02 7.050705070507050365e-02 6.810681068106810843e-02 6.600660066006600046e-02 6.120612061206120308e-02 6.810681068106810843e-02 9.210921092109210229e-02 6.960696069606960024e-02 6.540654065406541207e-02 8.490849084908490274e-02 5.970597059705970433e-02 5.490549054905490695e-02
8.070807080708071457e-02 6.420642064206420752e-02 6.240624062406240763e-02 6.090609060906090888e-02 6.150615061506150422e-02 6.240624062406240763e-02 8.250825082508250752e-02 6.210621062106210649e-02 7.350735073507350115e-02 6.060606060606060774e-02 6.600660066006600046e-02 6.300630063006300297e-02
7.020702070207020251e-02 5.280528052805280592e-02 6.270627062706270183e-02 7.410741074107410342e-02 6.840684068406840956e-02 6.990699069906990137e-02 6.510651065106511093e-02 5.580558055805580342e-02 6.210621062106210649e-02 6.480648064806480979e-02 6.240624062406240763e-02 5.700570057005700797e-02
6.480648064806480979e-02 6.120612061206120308e-02 7.170717071707170820e-02 6.480648064806480979e-02 5.610561056105610456e-02 5.910591059105910899e-02 7.200720072007200934e-02 7.590759075907591025e-02 6.960696069606960024e-02 6.870687068706871070e-02 6.330633063306330410e-02 5.610561056105610456e-02
6.120612061206120308e-02 5.460546054605460581e-02 6.030603060306030661e-02 6.540654065406541207e-02 5.460546054605460581e-02 6.060606060606060774e-02 4.950495049504950729e-02 5.190519051905190251e-02 5.490549054905490695e-02 6.000600060006000547e-02 5.070507050705070490e-02 5.220522052205220365e-02
6.330633063306330410e-02 5.790579057905790444e-02 5.850585058505850672e-02 7.230723072307231047e-02 5.880588058805880786e-02 6.420642064206420752e-02 5.940594059405940319e-02 5.460546054605460581e-02 5.790579057905790444e-02 6.030603060306030661e-02 6.030603060306030661e-02 5.670567056705670683e-02
6.750675067506750615e-02 6.570657065706571320e-02 6.450645064506450865e-02 4.980498049804980842e-02 5.730573057305730911e-02 5.430543054305430467e-02 6.510651065106511093e-02 7.230723072307231047e-02 6.270627062706270183e-02 5.580558055805580342e-02 6.000600060006000547e-02 4.890489048904890501e-02
6.240624062406240763e-02 5.940594059405940319e-02 6.720672067206720501e-02 7.470747074707470570e-02 8.190819081908190524e-02 7.350735073507350115e-02 5.100510051005100604e-02 4.650465046504650285e-02 5.160516051605160831e-02 6.390639063906390638e-02 6.210621062106210649e-02 5.490549054905490695e-02
6.060606060606060774e-02 5.520552055205520808e-02 5.310531053105310706e-02 7.230723072307231047e-02 6.450645064506450865e-02 5.670567056705670683e-02 5.220522052205220365e-02 5.130513051305130717e-02 5.100510051005100604e-02 8.610861086108610729e-02 8.190819081908190524e-02 8.100810081008100183e-02
6.510651065106511093e-02 6.630663066306630160e-02 7.080708070807080479e-02 5.820582058205820558e-02 6.090609060906090888e-02 6.150615061506150422e-02 7.140714071407140706e-02 6.390639063906390638e-02 7.470747074707470570e-02 6.990699069906990137e-02 6.120612061206120308e-02 7.050705070507050365e-02
6.360636063606360524e-02 6.420642064206420752e-02 5.520552055205520808e-02 5.790579057905790444e-02 5.160516051605160831e-02 5.910591059105910899e-02 7.170717071707170820e-02 6.120612061206120308e-02 6.330633063306330410e-02 4.920492049204920615e-02 5.370537053705370240e-02 5.220522052205220365e-02
6.930693069306931298e-02 7.200720072007200934e-02 6.930693069306931298e-02 6.450645064506450865e-02 6.090609060906090888e-02 6.090609060906090888e-02 5.400540054005400353e-02 6.090609060906090888e-02 5.490549054905490695e-02 7.500750075007500683e-02 7.200720072007200934e-02 7.110711071107110592e-02
