8.769876987698771442e-01 8.175817581758176855e-01 9.015901590159010048e-01 8.973897389738972885e-01
8.664866486648662436e-01 8.709870987098702333e-01 6.876687668766863215e-01 9.249924992499247711e-01
8.448844884488455609e-01 8.004800480048001043e-01 9.093909390939093340e-01 8.619861986198621429e-01
8.700870087008706344e-01 8.145814581458148407e-01 8.613861386138618181e-01 7.866786678667869737e-01
6.915691569156915408e-01 6.486648664866486724e-01 7.047704770477050129e-01 8.316831683168318667e-01
7.599759975997605332e-01 7.626762676267631047e-01 6.651665166516650407e-01 7.704770477047714339e-01
8.208820882088211368e-01 6.807680768076808109e-01 8.358835883588364712e-01 5.772577257725778344e-01
6.138613861386144066e-01 7.248724872487255499e-01 6.447644764476452295e-01 6.216621662166224027e-01
6.372637263726369516e-01 6.057605760576063592e-01 6.168616861686174735e-01 7.125712571257134531e-01
5.157515751575162399e-01 6.756675667566759413e-01 5.724572457245730162e-01 5.745574557455753739e-01
6.117611761176123819e-01 3.837383738373841835e-01 5.082508250825086282e-01 4.740474047404743541e-01
4.764476447644770407e-01 3.816381638163819368e-01 5.043504350435048522e-01 5.223522352235232535e-01
4.332433243324336214e-01 5.154515451545158555e-01 4.989498949894993207e-01 3.960396039603964469e-01
3.993399339933998426e-01 3.906390639063908043e-01 3.942394239423945845e-01 4.110411041104114482e-01
4.695469546954700313e-01 4.356435643564358640e-01 4.578457845784582592e-01 3.909390939093915773e-01
3.783378337833787630e-01 3.423342334233427375e-01 3.327332733273331566e-01 3.141314131413144306e-01
3.255325532553258738e-01 2.676267626762677820e-01 3.318331833183321145e-01 2.571257125712573255e-01
2.688268826882690976e-01 1.932193219321932109e-01 3.429342934293430623e-01 3.648364836483652396e-01
2.592259225922594612e-01 2.796279627962798831e-01 2.499249924992502092e-01 2.883288328832888103e-01
2.406240624062407907e-01 2.946294629462948289e-01 3.090309030903092835e-01 2.376237623762377793e-01
1.806180618061807297e-01 1.638163816381640880e-01 1.794179417941794141e-01 2.142214221422144849e-01
2.196219621962197388e-01 1.764176417641765970e-01 2.166216621662168940e-01 2.511251125112513582e-01
1.968196819681969911e-01 1.593159315931594877e-01 2.466246624662469245e-01 2.862286228622866746e-01
1.452145214521453620e-01 1.617161716171617858e-01 1.383138313831382971e-01 1.887188718871888604e-01
1.695169516951696154e-01 1.890189018901891893e-01 1.623162316231624436e-01 1.467146714671467567e-01
1.431143114311432263e-01 1.347134713471347112e-01 2.238223822382239547e-01 1.719171917191720800e-01
1.443144314431444031e-01 1.515151515151515749e-01 1.146114611461147015e-01 1.728172817281729001e-01
1.500150015001502357e-01 1.527152715271527794e-01 1.497149714971498513e-01 1.275127512751276504e-01
1.395139513951396681e-01 1.839183918391842643e-01 9.810981098109806953e-02 1.281128112811281694e-01
1.518151815181519315e-01 1.173117311731172452e-01 1.869186918691870536e-01 1.122112211221122646e-01
7.740774077407740206e-02 8.280828082808283641e-02 5.070507050705061469e-02 1.824182418241825643e-01
7.230723072307226884e-02 1.134113411341133026e-01 1.263126312631264736e-01 1.053105310531052552e-01
1.071107110711070481e-01 7.080708070807080479e-02 1.224122412241225866e-01 9.360936093609363573e-02
1.017101710171017248e-01 1.239123912391239535e-01 9.810981098109808340e-02 1.020102010201020121e-01
9.390939093909389523e-02 6.810681068106806679e-02 1.155115511551155633e-01 1.056105610561056951e-01
9.960996099609967236e-02 1.587158715871587467e-01 1.143114311431143171e-01 7.860786078607860661e-02
1.080108010801080487e-01 1.062106210621062280e-01 9.060906090609061048e-02 8.760876087608755747e-02
7.620762076207605873e-02 7.650765076507652640e-02 1.077107710771077059e-01 7.020702070207009149e-02
9.690969096909683722e-02 8.250825082508256303e-02 1.329132913291330709e-01 1.305130513051305785e-01
1.119111911191119357e-01 6.060606060606053835e-02 1.347134713471348777e-01 4.680468046804669990e-02
1.149114911491150165e-01 8.700870087008703846e-02 9.000900090009000820e-02 6.420642064206408262e-02
8.250825082508259078e-02 8.520852085208521776e-02 5.790579057905782118e-02 7.230723072307217170e-02
8.010801080108009842e-02 9.300930093009307509e-02 4.770477047704771434e-02 8.010801080108015393e-02
7.470747074707466406e-02 1.047104710471047778e-01 7.230723072307232435e-02 5.670567056705660275e-02
6.990699069906981811e-02 3.180318031803162221e-02 4.110411041104093666e-02 3.630363036303616009e-02
7.620762076207618363e-02 5.190519051905175679e-02 6.510651065106513868e-02 6.030603060306030661e-02
6.930693069306928522e-02 8.010801080108011230e-02 5.370537053705368158e-02 9.360936093609356634e-02
6.720672067206720501e-02 5.340534053405328330e-02 9.720972097209723550e-02 9.660966096609661935e-02
5.340534053405331799e-02 7.800780078007799045e-02 9.480948094809481252e-02 3.870387038703861776e-02
6.120612061206121696e-02 7.170717071707163881e-02 3.420342034203403825e-02 8.010801080108015393e-02
