9.582000000000000517e-01 9.597999999999999865e-01 9.566999999999999948e-01 9.500999999999999446e-01
9.153000000000000025e-01 8.721999999999999753e-01 8.791999999999999815e-01 9.053999999999999826e-01
8.528000000000000025e-01 8.557000000000000162e-01 8.528999999999999915e-01 8.766000000000000458e-01
7.808000000000000496e-01 7.694999999999999618e-01 8.142000000000000348e-01 8.183000000000000274e-01
7.531999999999999806e-01 7.431999999999999718e-01 7.432999999999999607e-01 7.851000000000000201e-01
7.713999999999999746e-01 7.113000000000000433e-01 7.294000000000000483e-01 7.013000000000000345e-01
6.790000000000000480e-01 6.732000000000000206e-01 6.623999999999999888e-01 6.401999999999999913e-01
6.411000000000000032e-01 6.350999999999999979e-01 6.442999999999999838e-01 6.135000000000000453e-01
6.059999999999999831e-01 5.990999999999999659e-01 6.131999999999999673e-01 6.158000000000000140e-01
5.171999999999999931e-01 5.518999999999999462e-01 5.584000000000000075e-01 5.796999999999999931e-01
5.254999999999999671e-01 5.192999999999999838e-01 5.211999999999999966e-01 5.444999999999999840e-01
4.616999999999999993e-01 4.618999999999999773e-01 4.566000000000000059e-01 5.141000000000000014e-01
4.424000000000000155e-01 4.618999999999999773e-01 4.360999999999999877e-01 4.319000000000000061e-01
4.259000000000000008e-01 4.232000000000000206e-01 4.486999999999999877e-01 4.152000000000000135e-01
4.071000000000000174e-01 4.515000000000000124e-01 4.378000000000000225e-01 3.884000000000000230e-01
4.208999999999999964e-01 4.097000000000000086e-01 3.663000000000000145e-01 3.981999999999999984e-01
3.605999999999999761e-01 3.427000000000000046e-01 3.267999999999999794e-01 3.430000000000000271e-01
3.096999999999999753e-01 3.275000000000000133e-01 3.080999999999999850e-01 2.983999999999999986e-01
2.998000000000000109e-01 3.023000000000000131e-01 3.335000000000000187e-01 3.025999999999999801e-01
3.173000000000000265e-01 2.791000000000000147e-01 2.963999999999999968e-01 2.751000000000000112e-01
2.582999999999999741e-01 3.502000000000000113e-01 2.610000000000000098e-01 2.778999999999999804e-01
2.614000000000000212e-01 2.874999999999999778e-01 2.247999999999999998e-01 3.131999999999999784e-01
2.641000000000000014e-01 2.543000000000000260e-01 2.854999999999999760e-01 2.600000000000000089e-01
1.976999999999999869e-01 2.169999999999999984e-01 2.147000000000000020e-01 2.591999999999999860e-01
2.156000000000000139e-01 1.943999999999999895e-01 2.010000000000000120e-01 1.900999999999999912e-01
1.862999999999999934e-01 2.349999999999999867e-01 1.960000000000000075e-01 2.030000000000000138e-01
1.811000000000000110e-01 2.076999999999999957e-01 1.827999999999999903e-01 1.705000000000000127e-01
1.705000000000000127e-01 1.892000000000000071e-01 1.839999999999999969e-01 1.492999999999999883e-01
1.592999999999999972e-01 1.446999999999999953e-01 1.481999999999999984e-01 1.708999999999999964e-01
1.814000000000000057e-01 1.348999999999999921e-01 1.431000000000000050e-01 1.582000000000000073e-01
1.381999999999999895e-01 1.260999999999999899e-01 1.426000000000000045e-01 1.476000000000000090e-01
1.241000000000000020e-01 1.246000000000000024e-01 1.441000000000000059e-01 1.244999999999999996e-01
1.218999999999999945e-01 1.937000000000000111e-01 1.232000000000000040e-01 1.228000000000000064e-01
1.461999999999999966e-01 1.285000000000000031e-01 1.247000000000000053e-01 1.155999999999999944e-01
1.270000000000000018e-01 1.226000000000000006e-01 1.130000000000000032e-01 1.111999999999999933e-01
1.152999999999999997e-01 1.020999999999999963e-01 1.092000000000000054e-01 1.050999999999999990e-01
9.180000000000000659e-02 9.639999999999999958e-02 9.439999999999999780e-02 1.105000000000000010e-01
9.379999999999999449e-02 8.590000000000000413e-02 1.189999999999999947e-01 9.940000000000000224e-02
9.130000000000000615e-02 9.450000000000000067e-02 8.359999999999999376e-02 8.659999999999999643e-02
9.600000000000000200e-02 7.320000000000000118e-02 7.620000000000000384e-02 7.389999999999999347e-02
7.370000000000000162e-02 8.390000000000000235e-02 7.470000000000000251e-02 6.149999999999999911e-02
7.530000000000000582e-02 8.160000000000000586e-02 7.249999999999999500e-02 7.409999999999999920e-02
6.829999999999999960e-02 7.620000000000000384e-02 7.399999999999999634e-02 7.209999999999999742e-02
8.039999999999999925e-02 6.010000000000000064e-02 6.779999999999999916e-02 6.919999999999999762e-02
7.090000000000000469e-02 6.099999999999999867e-02 5.940000000000000141e-02 6.029999999999999943e-02
6.099999999999999867e-02 6.450000000000000178e-02 5.949999999999999734e-02 5.999999999999999778e-02
5.279999999999999971e-02 5.659999999999999754e-02 5.940000000000000141e-02 5.800000000000000294e-02
5.790000000000000008e-02 4.900000000000000189e-02 5.550000000000000072e-02 4.359999999999999987e-02
5.090000000000000080e-02 4.730000000000000177e-02 4.909999999999999781e-02 4.889999999999999902e-02
4.490000000000000241e-02 4.870000000000000023e-02 4.529999999999999999e-02 4.950000000000000233e-02
5.000000000000000278e-02 5.920000000000000262e-02 4.580000000000000043e-02 5.410000000000000225e-02
4.329999999999999821e-02 4.109999999999999765e-02 4.700000000000000011e-02 4.819999999999999979e-02
4.109999999999999765e-02 3.810000000000000192e-02 3.610000000000000014e-02 3.910000000000000281e-02
4.039999999999999841e-02 3.729999999999999982e-02 4.809999999999999692e-02 3.309999999999999748e-02
4.479999999999999954e-02 3.590000000000000135e-02 4.050000000000000128e-02 4.309999999999999942e-02
3.280000000000000276e-02 4.619999999999999801e-02 3.420000000000000123e-02 3.760000000000000148e-02
3.500000000000000333e-02 3.420000000000000123e-02 3.869999999999999829e-02 4.370000000000000273e-02
3.950000000000000039e-02 3.459999999999999881e-02 3.459999999999999881e-02 3.799999999999999906e-02
3.300000000000000155e-02 3.160000000000000309e-02 3.200000000000000067e-02 3.579999999999999849e-02
3.409999999999999837e-02 3.529999999999999805e-02 3.880000000000000115e-02 3.339999999999999913e-02
3.899999999999999994e-02 3.490000000000000047e-02 3.139999999999999736e-02 2.800000000000000058e-02
3.049999999999999933e-02 2.690000000000000030e-02 2.970000000000000070e-02 3.169999999999999901e-02
2.860000000000000042e-02 2.879999999999999921e-02 2.670000000000000151e-02 2.709999999999999909e-02
2.670000000000000151e-02 3.470000000000000168e-02 2.980000000000000010e-02 2.750000000000000014e-02
2.630000000000000046e-02 2.999999999999999889e-02 2.479999999999999913e-02 2.549999999999999836e-02
