9.693969396939688954e-01 9.531953195319524674e-01 9.480948094809467097e-01 9.942994299429923633e-01
9.948994899489934651e-01 9.600960096009596434e-01 9.642964296429631377e-01 9.192919291929194658e-01
9.363936393639350486e-01 9.348934893489344589e-01 1.028802880288028243e+00 9.921992199219906716e-01
9.669966996699671524e-01 9.600960096009591993e-01 9.942994299429936955e-01 9.564956495649561408e-01
9.879987998799865112e-01 1.016801680168016642e+00 1.001200120012001094e+00 9.531953195319532446e-01
1.001800180018001640e+00 9.633963396339628726e-01 9.654965496549648973e-01 9.126912691269130073e-01
9.513951395139509382e-01 9.633963396339634278e-01 9.156915691569156301e-01 8.988898889888987664e-01
8.838883888388840981e-01 9.612961296129616251e-01 9.093909390939092230e-01 9.261926192619258646e-01
8.901890189018899502e-01 8.847884788478839191e-01 9.153915391539153568e-01 9.054905490549058911e-01
8.463846384638465947e-01 8.964896489648960243e-01 9.072907290729073093e-01 8.898889888988897878e-01
8.238823882388235376e-01 8.103810381038103472e-01 8.637863786378638942e-01 8.157815781578158232e-01
8.586858685868590246e-01 8.274827482748277063e-01 8.733873387338738636e-01 9.099909990999103249e-01
8.229822982298230505e-01 8.421842184218425453e-01 8.133813381338134141e-01 7.707770777077709301e-01
8.565856585658563338e-01 7.908790879087910231e-01 7.761776177617760730e-01 7.431743174317434475e-01
8.151815181518153874e-01 8.049804980498050933e-01 8.229822982298229395e-01 7.536753675367540151e-01
7.143714371437145383e-01 7.278727872787278397e-01 6.999699969997000837e-01 7.833783378337833003e-01
6.600660066006601712e-01 6.801680168016800421e-01 6.558655865586561218e-01 6.561656165616562841e-01
6.183618361836187294e-01 6.348634863486348756e-01 6.339633963396341665e-01 6.741674167416745744e-01
6.345634563456346022e-01 6.453645364536454432e-01 6.465646564656468698e-01 6.594659465946599575e-01
6.486648664866488945e-01 5.733573357335735032e-01 6.360636063606361912e-01 5.979597959795983630e-01
5.562556255625566992e-01 6.009600960096009858e-01 5.655565556555658402e-01 6.393639363936395315e-01
5.511551155115511635e-01 6.288628862886294080e-01 4.692469246924693138e-01 6.732673267326736433e-01
6.081608160816085462e-01 5.982598259825986364e-01 6.072607260726073930e-01 5.412541254125415868e-01
4.443444344434445692e-01 5.124512451245125666e-01 4.752475247524753921e-01 5.409540954095412024e-01
5.493549354935495233e-01 4.371437143714373974e-01 4.632463246324635686e-01 4.506450645064508653e-01
4.734473447344737518e-01 5.238523852385240653e-01 4.476447644764479095e-01 5.019501950195021100e-01
4.164416441644166467e-01 4.788478847884790612e-01 4.341434143414344971e-01 3.828382838283830303e-01
4.143414341434147330e-01 4.758475847584762719e-01 4.239423942394240918e-01 3.342334233423344125e-01
3.792379237923793611e-01 4.149414941494152798e-01 3.993399339933997871e-01 4.119411941194121018e-01
4.410441044104412289e-01 3.384338433843386285e-01 3.183318331833186465e-01 3.816381638163817702e-01
3.363336333633365482e-01 3.030303030303030942e-01 3.129312931293130595e-01 3.990399039903992362e-01
2.910291029102912153e-01 3.333333333333335924e-01 3.483348334833484272e-01 3.159315931593162374e-01
2.949294929492951578e-01 4.362436243624365217e-01 3.270327032703272963e-01 2.820282028202822366e-01
3.384338433843386840e-01 3.465346534653467869e-01 2.883288328832885328e-01 2.937293729372939532e-01
2.964296429642966357e-01 2.952295229522953757e-01 2.709270927092711223e-01 2.667266726672668509e-01
2.667266726672669064e-01 2.505250525052507560e-01 3.051305130513053410e-01 2.628262826282629638e-01
2.010201020102011238e-01 2.091209120912091990e-01 2.301230123012302509e-01 2.562256225622563943e-01
2.406240624062408184e-01 2.283228322832284440e-01 2.757275727572759405e-01 2.265226522652266927e-01
2.226222622262227502e-01 2.238223822382239825e-01 2.211221122112213278e-01 2.343234323432344668e-01
2.097209720972098013e-01 1.947194719471947721e-01 2.067206720672068454e-01 1.953195319531954577e-01
1.848184818481848901e-01 2.004200420042004660e-01 1.803180318031804563e-01 1.599159915991599790e-01
1.722172217221723811e-01 2.205220522052207532e-01 1.572157215721572965e-01 1.815181518151817164e-01
1.521152115211522604e-01 1.689168916891690408e-01 1.638163816381639215e-01 2.043204320432044085e-01
1.848184818481849456e-01 1.353135313531353690e-01 1.662166216621663306e-01 1.797179717971798540e-01
1.671167116711671785e-01 1.476147614761477433e-01 1.395139513951396126e-01 1.479147914791479612e-01
1.428142814281429251e-01 1.806180618061807575e-01 1.500150015001501247e-01 1.608160816081608824e-01
1.422142214221423506e-01 1.197119711971197653e-01 1.593159315931594044e-01 1.287128712871287439e-01
1.263126312631264458e-01 1.137113711371137287e-01 8.850885088508848864e-02 7.920792079207926439e-02
1.137113711371137564e-01 1.161116111611162072e-01 1.224122412241225311e-01 1.368136813681369301e-01
7.770777077707771707e-02 1.065106510651065291e-01 8.970897089708977645e-02 1.266126612661266637e-01
1.110111011101111017e-01 1.092109210921092116e-01 1.098109810981098555e-01 1.464146414641465388e-01
8.340834083408345256e-02 9.240924092409245894e-02 9.690969096909696212e-02 1.059105910591059546e-01
7.770777077707771707e-02 1.074107410741075158e-01 8.790879087908798351e-02 8.520852085208524551e-02
1.077107710771078308e-01 8.550855085508557440e-02 1.056105610561056535e-01 7.860786078607867600e-02
7.890789078907892162e-02 8.790879087908792799e-02 8.580858085808584779e-02 8.760876087608762686e-02
7.800780078007803209e-02 9.510951095109509978e-02 7.380738073807383004e-02 9.030903090309035097e-02
6.000600060006000547e-02 5.970597059705972515e-02 9.450945094509455302e-02 9.330933093309333459e-02
1.032103210321032305e-01 6.480648064806482367e-02 8.820882088208824301e-02 6.300630063006307235e-02
7.350735073507352890e-02 6.840684068406842344e-02 7.200720072007203709e-02 7.860786078607864824e-02
8.790879087908794187e-02 6.990699069906992913e-02 8.130813081308134460e-02 8.940894089408944756e-02
7.200720072007202321e-02 8.370837083708378146e-02 7.530753075307536348e-02 5.790579057905794608e-02
3.420342034203419090e-02 5.520552055205520808e-02 8.070807080708075620e-02 3.570357035703566884e-02
3.840384038403840683e-02 5.730573057305735074e-02 6.390639063906397577e-02 6.240624062406244232e-02
4.800480048004802242e-02 7.770777077707780034e-02 4.380438043804379261e-02 5.040504050405038988e-02
5.850585058505847202e-02 4.470447044704469602e-02 3.450345034503449898e-02 5.010501050105012344e-02
