9.087908790879076770e-01 8.619861986198613657e-01 9.567956795679571913e-01 8.679867986798676105e-01
8.610861086108613227e-01 8.439843984398435195e-01 9.054905490549052249e-01 9.297929792979293673e-01
8.502850285028503707e-01 8.220822082208216752e-01 8.622862286228616391e-01 9.093909390939091120e-01
8.955895589558959813e-01 9.042904290429044645e-01 8.592859285928595714e-01 8.772877287728778617e-01
8.859885988598861228e-01 8.313831383138312603e-01 8.361836183618364116e-01 8.655865586558659786e-01
7.851785178517857178e-01 8.229822982298236056e-01 7.977797779777981990e-01 7.617761776177622846e-01
7.521752175217529812e-01 8.271827182718275440e-01 7.731773177317737833e-01 7.818781878187828216e-01
6.699669966996705250e-01 7.386738673867393468e-01 6.432643264326443067e-01 6.777677767776786322e-01
6.207620762076213605e-01 6.270627062706278787e-01 6.711671167116721737e-01 6.384638463846392664e-01
6.414641464146424443e-01 6.495649564956501587e-01 6.600660066006607263e-01 6.624662466246632464e-01
4.944494449444950535e-01 5.607560756075614661e-01 5.565556555655571946e-01 5.379537953795385796e-01
5.199519951995207334e-01 4.386438643864392084e-01 4.845484548454851992e-01 5.337533753375344192e-01
4.809480948094815855e-01 3.708370837083713178e-01 5.115511551155121905e-01 4.350435043504356503e-01
3.963396339633969423e-01 3.483348334833487048e-01 3.117311731173121325e-01 4.224422442244229470e-01
4.197419741974202645e-01 4.140414041404146817e-01 3.219321932193224822e-01 3.363336333633369923e-01
2.760276027602762694e-01 3.234323432343239602e-01 2.928292829282931331e-01 2.628262826282631304e-01
2.958295829582962555e-01 2.904290429042907240e-01 2.424242424242427363e-01 2.058205820582060253e-01
2.037203720372039728e-01 2.811281128112814165e-01 2.109210921092112556e-01 2.361236123612365789e-01
2.292229222922295417e-01 2.313231323132316497e-01 2.019201920192021382e-01 2.004200420042006880e-01
2.001200120012004424e-01 2.115211521152118579e-01 1.953195319531955965e-01 1.893189318931896015e-01
1.773177317731776392e-01 1.641164116411644169e-01 1.857185718571860156e-01 1.188118811881189729e-01
2.187218721872190574e-01 1.332133213321334553e-01 1.353135313531355077e-01 1.848184818481851677e-01
1.347134713471348499e-01 1.077107710771078308e-01 1.461146114611462932e-01 1.428142814281430084e-01
1.101110111011102677e-01 1.239123912391241200e-01 1.578157815781580653e-01 1.104110411041105549e-01
9.090909090909105039e-02 1.227122712271228461e-01 7.830783078307843037e-02 1.005100510051006035e-01
1.002100210021003995e-01 9.090909090909105039e-02 9.750975097509767542e-02 8.610861086108625995e-02
6.900690069006910898e-02 5.730573057305740625e-02 6.840684068406847895e-02 6.330633063306341513e-02
8.580858085808597269e-02 7.140714071407153196e-02 6.300630063006308623e-02 7.440744074407452946e-02
6.780678067806789056e-02 6.900690069006910898e-02 5.820582058205830966e-02 5.880588058805887031e-02
6.780678067806793219e-02 8.550855085508557440e-02 5.160516051605170545e-02 3.480348034803481400e-02
3.210321032103215233e-02 5.520552055205529829e-02 8.160816081608171513e-02 4.890489048904898828e-02
4.530453045304534687e-02 5.160516051605169158e-02 5.670567056705679010e-02 7.680768076807695244e-02
3.330333033303334300e-02 3.030303030303029346e-02 4.680468046804686644e-02 3.990399039903994721e-02
3.300330033003303493e-02 3.750375037503754505e-02 4.440444044404448509e-02 3.420342034203425335e-02
2.910291029102912014e-02 4.050405040504057030e-02 3.390339033903393834e-02 3.570357035703573823e-02
2.040204020402042184e-02 1.920192019201919995e-02 2.010201020102010336e-02 3.480348034803484175e-02
3.090309030903094084e-02 2.160216021602161945e-02 3.480348034803483481e-02 3.630363036303633356e-02
1.710171017101710239e-02 1.470147014701469156e-02 2.610261026102612958e-02 3.030303030303035938e-02
2.190219021902191712e-02 2.100210021002101024e-02 2.190219021902192753e-02 3.300330033003306962e-02
2.610261026102613999e-02 1.530153015301529036e-02 2.190219021902193100e-02 2.460246024602461348e-02
