9.381000000000000449e-01 9.385999999999999899e-01 9.563000000000000389e-01 9.555000000000000160e-01
9.190000000000000391e-01 8.978000000000000425e-01 9.002999999999999892e-01 9.102999999999999980e-01
8.666000000000000369e-01 8.759000000000000119e-01 8.782999999999999696e-01 8.686000000000000387e-01
8.535000000000000364e-01 8.427999999999999936e-01 8.591999999999999638e-01 8.398999999999999799e-01
8.164000000000000146e-01 8.288999999999999702e-01 8.045999999999999819e-01 8.058999999999999497e-01
8.065999999999999837e-01 7.899000000000000465e-01 7.762999999999999901e-01 7.960000000000000409e-01
7.546000000000000485e-01 7.543999999999999595e-01 7.833999999999999853e-01 7.668000000000000371e-01
7.413999999999999480e-01 7.296000000000000263e-01 7.498000000000000220e-01 7.524999999999999467e-01
7.218999999999999861e-01 7.114000000000000323e-01 7.062000000000000499e-01 7.269999999999999796e-01
7.074000000000000288e-01 6.863000000000000211e-01 6.994000000000000217e-01 6.814999999999999947e-01
6.716999999999999638e-01 6.925000000000000044e-01 6.904000000000000137e-01 6.792000000000000259e-01
6.530000000000000249e-01 6.802000000000000268e-01 6.411999999999999922e-01 6.149999999999999911e-01
6.228000000000000203e-01 6.099999999999999867e-01 6.384999999999999565e-01 6.291999999999999815e-01
6.064000000000000501e-01 6.404999999999999583e-01 6.091999999999999638e-01 6.048999999999999932e-01
6.004000000000000448e-01 5.705000000000000071e-01 6.138000000000000123e-01 6.016000000000000236e-01
5.938999999999999835e-01 6.081999999999999629e-01 6.114000000000000545e-01 5.713000000000000300e-01
5.479000000000000536e-01 5.308000000000000496e-01 5.429000000000000492e-01 5.521000000000000352e-01
5.377999999999999448e-01 5.489000000000000545e-01 5.304999999999999716e-01 5.494999999999999885e-01
5.467999999999999527e-01 5.172999999999999821e-01 5.269000000000000350e-01 5.138000000000000345e-01
5.143999999999999684e-01 4.889000000000000012e-01 5.079000000000000181e-01 5.181000000000000050e-01
4.845999999999999752e-01 5.564000000000000057e-01 5.019000000000000128e-01 4.873999999999999999e-01
5.120000000000000107e-01 5.000999999999999890e-01 5.100999999999999979e-01 4.953000000000000180e-01
5.047000000000000375e-01 4.776000000000000245e-01 4.687000000000000055e-01 4.623999999999999777e-01
4.416999999999999815e-01 4.606999999999999984e-01 4.726000000000000201e-01 4.840999999999999748e-01
4.823999999999999955e-01 4.637999999999999901e-01 4.386999999999999789e-01 4.728999999999999870e-01
4.857000000000000206e-01 4.597999999999999865e-01 4.434000000000000163e-01 4.502999999999999781e-01
4.460000000000000075e-01 4.315999999999999837e-01 4.723999999999999866e-01 4.102999999999999980e-01
4.164999999999999813e-01 4.316999999999999726e-01 3.957999999999999852e-01 4.082999999999999963e-01
4.096000000000000196e-01 4.063999999999999835e-01 4.336999999999999744e-01 4.067999999999999949e-01
4.138999999999999901e-01 3.930000000000000160e-01 4.027999999999999914e-01 4.142000000000000126e-01
3.955000000000000182e-01 3.809000000000000163e-01 3.789000000000000146e-01 4.234999999999999876e-01
3.785999999999999921e-01 4.144999999999999796e-01 4.416999999999999815e-01 3.953999999999999737e-01
4.179999999999999827e-01 3.855000000000000093e-01 3.814000000000000168e-01 4.131000000000000227e-01
3.956999999999999962e-01 3.880000000000000115e-01 3.936000000000000054e-01 3.699000000000000066e-01
3.921000000000000041e-01 3.812999999999999723e-01 3.855000000000000093e-01 3.629999999999999893e-01
3.781999999999999806e-01 3.579999999999999849e-01 3.869000000000000217e-01 3.588999999999999968e-01
3.583000000000000074e-01 3.785000000000000031e-01 3.541000000000000258e-01 3.567000000000000171e-01
3.736999999999999766e-01 3.634000000000000008e-01 3.935000000000000164e-01 3.516000000000000236e-01
3.462000000000000077e-01 3.911999999999999922e-01 3.367999999999999883e-01 3.486000000000000210e-01
3.617000000000000215e-01 3.472999999999999976e-01 3.491000000000000214e-01 3.583000000000000074e-01
3.583999999999999964e-01 3.442999999999999949e-01 3.553999999999999937e-01 3.569999999999999840e-01
3.240000000000000102e-01 3.398999999999999799e-01 3.245999999999999996e-01 3.341000000000000081e-01
3.658000000000000140e-01 3.418999999999999817e-01 3.091999999999999749e-01 3.155999999999999917e-01
3.323999999999999733e-01 3.206999999999999851e-01 3.524999999999999800e-01 3.282999999999999807e-01
3.355000000000000204e-01 3.106999999999999762e-01 3.325000000000000178e-01 3.020999999999999797e-01
3.186999999999999833e-01 3.464999999999999747e-01 3.101999999999999758e-01 3.350000000000000200e-01
3.164000000000000146e-01 3.266999999999999904e-01 3.411000000000000143e-01 3.189000000000000168e-01
3.100999999999999868e-01 3.084000000000000075e-01 3.038000000000000145e-01 3.008000000000000118e-01
3.008000000000000118e-01 3.261000000000000010e-01 3.159000000000000141e-01 3.176999999999999824e-01
3.171999999999999820e-01 3.151999999999999802e-01 2.954999999999999849e-01 3.271999999999999909e-01
2.922000000000000153e-01 3.057000000000000273e-01 3.034999999999999920e-01 2.988000000000000100e-01
3.017000000000000237e-01 3.371999999999999997e-01 2.913000000000000034e-01 3.232999999999999763e-01
2.972000000000000197e-01 2.927000000000000157e-01 3.104000000000000092e-01 3.269000000000000239e-01
3.038000000000000145e-01 3.173000000000000265e-01 3.048000000000000154e-01 3.163000000000000256e-01
2.817999999999999949e-01 3.113000000000000211e-01 3.040999999999999814e-01 3.019999999999999907e-01
2.943000000000000060e-01 2.988999999999999990e-01 2.676000000000000045e-01 3.119000000000000106e-01
2.995999999999999774e-01 2.938000000000000056e-01 2.901000000000000245e-01 2.973000000000000087e-01
2.792999999999999927e-01 2.908999999999999919e-01 2.816000000000000170e-01 3.098000000000000198e-01
2.898999999999999910e-01 2.834999999999999742e-01 2.834999999999999742e-01 3.060999999999999832e-01
2.812000000000000055e-01 2.859999999999999765e-01 2.803999999999999826e-01 2.968000000000000083e-01
3.044999999999999929e-01 2.736999999999999988e-01 2.912000000000000144e-01 2.752999999999999892e-01
2.782000000000000028e-01 2.814999999999999725e-01 2.811000000000000165e-01 2.868999999999999884e-01
2.800000000000000266e-01 2.775000000000000244e-01 2.766000000000000125e-01 2.711999999999999966e-01
2.822000000000000064e-01 2.708999999999999742e-01 2.918999999999999928e-01 2.939999999999999836e-01
2.776000000000000134e-01 2.773999999999999799e-01 2.824999999999999734e-01 2.886000000000000232e-01
2.756000000000000116e-01 2.858999999999999875e-01 2.829999999999999738e-01 2.725000000000000200e-01
3.058000000000000163e-01 2.777000000000000024e-01 2.786000000000000143e-01 2.771000000000000130e-01
2.624000000000000221e-01 2.896000000000000241e-01 2.838999999999999857e-01 2.679000000000000270e-01
2.737999999999999878e-01 2.790000000000000258e-01 2.650000000000000133e-01 2.839999999999999747e-01
2.863999999999999879e-01 2.727999999999999869e-01 2.750000000000000222e-01 2.600999999999999979e-01
2.681999999999999940e-01 2.692999999999999838e-01 2.787999999999999923e-01 2.609000000000000208e-01
2.671999999999999931e-01 2.695000000000000173e-01 2.762000000000000011e-01 2.681000000000000050e-01
2.665000000000000147e-01 2.690000000000000169e-01 2.569000000000000172e-01 2.758999999999999786e-01
2.592999999999999750e-01 2.639000000000000234e-01 2.787000000000000033e-01 2.911000000000000254e-01
2.664000000000000257e-01 2.558000000000000274e-01 2.620999999999999996e-01 2.576999999999999846e-01
2.741999999999999993e-01 2.761000000000000121e-01 2.755000000000000226e-01 2.632999999999999785e-01
2.788999999999999813e-01 2.762000000000000011e-01 2.631000000000000005e-01 2.508000000000000229e-01
2.611999999999999877e-01 2.721999999999999975e-01 2.686999999999999944e-01 2.698999999999999733e-01
2.637999999999999790e-01 2.726999999999999980e-01 2.564000000000000168e-01 2.713999999999999746e-01
2.707999999999999852e-01 2.524000000000000132e-01 2.771000000000000130e-01 2.600999999999999979e-01
