6.000000000000000000e+00 6.000000000000000000e+00 8.000000000000000000e+00 6.000000000000000000e+00
2.200000000000000000e+01 2.000000000000000000e+01 2.200000000000000000e+01 2.000000000000000000e+01
3.400000000000000000e+01 3.400000000000000000e+01 3.200000000000000000e+01 3.000000000000000000e+01
4.200000000000000000e+01 4.400000000000000000e+01 4.800000000000000000e+01 4.400000000000000000e+01
5.600000000000000000e+01 6.000000000000000000e+01 6.000000000000000000e+01 6.600000000000000000e+01
7.000000000000000000e+01 7.800000000000000000e+01 7.400000000000000000e+01 7.800000000000000000e+01
8.400000000000000000e+01 9.200000000000000000e+01 8.600000000000000000e+01 8.800000000000000000e+01
1.020000000000000000e+02 9.400000000000000000e+01 1.080000000000000000e+02 9.600000000000000000e+01
1.140000000000000000e+02 1.180000000000000000e+02 1.080000000000000000e+02 1.040000000000000000e+02
1.320000000000000000e+02 1.300000000000000000e+02 1.300000000000000000e+02 1.200000000000000000e+02
1.380000000000000000e+02 1.440000000000000000e+02 1.400000000000000000e+02 1.340000000000000000e+02
1.500000000000000000e+02 1.560000000000000000e+02 1.500000000000000000e+02 1.560000000000000000e+02
1.600000000000000000e+02 1.800000000000000000e+02 1.580000000000000000e+02 1.640000000000000000e+02
1.820000000000000000e+02 1.800000000000000000e+02 1.780000000000000000e+02 1.880000000000000000e+02
1.900000000000000000e+02 1.940000000000000000e+02 1.940000000000000000e+02 1.980000000000000000e+02
2.060000000000000000e+02 2.020000000000000000e+02 2.040000000000000000e+02 2.100000000000000000e+02
2.220000000000000000e+02 2.200000000000000000e+02 2.200000000000000000e+02 2.180000000000000000e+02
2.260000000000000000e+02 2.320000000000000000e+02 2.300000000000000000e+02 2.320000000000000000e+02
2.580000000000000000e+02 2.460000000000000000e+02 2.500000000000000000e+02 2.440000000000000000e+02
2.560000000000000000e+02 2.660000000000000000e+02 2.600000000000000000e+02 2.580000000000000000e+02
2.780000000000000000e+02 2.780000000000000000e+02 2.740000000000000000e+02 2.660000000000000000e+02
2.840000000000000000e+02 2.840000000000000000e+02 2.840000000000000000e+02 2.900000000000000000e+02
3.180000000000000000e+02 2.880000000000000000e+02 2.980000000000000000e+02 3.020000000000000000e+02
3.200000000000000000e+02 3.080000000000000000e+02 3.140000000000000000e+02 3.060000000000000000e+02
3.360000000000000000e+02 3.200000000000000000e+02 3.360000000000000000e+02 3.260000000000000000e+02
3.380000000000000000e+02 3.560000000000000000e+02 3.380000000000000000e+02 3.480000000000000000e+02
3.540000000000000000e+02 3.620000000000000000e+02 3.620000000000000000e+02 3.540000000000000000e+02
3.580000000000000000e+02 3.720000000000000000e+02 3.580000000000000000e+02 3.800000000000000000e+02
3.760000000000000000e+02 3.820000000000000000e+02 3.640000000000000000e+02 3.820000000000000000e+02
3.960000000000000000e+02 3.920000000000000000e+02 3.940000000000000000e+02 3.880000000000000000e+02
