8.000000000000000000e+00 8.000000000000000000e+00 8.000000000000000000e+00 8.000000000000000000e+00
2.400000000000000000e+01 2.600000000000000000e+01 2.400000000000000000e+01 2.400000000000000000e+01
4.000000000000000000e+01 4.000000000000000000e+01 4.400000000000000000e+01 4.000000000000000000e+01
5.800000000000000000e+01 5.800000000000000000e+01 6.000000000000000000e+01 5.800000000000000000e+01
7.800000000000000000e+01 8.000000000000000000e+01 7.600000000000000000e+01 7.400000000000000000e+01
9.000000000000000000e+01 9.200000000000000000e+01 9.200000000000000000e+01 9.000000000000000000e+01
1.100000000000000000e+02 1.080000000000000000e+02 1.080000000000000000e+02 1.060000000000000000e+02
1.260000000000000000e+02 1.300000000000000000e+02 1.240000000000000000e+02 1.240000000000000000e+02
1.420000000000000000e+02 1.480000000000000000e+02 1.440000000000000000e+02 1.480000000000000000e+02
1.560000000000000000e+02 1.600000000000000000e+02 1.560000000000000000e+02 1.620000000000000000e+02
1.780000000000000000e+02 1.820000000000000000e+02 1.780000000000000000e+02 1.760000000000000000e+02
1.860000000000000000e+02 1.980000000000000000e+02 1.940000000000000000e+02 1.920000000000000000e+02
2.100000000000000000e+02 2.140000000000000000e+02 2.100000000000000000e+02 2.120000000000000000e+02
2.240000000000000000e+02 2.220000000000000000e+02 2.240000000000000000e+02 2.220000000000000000e+02
2.460000000000000000e+02 2.400000000000000000e+02 2.400000000000000000e+02 2.400000000000000000e+02
2.560000000000000000e+02 2.560000000000000000e+02 2.560000000000000000e+02 2.580000000000000000e+02
2.740000000000000000e+02 2.780000000000000000e+02 2.880000000000000000e+02 2.760000000000000000e+02
2.920000000000000000e+02 2.940000000000000000e+02 2.940000000000000000e+02 2.900000000000000000e+02
3.180000000000000000e+02 3.120000000000000000e+02 3.120000000000000000e+02 3.200000000000000000e+02
3.260000000000000000e+02 3.260000000000000000e+02 3.280000000000000000e+02 3.300000000000000000e+02
3.440000000000000000e+02 3.380000000000000000e+02 3.500000000000000000e+02 3.400000000000000000e+02
3.540000000000000000e+02 3.560000000000000000e+02 3.700000000000000000e+02 3.620000000000000000e+02
3.840000000000000000e+02 3.800000000000000000e+02 3.640000000000000000e+02 3.760000000000000000e+02
3.960000000000000000e+02 3.940000000000000000e+02 3.920000000000000000e+02 3.920000000000000000e+02
4.080000000000000000e+02 4.140000000000000000e+02 4.080000000000000000e+02 4.060000000000000000e+02
4.220000000000000000e+02 4.280000000000000000e+02 4.400000000000000000e+02 4.240000000000000000e+02
4.400000000000000000e+02 4.360000000000000000e+02 4.420000000000000000e+02 4.500000000000000000e+02
4.720000000000000000e+02 4.620000000000000000e+02 4.540000000000000000e+02 4.500000000000000000e+02
4.740000000000000000e+02 4.700000000000000000e+02 4.840000000000000000e+02 4.760000000000000000e+02
4.980000000000000000e+02 4.920000000000000000e+02 4.960000000000000000e+02 4.940000000000000000e+02
5.020000000000000000e+02 5.260000000000000000e+02 5.000000000000000000e+02 5.080000000000000000e+02
5.140000000000000000e+02 5.240000000000000000e+02 5.320000000000000000e+02 5.540000000000000000e+02
5.420000000000000000e+02 5.380000000000000000e+02 5.460000000000000000e+02 5.420000000000000000e+02
5.580000000000000000e+02 5.580000000000000000e+02 5.580000000000000000e+02 5.700000000000000000e+02
5.840000000000000000e+02 5.740000000000000000e+02 5.700000000000000000e+02 5.820000000000000000e+02
5.880000000000000000e+02 6.040000000000000000e+02 5.920000000000000000e+02 5.880000000000000000e+02
6.180000000000000000e+02 5.960000000000000000e+02 6.340000000000000000e+02 5.900000000000000000e+02
6.320000000000000000e+02 6.440000000000000000e+02 6.260000000000000000e+02 6.180000000000000000e+02
6.480000000000000000e+02 6.640000000000000000e+02 6.500000000000000000e+02 6.480000000000000000e+02
6.880000000000000000e+02 6.580000000000000000e+02 6.640000000000000000e+02 6.580000000000000000e+02
6.800000000000000000e+02 6.720000000000000000e+02 6.800000000000000000e+02 6.800000000000000000e+02
6.960000000000000000e+02 6.960000000000000000e+02 7.020000000000000000e+02 6.940000000000000000e+02
7.060000000000000000e+02 7.200000000000000000e+02 7.200000000000000000e+02 7.080000000000000000e+02
7.340000000000000000e+02 7.020000000000000000e+02 7.280000000000000000e+02 7.400000000000000000e+02
7.360000000000000000e+02 7.440000000000000000e+02 7.480000000000000000e+02 7.460000000000000000e+02
7.500000000000000000e+02 7.660000000000000000e+02 7.560000000000000000e+02 7.520000000000000000e+02
7.920000000000000000e+02 7.700000000000000000e+02 7.780000000000000000e+02 7.860000000000000000e+02
7.900000000000000000e+02 7.980000000000000000e+02 8.040000000000000000e+02 8.120000000000000000e+02
8.060000000000000000e+02 8.140000000000000000e+02 8.140000000000000000e+02 8.040000000000000000e+02
8.160000000000000000e+02 8.360000000000000000e+02 8.180000000000000000e+02 8.380000000000000000e+02
8.420000000000000000e+02 8.500000000000000000e+02 8.540000000000000000e+02 8.460000000000000000e+02
8.720000000000000000e+02 8.680000000000000000e+02 8.400000000000000000e+02 8.680000000000000000e+02
8.840000000000000000e+02 8.820000000000000000e+02 8.840000000000000000e+02 8.780000000000000000e+02
8.900000000000000000e+02 9.040000000000000000e+02 9.060000000000000000e+02 8.900000000000000000e+02
8.920000000000000000e+02 9.340000000000000000e+02 9.240000000000000000e+02 9.040000000000000000e+02
9.240000000000000000e+02 9.280000000000000000e+02 9.340000000000000000e+02 9.440000000000000000e+02
9.440000000000000000e+02 9.540000000000000000e+02 9.580000000000000000e+02 9.400000000000000000e+02
9.740000000000000000e+02 9.580000000000000000e+02 9.740000000000000000e+02 9.580000000000000000e+02
9.820000000000000000e+02 9.780000000000000000e+02 9.720000000000000000e+02 9.780000000000000000e+02
1.010000000000000000e+03 9.900000000000000000e+02 1.006000000000000000e+03 1.008000000000000000e+03
1.010000000000000000e+03 1.012000000000000000e+03 1.008000000000000000e+03 1.000000000000000000e+03
1.032000000000000000e+03 1.030000000000000000e+03 1.022000000000000000e+03 1.030000000000000000e+03
1.048000000000000000e+03 1.048000000000000000e+03 1.040000000000000000e+03 1.040000000000000000e+03
1.064000000000000000e+03 1.062000000000000000e+03 1.056000000000000000e+03 1.054000000000000000e+03
1.090000000000000000e+03 1.090000000000000000e+03 1.090000000000000000e+03 1.108000000000000000e+03
