9.405940594059405413e-01 8.958895889588959216e-01 8.520852085208521220e-01 9.399939993999399945e-01 9.021902190219022177e-01 8.715871587158715572e-01 9.279927992799279490e-01 8.964896489648964684e-01 8.457845784578458259e-01 9.363936393639363809e-01 8.856885688568857384e-01 8.445844584458446214e-01
8.565856585658565558e-01 7.224722472247224747e-01 6.327632763276327399e-01 8.292829282928292356e-01 6.846684668466846979e-01 6.000600060006000547e-01 8.493849384938494396e-01 7.554755475547554333e-01 6.753675367536753349e-01 8.541854185418541467e-01 7.167716771677167253e-01 6.519651965196520127e-01
7.908790879087909120e-01 6.108610861086108956e-01 4.938493849384938406e-01 7.887788778877887763e-01 6.603660366036603335e-01 5.148514851485148647e-01 7.998799879987998906e-01 6.228622862286228301e-01 5.079507950795079108e-01 8.001800180018001640e-01 6.924692469246924720e-01 5.433543354335433895e-01
7.098709870987098824e-01 4.869486948694869421e-01 3.567356735673567480e-01 7.188718871887188611e-01 5.757575757575758013e-01 4.122412241224122642e-01 7.125712571257125649e-01 5.661566156615661649e-01 3.897389738973897622e-01 6.939693969396939499e-01 5.322532253225322751e-01 3.759375937593759653e-01
6.303630363036303308e-01 4.365436543654365176e-01 2.724272427242724337e-01 6.585658565856585822e-01 4.485448544854485631e-01 3.207320732073207226e-01 6.414641464146414451e-01 4.161416141614161512e-01 2.742274227422742405e-01 6.765676567656765394e-01 4.722472247224722697e-01 3.480348034803480428e-01
6.126612661266126469e-01 3.792379237923792501e-01 2.565256525652565012e-01 5.811581158115811663e-01 3.363336333633363262e-01 2.190219021902190255e-01 5.982598259825983034e-01 3.870387038703870242e-01 2.325232523252325212e-01 5.856585658565857111e-01 3.387338733873387353e-01 2.037203720372037230e-01
5.421542154215421849e-01 3.075307530753075280e-01 2.058205820582058310e-01 5.619561956195620045e-01 3.072307230723072546e-01 1.785178517851785107e-01 5.670567056705670961e-01 3.543354335433543389e-01 2.085208520852085134e-01 5.172517251725172738e-01 2.559255925592558989e-01 1.716171617161716123e-01
4.665466546654665203e-01 2.295229522952295098e-01 1.266126612661266082e-01 4.770477047704770324e-01 2.340234023402340269e-01 1.251125112511251025e-01 4.686468646864686560e-01 2.250225022502250205e-01 1.266126612661266082e-01 5.187518751875187517e-01 2.706270627062706269e-01 1.473147314731473034e-01
4.212421242124212428e-01 1.719171917191719134e-01 8.220822082208220638e-02 4.356435643564356419e-01 1.911191119111911307e-01 9.540954095409541480e-02 4.461446144614461540e-01 2.103210321032103203e-01 1.026102610261026143e-01 4.305430543054305503e-01 1.944194419441944155e-01 1.008100810081008075e-01
3.978397839783978651e-01 1.815181518151815221e-01 7.260726072607261161e-02 3.771377137713771144e-01 1.443144314431443198e-01 6.690669066906690388e-02 4.041404140414041612e-01 1.533153315331533262e-01 6.930693069306931298e-02 3.999399939993999453e-01 1.677167716771677253e-01 8.760876087608761298e-02
3.990399039903990142e-01 1.647164716471647139e-01 8.220822082208220638e-02 4.029402940294029567e-01 1.686168616861686287e-01 6.990699069906990137e-02 3.588358835883588283e-01 1.359135913591359157e-01 6.450645064506450865e-02 3.645364536453645221e-01 1.266126612661266082e-01 4.980498049804980842e-02
3.267326732673267453e-01 1.251125112511251025e-01 3.630363036303630581e-02 3.174317431743174378e-01 1.233123312331233096e-01 4.800480048004800160e-02 3.198319831983198469e-01 9.570957095709571594e-02 4.260426042604260194e-02 3.783378337833783189e-01 1.365136513651365180e-01 7.260726072607261161e-02
3.084308430843084037e-01 1.152115211521152066e-01 3.510351035103510126e-02 2.751275127512751162e-01 6.990699069906990137e-02 2.430243024302430194e-02 3.318331833183318369e-01 1.239123912391239118e-01 5.280528052805280592e-02 3.228322832283228583e-01 1.179117911791179169e-01 4.290429042904290308e-02
2.823282328232823435e-01 9.720972097209720775e-02 3.090309030903090268e-02 2.487248724872487271e-01 6.000600060006000547e-02 1.890189018901890228e-02 2.745274527452745139e-01 7.980798079807981116e-02 2.580258025802580416e-02 2.724272427242724337e-01 9.030903090309030934e-02 2.760276027602760404e-02
2.610261026102610460e-01 7.260726072607261161e-02 1.380138013801380202e-02 2.622262226222622505e-01 7.860786078607860661e-02 2.520252025202520188e-02 2.478247824782478237e-01 7.410741074107410342e-02 1.980198019801980222e-02 2.340234023402340269e-01 6.150615061506150422e-02 1.740174017401740006e-02
2.283228322832283330e-01 6.930693069306931298e-02 2.040204020402040103e-02 2.211221122112211335e-01 6.150615061506150422e-02 1.530153015301530077e-02 2.220222022202220091e-01 5.790579057905790444e-02 8.400840084008400627e-03 2.271227122712271285e-01 5.700570057005700797e-02 1.410141014101410142e-02
2.001200120012001094e-01 4.110411041104110319e-02 9.900990099009901110e-03 1.815181518151815221e-01 4.080408040804080205e-02 1.110111011101110046e-02 2.178217821782178210e-01 4.470447044704470296e-02 1.440144014401440083e-02 1.983198319831983303e-01 4.470447044704470296e-02 7.800780078007800954e-03
1.722172217221722146e-01 3.480348034803480012e-02 9.000900090009001167e-03 1.701170117011701066e-01 3.450345034503450592e-02 1.170117011701170100e-02 1.776177617761776073e-01 2.490249024902490421e-02 1.080108010801080105e-02 1.704170417041704078e-01 3.000300030003000273e-02 7.500750075007500683e-03
1.683168316831683275e-01 3.030303030303030387e-02 6.300630063006300470e-03 1.587158715871587189e-01 3.390339033903390364e-02 9.300930093009300570e-03 1.863186318631863125e-01 4.800480048004800160e-02 1.320132013201320148e-02 1.806180618061806187e-01 4.080408040804080205e-02 9.900990099009901110e-03
1.359135913591359157e-01 1.980198019801980222e-02 6.000600060006000200e-03 1.602160216021602246e-01 3.570357035703570353e-02 6.900690069006901010e-03 1.446144614461446209e-01 2.280228022802280319e-02 5.700570057005700797e-03 1.368136813681368191e-01 1.920192019201920341e-02 1.500150015001500050e-03
1.203120312031203121e-01 1.590159015901590131e-02 5.100510051005100257e-03 1.356135613561356146e-01 1.680168016801680125e-02 4.200420042004200313e-03 1.236123612361236107e-01 1.680168016801680125e-02 1.800180018001800103e-03 1.206120612061206132e-01 1.680168016801680125e-02 3.600360036003600207e-03
1.293129312931293184e-01 2.340234023402340199e-02 6.000600060006000200e-03 1.206120612061206132e-01 2.070207020702070216e-02 6.300630063006300470e-03 1.173117311731173146e-01 1.890189018901890228e-02 3.600360036003600207e-03 1.368136813681368191e-01 1.650165016501650012e-02 4.200420042004200313e-03
1.182118211821182180e-01 1.890189018901890228e-02 3.600360036003600207e-03 1.062106210621062141e-01 1.140114011401140159e-02 1.500150015001500050e-03 1.032103210321032166e-01 1.620162016201620245e-02 3.000300030003000100e-03 1.014101410141014098e-01 9.600960096009601707e-03 2.400240024002400427e-03
8.910891089108910479e-02 1.470147014701470196e-02 3.000300030003000100e-03 8.940894089408940593e-02 1.170117011701170100e-02 2.400240024002400427e-03 9.240924092409240342e-02 1.080108010801080105e-02 2.700270027002700263e-03 1.092109210921092116e-01 1.800180018001800233e-02 6.300630063006300470e-03
7.950795079507951002e-02 9.000900090009001167e-03 9.000900090009000517e-04 9.510951095109511366e-02 1.080108010801080105e-02 4.500450045004500584e-03 8.370837083708371207e-02 1.410141014101410142e-02 4.200420042004200313e-03 8.310831083108310979e-02 9.300930093009300570e-03 3.000300030003000100e-03
7.050705070507050365e-02 8.400840084008400627e-03 3.000300030003000100e-03 8.910891089108910479e-02 1.140114011401140159e-02 2.400240024002400427e-03 7.530753075307530797e-02 6.600660066006600740e-03 9.000900090009000517e-04 9.060906090609061048e-02 9.300930093009300570e-03 1.500150015001500050e-03
8.190819081908190524e-02 8.700870087008700030e-03 2.100210021002100157e-03 7.350735073507350115e-02 7.800780078007800954e-03 1.500150015001500050e-03 6.930693069306931298e-02 7.200720072007200413e-03 1.500150015001500050e-03 7.050705070507050365e-02 8.400840084008400627e-03 2.700270027002700263e-03
7.110711071107110592e-02 1.110111011101110046e-02 1.200120012001200213e-03 8.190819081908190524e-02 7.500750075007500683e-03 1.200120012001200213e-03 6.810681068106810843e-02 7.500750075007500683e-03 2.100210021002100157e-03 6.990699069906990137e-02 8.100810081008101224e-03 2.100210021002100157e-03
6.240624062406240763e-02 3.000300030003000100e-03 2.100210021002100157e-03 6.360636063606360524e-02 8.400840084008400627e-03 1.500150015001500050e-03 7.470747074707470570e-02 5.100510051005100257e-03 3.000300030003000534e-04 5.940594059405940319e-02 5.100510051005100257e-03 1.800180018001800103e-03
6.120612061206120308e-02 5.400540054005400527e-03 1.200120012001200213e-03 4.470447044704470296e-02 2.100210021002100157e-03 1.200120012001200213e-03 5.700570057005700797e-02 6.000600060006000200e-03 2.400240024002400427e-03 5.640564056405640569e-02 5.400540054005400527e-03 6.000600060006001067e-04
5.070507050705070490e-02 3.300330033003300370e-03 1.800180018001800103e-03 4.320432043204320421e-02 6.000600060006000200e-03 1.500150015001500050e-03 5.370537053705370240e-02 5.100510051005100257e-03 2.700270027002700263e-03 4.950495049504950729e-02 6.000600060006000200e-03 1.500150015001500050e-03
4.080408040804080205e-02 3.300330033003300370e-03 1.200120012001200213e-03 4.290429042904290308e-02 6.600660066006600740e-03 9.000900090009000517e-04 4.680468046804680399e-02 3.600360036003600207e-03 1.800180018001800103e-03 4.140414041404140433e-02 3.600360036003600207e-03 9.000900090009000517e-04
3.360336033603360251e-02 3.600360036003600207e-03 6.000600060006001067e-04 3.510351035103510126e-02 2.700270027002700263e-03 6.000600060006001067e-04 3.300330033003300023e-02 3.600360036003600207e-03 1.800180018001800103e-03 3.630363036303630581e-02 2.700270027002700263e-03 1.800180018001800103e-03
3.630363036303630581e-02 2.100210021002100157e-03 1.500150015001500050e-03 3.630363036303630581e-02 3.300330033003300370e-03 6.000600060006001067e-04 3.360336033603360251e-02 9.000900090009000517e-04 1.800180018001800103e-03 3.090309030903090268e-02 2.400240024002400427e-03 9.000900090009000517e-04
2.730273027302730290e-02 9.000900090009000517e-04 6.000600060006001067e-04 3.150315031503150148e-02 3.000300030003000100e-03 9.000900090009000517e-04 3.120312031203120381e-02 1.800180018001800103e-03 6.000600060006001067e-04 3.120312031203120381e-02 3.600360036003600207e-03 6.000600060006001067e-04
3.690369036903690114e-02 3.600360036003600207e-03 1.500150015001500050e-03 2.940294029402940393e-02 3.000300030003000100e-03 9.000900090009000517e-04 2.940294029402940393e-02 2.700270027002700263e-03 2.700270027002700263e-03 2.910291029102910279e-02 2.700270027002700263e-03 6.000600060006001067e-04
2.220222022202220091e-02 3.000300030003000534e-04 3.000300030003000534e-04 2.850285028502850398e-02 9.000900090009000517e-04 1.200120012001200213e-03 2.940294029402940393e-02 1.200120012001200213e-03 9.000900090009000517e-04 2.700270027002700177e-02 6.000600060006001067e-04 1.500150015001500050e-03
1.980198019801980222e-02 2.400240024002400427e-03 0.000000000000000000e+00 2.070207020702070216e-02 1.500150015001500050e-03 1.500150015001500050e-03 2.490249024902490421e-02 1.800180018001800103e-03 6.000600060006001067e-04 2.760276027602760404e-02 9.000900090009000517e-04 9.000900090009000517e-04
2.400240024002400080e-02 1.200120012001200213e-03 2.400240024002400427e-03 1.890189018901890228e-02 1.800180018001800103e-03 1.200120012001200213e-03 2.310231023102310086e-02 2.400240024002400427e-03 1.500150015001500050e-03 2.490249024902490421e-02 1.500150015001500050e-03 1.200120012001200213e-03
1.890189018901890228e-02 1.800180018001800103e-03 9.000900090009000517e-04 1.890189018901890228e-02 2.100210021002100157e-03 1.800180018001800103e-03 2.580258025802580416e-02 2.400240024002400427e-03 9.000900090009000517e-04 1.650165016501650012e-02 9.000900090009000517e-04 0.000000000000000000e+00
1.590159015901590131e-02 2.100210021002100157e-03 9.000900090009000517e-04 2.160216021602160211e-02 1.800180018001800103e-03 9.000900090009000517e-04 1.380138013801380202e-02 6.000600060006001067e-04 2.400240024002400427e-03 1.830183018301830347e-02 1.200120012001200213e-03 1.200120012001200213e-03
1.260126012601260094e-02 9.000900090009000517e-04 6.000600060006001067e-04 1.440144014401440083e-02 1.200120012001200213e-03 9.000900090009000517e-04 1.440144014401440083e-02 1.200120012001200213e-03 3.000300030003000534e-04 1.470147014701470196e-02 1.500150015001500050e-03 9.000900090009000517e-04
1.320132013201320148e-02 1.200120012001200213e-03 1.200120012001200213e-03 1.230123012301230154e-02 1.500150015001500050e-03 1.800180018001800103e-03 2.160216021602160211e-02 1.800180018001800103e-03 6.000600060006001067e-04 1.500150015001500137e-02 1.200120012001200213e-03 9.000900090009000517e-04
7.800780078007800954e-03 1.200120012001200213e-03 9.000900090009000517e-04 1.500150015001500137e-02 9.000900090009000517e-04 1.200120012001200213e-03 1.680168016801680125e-02 2.400240024002400427e-03 6.000600060006001067e-04 1.410141014101410142e-02 1.200120012001200213e-03 1.800180018001800103e-03
9.600960096009601707e-03 6.000600060006001067e-04 6.000600060006001067e-04 1.440144014401440083e-02 1.200120012001200213e-03 1.500150015001500050e-03 1.170117011701170100e-02 3.000300030003000534e-04 3.000300030003000534e-04 9.900990099009901110e-03 1.800180018001800103e-03 2.100210021002100157e-03
1.290129012901290208e-02 1.200120012001200213e-03 2.400240024002400427e-03 9.300930093009300570e-03 3.000300030003000534e-04 9.000900090009000517e-04 1.920192019201920341e-02 1.200120012001200213e-03 6.000600060006001067e-04 1.140114011401140159e-02 9.000900090009000517e-04 9.000900090009000517e-04
1.020102010201020051e-02 6.000600060006001067e-04 3.000300030003000534e-04 1.170117011701170100e-02 1.200120012001200213e-03 1.500150015001500050e-03 7.500750075007500683e-03 6.000600060006001067e-04 1.200120012001200213e-03 1.380138013801380202e-02 2.400240024002400427e-03 1.200120012001200213e-03
6.600660066006600740e-03 9.000900090009000517e-04 6.000600060006001067e-04 7.500750075007500683e-03 1.200120012001200213e-03 0.000000000000000000e+00 9.000900090009001167e-03 9.000900090009000517e-04 0.000000000000000000e+00 1.050105010501050165e-02 9.000900090009000517e-04 1.500150015001500050e-03
8.700870087008700030e-03 6.000600060006001067e-04 6.000600060006001067e-04 7.200720072007200413e-03 1.200120012001200213e-03 1.200120012001200213e-03 7.500750075007500683e-03 1.800180018001800103e-03 6.000600060006001067e-04 6.600660066006600740e-03 9.000900090009000517e-04 3.000300030003000534e-04
9.000900090009001167e-03 2.700270027002700263e-03 1.500150015001500050e-03 6.900690069006901010e-03 1.200120012001200213e-03 3.000300030003000534e-04 8.700870087008700030e-03 9.000900090009000517e-04 3.000300030003000534e-04 3.300330033003300370e-03 9.000900090009000517e-04 1.500150015001500050e-03
5.400540054005400527e-03 3.000300030003000534e-04 9.000900090009000517e-04 6.300630063006300470e-03 1.200120012001200213e-03 1.200120012001200213e-03 8.700870087008700030e-03 6.000600060006001067e-04 9.000900090009000517e-04 5.400540054005400527e-03 9.000900090009000517e-04 1.800180018001800103e-03
8.400840084008400627e-03 1.500150015001500050e-03 1.200120012001200213e-03 5.100510051005100257e-03 9.000900090009000517e-04 9.000900090009000517e-04 7.200720072007200413e-03 6.000600060006001067e-04 9.000900090009000517e-04 7.200720072007200413e-03 1.500150015001500050e-03 3.000300030003000534e-04
5.100510051005100257e-03 1.200120012001200213e-03 6.000600060006001067e-04 5.100510051005100257e-03 9.000900090009000517e-04 1.800180018001800103e-03 7.200720072007200413e-03 0.000000000000000000e+00 6.000600060006001067e-04 7.800780078007800954e-03 1.200120012001200213e-03 9.000900090009000517e-04
5.400540054005400527e-03 6.000600060006001067e-04 1.200120012001200213e-03 2.700270027002700263e-03 2.100210021002100157e-03 9.000900090009000517e-04 4.800480048004800854e-03 1.500150015001500050e-03 1.200120012001200213e-03 4.800480048004800854e-03 1.500150015001500050e-03 1.200120012001200213e-03
7.500750075007500683e-03 9.000900090009000517e-04 3.000300030003000534e-04 6.300630063006300470e-03 1.200120012001200213e-03 3.000300030003000100e-03 6.600660066006600740e-03 6.000600060006001067e-04 1.200120012001200213e-03 4.800480048004800854e-03 1.500150015001500050e-03 6.000600060006001067e-04
6.300630063006300470e-03 6.000600060006001067e-04 1.200120012001200213e-03 5.100510051005100257e-03 9.000900090009000517e-04 9.000900090009000517e-04 5.400540054005400527e-03 9.000900090009000517e-04 1.500150015001500050e-03 6.300630063006300470e-03 1.500150015001500050e-03 9.000900090009000517e-04
7.200720072007200413e-03 1.500150015001500050e-03 1.500150015001500050e-03 5.100510051005100257e-03 9.000900090009000517e-04 2.400240024002400427e-03 3.900390039003900477e-03 9.000900090009000517e-04 9.000900090009000517e-04 3.300330033003300370e-03 9.000900090009000517e-04 3.000300030003000534e-04
5.100510051005100257e-03 1.200120012001200213e-03 9.000900090009000517e-04 2.700270027002700263e-03 1.500150015001500050e-03 9.000900090009000517e-04 2.400240024002400427e-03 3.000300030003000534e-04 2.400240024002400427e-03 4.800480048004800854e-03 1.500150015001500050e-03 6.000600060006001067e-04
4.200420042004200313e-03 1.200120012001200213e-03 6.000600060006001067e-04 4.200420042004200313e-03 1.800180018001800103e-03 1.200120012001200213e-03 3.000300030003000100e-03 2.100210021002100157e-03 1.200120012001200213e-03 3.600360036003600207e-03 3.000300030003000534e-04 0.000000000000000000e+00
4.500450045004500584e-03 9.000900090009000517e-04 1.200120012001200213e-03 3.300330033003300370e-03 1.800180018001800103e-03 6.000600060006001067e-04 3.300330033003300370e-03 9.000900090009000517e-04 6.000600060006001067e-04 3.300330033003300370e-03 1.200120012001200213e-03 6.000600060006001067e-04
2.400240024002400427e-03 6.000600060006001067e-04 1.500150015001500050e-03 2.400240024002400427e-03 6.000600060006001067e-04 1.500150015001500050e-03 2.400240024002400427e-03 1.800180018001800103e-03 9.000900090009000517e-04 3.300330033003300370e-03 6.000600060006001067e-04 3.000300030003000534e-04
5.400540054005400527e-03 1.500150015001500050e-03 1.200120012001200213e-03 2.700270027002700263e-03 6.000600060006001067e-04 1.500150015001500050e-03 3.000300030003000100e-03 1.500150015001500050e-03 2.100210021002100157e-03 1.800180018001800103e-03 9.000900090009000517e-04 1.800180018001800103e-03
2.400240024002400427e-03 1.500150015001500050e-03 1.200120012001200213e-03 1.500150015001500050e-03 9.000900090009000517e-04 1.500150015001500050e-03 2.400240024002400427e-03 9.000900090009000517e-04 9.000900090009000517e-04 1.800180018001800103e-03 2.100210021002100157e-03 1.800180018001800103e-03
1.500150015001500050e-03 3.000300030003000534e-04 2.100210021002100157e-03 2.700270027002700263e-03 1.500150015001500050e-03 1.200120012001200213e-03 1.800180018001800103e-03 9.000900090009000517e-04 9.000900090009000517e-04 3.300330033003300370e-03 1.500150015001500050e-03 1.500150015001500050e-03
3.000300030003000100e-03 1.500150015001500050e-03 2.400240024002400427e-03 3.300330033003300370e-03 6.000600060006001067e-04 1.500150015001500050e-03 2.100210021002100157e-03 9.000900090009000517e-04 1.800180018001800103e-03 2.400240024002400427e-03 6.000600060006001067e-04 6.000600060006001067e-04
