9.371000000000000441e-01 9.449999999999999512e-01 9.286999999999999700e-01 9.356999999999999762e-01
8.540999999999999703e-01 8.347999999999999865e-01 8.589999999999999858e-01 8.557000000000000162e-01
7.764999999999999680e-01 7.869000000000000439e-01 7.863999999999999879e-01 7.956999999999999629e-01
6.985000000000000098e-01 7.346000000000000307e-01 7.093000000000000416e-01 7.093000000000000416e-01
6.280000000000000027e-01 6.571000000000000174e-01 6.260999999999999899e-01 6.854000000000000092e-01
6.272999999999999687e-01 5.671000000000000485e-01 5.955000000000000293e-01 5.715999999999999970e-01
5.515999999999999792e-01 5.443999999999999950e-01 5.854000000000000314e-01 5.320000000000000284e-01
4.667999999999999927e-01 4.721000000000000196e-01 4.783999999999999919e-01 5.054999999999999494e-01
4.193999999999999950e-01 4.343000000000000194e-01 4.307000000000000273e-01 4.323000000000000176e-01
4.076000000000000179e-01 3.766999999999999793e-01 3.950000000000000178e-01 4.108999999999999875e-01
4.057000000000000051e-01 4.067000000000000060e-01 3.568000000000000060e-01 3.528999999999999915e-01
3.205000000000000071e-01 3.276000000000000023e-01 3.191999999999999837e-01 3.812999999999999723e-01
3.116999999999999771e-01 2.776000000000000134e-01 3.284000000000000252e-01 3.174000000000000155e-01
2.780000000000000249e-01 2.518000000000000238e-01 2.772999999999999909e-01 2.853999999999999870e-01
2.504000000000000115e-01 2.561999999999999833e-01 2.497000000000000053e-01 2.464999999999999969e-01
2.378000000000000114e-01 2.283999999999999919e-01 2.179000000000000103e-01 2.205999999999999905e-01
2.025000000000000133e-01 1.885000000000000009e-01 2.039999999999999869e-01 1.948999999999999899e-01
1.784000000000000030e-01 1.754999999999999893e-01 1.718999999999999972e-01 1.753000000000000114e-01
1.554000000000000103e-01 1.673000000000000043e-01 1.779999999999999916e-01 1.801999999999999991e-01
1.370000000000000107e-01 1.675999999999999990e-01 1.569000000000000117e-01 1.512000000000000011e-01
1.195999999999999980e-01 1.176999999999999991e-01 1.190999999999999975e-01 1.204999999999999960e-01
1.343999999999999917e-01 1.290000000000000036e-01 1.101000000000000034e-01 1.416999999999999926e-01
1.169000000000000039e-01 9.769999999999999518e-02 1.029999999999999943e-01 9.919999999999999651e-02
9.139999999999999514e-02 9.579999999999999627e-02 9.400000000000000022e-02 1.116000000000000048e-01
7.190000000000000557e-02 9.279999999999999361e-02 8.970000000000000195e-02 8.550000000000000655e-02
8.039999999999999925e-02 9.740000000000000047e-02 6.809999999999999387e-02 8.079999999999999682e-02
7.839999999999999747e-02 7.069999999999999896e-02 6.740000000000000158e-02 7.190000000000000557e-02
7.149999999999999412e-02 6.779999999999999916e-02 6.700000000000000400e-02 7.389999999999999347e-02
5.600000000000000117e-02 6.379999999999999560e-02 7.309999999999999831e-02 6.700000000000000400e-02
5.290000000000000258e-02 4.819999999999999979e-02 5.750000000000000250e-02 5.639999999999999875e-02
4.710000000000000298e-02 4.130000000000000338e-02 5.099999999999999672e-02 4.929999999999999660e-02
4.370000000000000273e-02 5.170000000000000290e-02 4.519999999999999712e-02 4.179999999999999688e-02
3.289999999999999869e-02 4.050000000000000128e-02 3.420000000000000123e-02 3.830000000000000071e-02
3.409999999999999837e-02 3.620000000000000301e-02 3.039999999999999994e-02 3.300000000000000155e-02
2.719999999999999848e-02 3.219999999999999946e-02 2.829999999999999877e-02 2.920000000000000026e-02
3.610000000000000014e-02 3.160000000000000309e-02 2.630000000000000046e-02 2.869999999999999982e-02
2.659999999999999865e-02 2.889999999999999861e-02 2.460000000000000034e-02 2.680000000000000090e-02
2.179999999999999993e-02 2.100000000000000130e-02 2.949999999999999845e-02 2.489999999999999852e-02
2.270000000000000143e-02 1.820000000000000090e-02 2.299999999999999961e-02 2.840000000000000163e-02
1.909999999999999892e-02 2.019999999999999921e-02 1.859999999999999848e-02 1.559999999999999928e-02
1.839999999999999969e-02 1.859999999999999848e-02 1.510000000000000057e-02 1.609999999999999973e-02
1.580000000000000154e-02 1.789999999999999925e-02 1.319999999999999993e-02 1.480000000000000066e-02
1.600000000000000033e-02 1.250000000000000069e-02 1.779999999999999985e-02 1.379999999999999977e-02
1.529999999999999936e-02 1.469999999999999953e-02 1.640000000000000138e-02 1.379999999999999977e-02
9.599999999999999159e-03 1.179999999999999973e-02 1.700000000000000122e-02 1.179999999999999973e-02
1.220000000000000077e-02 8.800000000000000530e-03 1.190000000000000085e-02 1.080000000000000057e-02
8.899999999999999925e-03 1.170000000000000033e-02 1.119999999999999989e-02 1.209999999999999964e-02
8.500000000000000611e-03 7.599999999999999985e-03 8.699999999999999400e-03 1.310000000000000053e-02
8.200000000000000691e-03 8.600000000000000006e-03 7.400000000000000328e-03 6.700000000000000226e-03
8.999999999999999320e-03 8.899999999999999925e-03 6.700000000000000226e-03 8.399999999999999481e-03
7.000000000000000146e-03 7.700000000000000247e-03 5.599999999999999943e-03 6.799999999999999621e-03
6.300000000000000044e-03 5.700000000000000205e-03 6.400000000000000307e-03 7.199999999999999803e-03
4.199999999999999740e-03 6.799999999999999621e-03 6.100000000000000387e-03 4.199999999999999740e-03
4.199999999999999740e-03 3.899999999999999821e-03 6.100000000000000387e-03 6.899999999999999883e-03
6.899999999999999883e-03 5.400000000000000286e-03 4.300000000000000003e-03 5.100000000000000366e-03
5.499999999999999681e-03 4.400000000000000265e-03 5.799999999999999600e-03 5.700000000000000205e-03
5.899999999999999863e-03 4.599999999999999922e-03 3.899999999999999821e-03 4.300000000000000003e-03
4.000000000000000083e-03 3.500000000000000073e-03 2.700000000000000143e-03 3.700000000000000164e-03
2.700000000000000143e-03 3.799999999999999992e-03 4.499999999999999660e-03 2.799999999999999972e-03
3.299999999999999982e-03 3.099999999999999891e-03 2.799999999999999972e-03 2.000000000000000042e-03
3.000000000000000062e-03 3.099999999999999891e-03 3.000000000000000062e-03 2.000000000000000042e-03
4.499999999999999660e-03 2.000000000000000042e-03 3.000000000000000062e-03 3.099999999999999891e-03
2.599999999999999881e-03 2.299999999999999961e-03 3.500000000000000073e-03 1.899999999999999996e-03
3.200000000000000153e-03 2.099999999999999870e-03 3.099999999999999891e-03 2.500000000000000052e-03
1.399999999999999986e-03 2.899999999999999800e-03 2.099999999999999870e-03 1.699999999999999905e-03
