7.200000000000000000e+01 7.000000000000000000e+01 6.800000000000000000e+01 7.200000000000000000e+01
1.300000000000000000e+02 1.280000000000000000e+02 1.180000000000000000e+02 1.340000000000000000e+02
1.760000000000000000e+02 1.780000000000000000e+02 1.760000000000000000e+02 1.900000000000000000e+02
2.380000000000000000e+02 2.240000000000000000e+02 2.240000000000000000e+02 2.380000000000000000e+02
2.660000000000000000e+02 2.600000000000000000e+02 2.680000000000000000e+02 2.820000000000000000e+02
3.420000000000000000e+02 3.240000000000000000e+02 3.380000000000000000e+02 3.440000000000000000e+02
3.820000000000000000e+02 3.960000000000000000e+02 3.760000000000000000e+02 3.820000000000000000e+02
4.360000000000000000e+02 4.220000000000000000e+02 4.400000000000000000e+02 4.580000000000000000e+02
4.960000000000000000e+02 4.780000000000000000e+02 4.820000000000000000e+02 4.720000000000000000e+02
5.540000000000000000e+02 5.520000000000000000e+02 5.500000000000000000e+02 5.340000000000000000e+02
5.880000000000000000e+02 5.620000000000000000e+02 5.960000000000000000e+02 5.980000000000000000e+02
6.480000000000000000e+02 6.340000000000000000e+02 6.440000000000000000e+02 6.300000000000000000e+02
6.960000000000000000e+02 6.860000000000000000e+02 6.920000000000000000e+02 6.860000000000000000e+02
7.320000000000000000e+02 7.600000000000000000e+02 7.540000000000000000e+02 7.600000000000000000e+02
7.900000000000000000e+02 8.080000000000000000e+02 7.940000000000000000e+02 8.300000000000000000e+02
8.780000000000000000e+02 8.680000000000000000e+02 8.640000000000000000e+02 8.740000000000000000e+02
9.200000000000000000e+02 8.920000000000000000e+02 8.500000000000000000e+02 8.960000000000000000e+02
9.360000000000000000e+02 9.500000000000000000e+02 9.500000000000000000e+02 9.680000000000000000e+02
9.780000000000000000e+02 9.820000000000000000e+02 1.012000000000000000e+03 9.700000000000000000e+02
1.062000000000000000e+03 1.082000000000000000e+03 1.036000000000000000e+03 1.040000000000000000e+03
1.120000000000000000e+03 1.160000000000000000e+03 1.094000000000000000e+03 1.112000000000000000e+03
1.162000000000000000e+03 1.190000000000000000e+03 1.128000000000000000e+03 1.166000000000000000e+03
1.204000000000000000e+03 1.206000000000000000e+03 1.266000000000000000e+03 1.212000000000000000e+03
1.260000000000000000e+03 1.270000000000000000e+03 1.276000000000000000e+03 1.276000000000000000e+03
1.328000000000000000e+03 1.320000000000000000e+03 1.340000000000000000e+03 1.316000000000000000e+03
1.360000000000000000e+03 1.362000000000000000e+03 1.316000000000000000e+03 1.362000000000000000e+03
1.428000000000000000e+03 1.466000000000000000e+03 1.402000000000000000e+03 1.416000000000000000e+03
1.444000000000000000e+03 1.488000000000000000e+03 1.512000000000000000e+03 1.492000000000000000e+03
1.552000000000000000e+03 1.558000000000000000e+03 1.502000000000000000e+03 1.506000000000000000e+03
1.552000000000000000e+03 1.592000000000000000e+03 1.558000000000000000e+03 1.552000000000000000e+03
1.674000000000000000e+03 1.606000000000000000e+03 1.692000000000000000e+03 1.638000000000000000e+03
1.744000000000000000e+03 1.688000000000000000e+03 1.680000000000000000e+03 1.556000000000000000e+03
1.778000000000000000e+03 1.744000000000000000e+03 1.722000000000000000e+03 1.766000000000000000e+03
1.798000000000000000e+03 1.786000000000000000e+03 1.786000000000000000e+03 1.738000000000000000e+03
1.780000000000000000e+03 1.870000000000000000e+03 1.858000000000000000e+03 1.830000000000000000e+03
1.892000000000000000e+03 1.836000000000000000e+03 1.890000000000000000e+03 1.900000000000000000e+03
1.918000000000000000e+03 1.972000000000000000e+03 1.844000000000000000e+03 2.038000000000000000e+03
1.960000000000000000e+03 1.952000000000000000e+03 2.006000000000000000e+03 2.048000000000000000e+03
2.022000000000000000e+03 1.976000000000000000e+03 2.048000000000000000e+03 2.026000000000000000e+03
1.990000000000000000e+03 2.138000000000000000e+03 2.098000000000000000e+03 2.126000000000000000e+03
2.164000000000000000e+03 2.198000000000000000e+03 2.128000000000000000e+03 2.116000000000000000e+03
2.210000000000000000e+03 2.218000000000000000e+03 2.156000000000000000e+03 2.190000000000000000e+03
2.278000000000000000e+03 2.196000000000000000e+03 2.236000000000000000e+03 2.276000000000000000e+03
2.248000000000000000e+03 2.390000000000000000e+03 2.306000000000000000e+03 2.276000000000000000e+03
2.402000000000000000e+03 2.362000000000000000e+03 2.346000000000000000e+03 2.348000000000000000e+03
2.442000000000000000e+03 2.384000000000000000e+03 2.434000000000000000e+03 2.470000000000000000e+03
2.408000000000000000e+03 2.518000000000000000e+03 2.448000000000000000e+03 2.422000000000000000e+03
2.496000000000000000e+03 2.502000000000000000e+03 2.490000000000000000e+03 2.440000000000000000e+03
2.588000000000000000e+03 2.562000000000000000e+03 2.542000000000000000e+03 2.576000000000000000e+03
2.668000000000000000e+03 2.594000000000000000e+03 2.642000000000000000e+03 2.590000000000000000e+03
2.684000000000000000e+03 2.638000000000000000e+03 2.600000000000000000e+03 2.648000000000000000e+03
2.678000000000000000e+03 2.712000000000000000e+03 2.804000000000000000e+03 2.754000000000000000e+03
2.744000000000000000e+03 2.744000000000000000e+03 2.746000000000000000e+03 2.754000000000000000e+03
2.864000000000000000e+03 2.808000000000000000e+03 2.806000000000000000e+03 2.830000000000000000e+03
2.950000000000000000e+03 2.800000000000000000e+03 2.812000000000000000e+03 2.940000000000000000e+03
2.932000000000000000e+03 2.936000000000000000e+03 2.940000000000000000e+03 2.874000000000000000e+03
2.962000000000000000e+03 2.948000000000000000e+03 2.950000000000000000e+03 2.992000000000000000e+03
2.992000000000000000e+03 3.036000000000000000e+03 3.008000000000000000e+03 3.066000000000000000e+03
3.060000000000000000e+03 3.108000000000000000e+03 3.102000000000000000e+03 3.104000000000000000e+03
3.088000000000000000e+03 3.160000000000000000e+03 3.076000000000000000e+03 3.112000000000000000e+03
3.208000000000000000e+03 3.192000000000000000e+03 3.180000000000000000e+03 3.244000000000000000e+03
3.218000000000000000e+03 3.244000000000000000e+03 3.254000000000000000e+03 3.214000000000000000e+03
3.296000000000000000e+03 3.322000000000000000e+03 3.342000000000000000e+03 3.276000000000000000e+03
3.334000000000000000e+03 3.336000000000000000e+03 3.374000000000000000e+03 3.368000000000000000e+03
3.380000000000000000e+03 3.338000000000000000e+03 3.404000000000000000e+03 3.318000000000000000e+03
