9.861986198619867583e-01 9.849984998499836664e-01 9.402940294029401569e-01 9.966996699669963267e-01
1.035103510351034650e+00 1.033903390339033113e+00 9.570957095709570206e-01 1.064206420642063611e+00
1.033903390339034001e+00 9.000900090008998600e-01 1.039003900390039536e+00 8.664866486648670207e-01
1.025502550255025902e+00 8.415841584158415545e-01 8.289828982898286291e-01 8.610861086108608786e-01
8.538853885388539844e-01 9.507950795079512796e-01 9.501950195019501777e-01 9.609960996099616848e-01
9.567956795679561921e-01 9.534953495349540731e-01 8.661866186618663033e-01 9.444944494449456496e-01
9.096909690969102735e-01 9.426942694269434542e-01 8.466846684668469791e-01 9.555955595559565419e-01
8.376837683768384446e-01 8.541854185418547019e-01 8.574857485748584862e-01 8.916891689168923163e-01
8.301830183018306109e-01 8.289828982898294063e-01 8.100810081008109620e-01 8.091809180918098088e-01
7.215721572157222097e-01 7.653765376537664533e-01 8.217821782178229562e-01 7.842784278427848976e-01
7.851785178517856068e-01 7.728772877287736209e-01 7.332733273327339818e-01 7.635763576357647020e-01
6.411641164116417269e-01 6.303630363036307749e-01 7.149714971497160843e-01 7.980798079807990275e-01
6.147614761476153378e-01 6.399639963996408554e-01 6.765676567656774276e-01 6.576657665766586502e-01
5.862586258625872571e-01 5.850585058505859415e-01 6.099609960996106306e-01 5.739573957395746051e-01
5.790579057905795857e-01 5.760576057605766298e-01 5.409540954095418686e-01 5.349534953495359568e-01
4.974497449744980093e-01 4.941494149414945580e-01 5.007500750075012386e-01 5.244524452445251672e-01
4.869486948694877748e-01 4.332433243324338434e-01 5.337533753375345302e-01 4.686468646864692666e-01
4.212421242124217979e-01 4.185418541854191155e-01 4.689468946894697066e-01 4.287428742874294096e-01
4.203420342034210333e-01 3.837383738373842945e-01 4.281428142814286963e-01 4.293429342934299009e-01
3.543354335433548941e-01 3.804380438043808987e-01 3.711371137113718133e-01 3.543354335433546165e-01
3.183318331833190351e-01 3.606360636063614122e-01 3.222322232223228111e-01 3.150315031503155838e-01
3.237323732373241780e-01 3.060306030603065497e-01 2.988298829882991559e-01 3.651365136513657350e-01
3.015301530153020604e-01 2.859285928592865123e-01 2.640264026402644459e-01 2.778277827782782428e-01
2.262226222622265304e-01 2.355235523552357824e-01 2.475247524752479111e-01 2.799279927992803230e-01
2.124212421242128723e-01 2.574257425742578764e-01 2.130213021302133636e-01 2.244224422442247791e-01
1.893189318931896847e-01 2.355235523552358934e-01 2.070207020702073408e-01 2.454245424542458032e-01
2.217221722172220966e-01 1.986198619861988535e-01 1.878187818781880680e-01 1.890189018901893558e-01
1.812181218121814430e-01 2.244224422442248068e-01 1.839183918391842920e-01 1.875187518751878224e-01
1.803180318031806506e-01 1.671167116711674006e-01 2.091209120912095043e-01 1.647164716471650192e-01
1.686168616861688785e-01 1.290129012901292116e-01 1.554155415541556562e-01 1.536153615361538771e-01
1.440144014401442685e-01 1.131113111311133068e-01 1.485148514851488410e-01 1.320132013201322785e-01
1.137113711371138675e-01 1.098109810981099527e-01 1.314131413141316485e-01 1.143114311431145252e-01
9.060906090609073538e-02 9.780978097809796268e-02 9.000900090009016086e-02 1.026102610261027809e-01
1.041104110411043004e-01 9.960996099609978338e-02 9.990999099910004289e-02 8.640864086408654721e-02
7.980798079807994994e-02 8.640864086408654721e-02 8.880888088808901182e-02 8.340834083408356359e-02
1.014101410141015625e-01 8.010801080108023720e-02 8.280828082808296131e-02 7.980798079807997769e-02
6.600660066006611149e-02 8.400840084008416586e-02 8.550855085508565767e-02 8.070807080708082559e-02
5.220522052205230079e-02 5.910591059105919920e-02 6.990699069907004015e-02 8.100810081008114061e-02
7.080708070807092969e-02 5.250525052505258805e-02 6.360636063606367463e-02 7.140714071407154584e-02
5.220522052205228691e-02 5.220522052205230773e-02 7.110711071107123082e-02 4.680468046804688725e-02
4.230423042304238407e-02 6.030603060306041069e-02 4.200420042004208987e-02 5.250525052505260193e-02
3.570357035703577986e-02 4.050405040504057030e-02 3.990399039903996803e-02 4.050405040504057030e-02
3.720372037203727861e-02 3.420342034203426029e-02 6.000600060006010955e-02 4.230423042304239101e-02
2.070207020702072645e-02 4.350435043504359556e-02 4.380438043804385506e-02 4.050405040504056337e-02
2.760276027602764568e-02 4.110411041104116564e-02 3.450345034503457531e-02 2.640264026402644112e-02
3.750375037503757281e-02 2.790279027902794334e-02 5.460546054605470989e-02 3.240324032403243959e-02
2.910291029102914789e-02 3.300330033003306268e-02 2.190219021902193794e-02 3.540354035403547178e-02
1.770177017701772895e-02 1.890189018901892656e-02 2.430243024302434010e-02 3.030303030303034550e-02
2.490249024902493197e-02 1.920192019201922423e-02 1.770177017701773242e-02 1.740174017401742781e-02
2.040204020402042878e-02 1.740174017401742435e-02 2.370237023702373436e-02 8.700870087008719111e-03
1.620162016201623367e-02 1.650165016501652440e-02 2.520252025202523657e-02 1.530153015301533199e-02
2.190219021902194141e-02 1.350135013501352517e-02 2.070207020702074033e-02 1.740174017401743128e-02
1.230123012301231888e-02 1.440144014401443205e-02 2.220222022202224255e-02 2.070207020702072645e-02
1.560156015601562793e-02 2.700270027002695927e-03 1.110111011101111780e-02 1.110111011101111780e-02
2.010201020102013805e-02 1.830183018301833123e-02 1.920192019201923811e-02 1.050105010501051553e-02
1.830183018301833123e-02 1.350135013501352517e-02 1.500150015001502739e-02 1.530153015301532853e-02
1.860186018601863236e-02 1.500150015001502912e-02 9.900990099009914988e-03 7.500750075007511092e-03
1.260126012601262176e-02 4.500450045004504920e-03 8.700870087008720846e-03 1.050105010501051553e-02
9.600960096009612116e-03 8.400840084008412770e-03 3.900390039003897875e-03 9.900990099009914988e-03
1.200120012001201948e-02 5.100510051005103726e-03 7.800780078007811362e-03 6.900690069006909684e-03
6.900690069006914021e-03 6.900690069006914021e-03 2.700270027002697661e-03 8.400840084008411035e-03
1.290129012901291596e-02 7.800780078007815699e-03 6.600660066006612883e-03 4.500450045004508390e-03
3.900390039003900911e-03 3.300330033003304707e-03 5.400540054005404864e-03 9.000900090008951727e-04
5.700570057005712940e-03 4.800480048004805191e-03 3.600360036003603242e-03 6.900690069006907082e-03
6.900690069006910551e-03 9.600960096009615585e-03 5.400540054005410068e-03 6.000600060006009741e-03
