1.400000000000000000e+01 1.800000000000000000e+01 1.600000000000000000e+01 1.600000000000000000e+01
5.400000000000000000e+01 4.800000000000000000e+01 4.800000000000000000e+01 4.600000000000000000e+01
8.800000000000000000e+01 8.400000000000000000e+01 8.200000000000000000e+01 8.600000000000000000e+01
1.220000000000000000e+02 1.180000000000000000e+02 1.240000000000000000e+02 1.180000000000000000e+02
1.580000000000000000e+02 1.540000000000000000e+02 1.480000000000000000e+02 1.580000000000000000e+02
1.960000000000000000e+02 1.840000000000000000e+02 1.820000000000000000e+02 1.900000000000000000e+02
2.280000000000000000e+02 2.120000000000000000e+02 2.200000000000000000e+02 2.160000000000000000e+02
2.620000000000000000e+02 2.520000000000000000e+02 2.560000000000000000e+02 2.600000000000000000e+02
2.980000000000000000e+02 2.920000000000000000e+02 2.920000000000000000e+02 2.900000000000000000e+02
3.220000000000000000e+02 3.200000000000000000e+02 3.160000000000000000e+02 3.200000000000000000e+02
3.600000000000000000e+02 3.580000000000000000e+02 3.500000000000000000e+02 3.580000000000000000e+02
3.840000000000000000e+02 3.860000000000000000e+02 3.860000000000000000e+02 3.980000000000000000e+02
4.300000000000000000e+02 4.320000000000000000e+02 4.280000000000000000e+02 4.240000000000000000e+02
4.600000000000000000e+02 4.580000000000000000e+02 4.540000000000000000e+02 4.580000000000000000e+02
4.900000000000000000e+02 4.960000000000000000e+02 4.800000000000000000e+02 4.900000000000000000e+02
5.380000000000000000e+02 5.400000000000000000e+02 5.200000000000000000e+02 5.320000000000000000e+02
5.560000000000000000e+02 5.680000000000000000e+02 5.720000000000000000e+02 5.600000000000000000e+02
5.940000000000000000e+02 5.920000000000000000e+02 5.840000000000000000e+02 6.140000000000000000e+02
6.120000000000000000e+02 6.220000000000000000e+02 6.320000000000000000e+02 6.240000000000000000e+02
6.540000000000000000e+02 6.640000000000000000e+02 6.620000000000000000e+02 6.560000000000000000e+02
6.940000000000000000e+02 7.020000000000000000e+02 7.060000000000000000e+02 6.920000000000000000e+02
7.360000000000000000e+02 7.400000000000000000e+02 7.400000000000000000e+02 7.300000000000000000e+02
7.760000000000000000e+02 7.540000000000000000e+02 7.680000000000000000e+02 7.640000000000000000e+02
8.040000000000000000e+02 7.860000000000000000e+02 7.920000000000000000e+02 7.820000000000000000e+02
8.500000000000000000e+02 8.220000000000000000e+02 8.340000000000000000e+02 8.160000000000000000e+02
