8.793879387938794423e-01 8.019801980198020264e-01 7.317731773177317267e-01 8.751875187518751709e-01 7.974797479747974815e-01 7.164716471647164520e-01 8.637863786378637831e-01 7.827782778277827536e-01 7.398739873987398852e-01 8.550855085508550779e-01 7.725772577257725704e-01 7.089708970897089513e-01
7.149714971497149740e-01 5.358535853585358888e-01 4.170417041704170269e-01 7.077707770777077467e-01 5.346534653465346842e-01 4.092409240924092528e-01 7.446744674467447034e-01 5.676567656765676428e-01 4.278427842784278679e-01 7.536753675367536820e-01 5.946594659465946897e-01 4.695469546954695317e-01
6.243624362436243080e-01 4.197419741974197649e-01 2.838283828382838214e-01 6.240624062406240347e-01 4.182418241824182314e-01 2.799279927992799344e-01 6.198619861986198742e-01 4.239423942394239253e-01 2.823282328232823435e-01 6.015601560156015326e-01 3.852385238523852173e-01 2.538253825382538187e-01
4.686468646864686560e-01 2.520252025202520119e-01 1.347134713471347112e-01 4.578457845784578706e-01 2.544254425442544210e-01 1.302130213021302219e-01 5.079507950795079108e-01 2.724272427242724337e-01 1.587158715871587189e-01 4.602460246024602242e-01 2.463246324632463180e-01 1.197119711971197098e-01
4.350435043504350396e-01 1.842184218421842046e-01 9.030903090309030934e-02 4.143414341434143444e-01 1.953195319531953189e-01 9.180918091809181503e-02 4.113411341134113330e-01 1.863186318631863125e-01 7.830783078307830547e-02 4.362436243624362442e-01 2.238223822382238160e-01 1.095109510951095128e-01
3.504350435043504519e-01 1.407140714071407062e-01 5.310531053105310706e-02 3.573357335733573503e-01 1.365136513651365180e-01 5.700570057005700797e-02 3.543354335433543389e-01 1.239123912391239118e-01 4.740474047404740626e-02 3.528352835283528610e-01 1.383138313831383248e-01 4.950495049504950729e-02
2.973297329732973449e-01 9.690969096909690661e-02 3.300330033003300023e-02 2.805280528052805367e-01 8.760876087608761298e-02 3.030303030303030387e-02 2.895289528952895153e-01 9.060906090609061048e-02 2.160216021602160211e-02 2.841284128412841503e-01 8.130813081308130297e-02 3.330333033303330137e-02
2.259225922592259239e-01 6.180618061806180535e-02 1.290129012901290208e-02 2.448244824482448123e-01 5.730573057305730911e-02 1.680168016801680125e-02 2.268226822682268273e-01 5.970597059705970433e-02 1.320132013201320148e-02 2.451245124512451135e-01 6.600660066006600046e-02 1.770177017701770120e-02
2.133213321332133316e-01 4.350435043504350535e-02 9.600960096009601707e-03 1.839183918391839312e-01 3.990399039903990558e-02 7.500750075007500683e-03 1.749174917491749248e-01 3.000300030003000273e-02 7.200720072007200413e-03 2.262226222622262251e-01 6.420642064206420752e-02 1.320132013201320148e-02
1.629162916291629071e-01 3.330333033303330137e-02 7.500750075007500683e-03 1.569156915691569121e-01 3.180318031803180262e-02 6.000600060006000200e-03 1.641164116411641116e-01 3.090309030903090268e-02 7.800780078007800954e-03 1.587158715871587189e-01 2.700270027002700177e-02 5.100510051005100257e-03
1.353135313531353134e-01 2.190219021902190324e-02 5.700570057005700797e-03 1.299129912991299207e-01 2.100210021002100330e-02 3.900390039003900477e-03 1.155115511551155077e-01 1.740174017401740006e-02 3.000300030003000100e-03 1.500150015001500137e-01 2.550255025502550302e-02 1.200120012001200213e-03
1.008100810081008075e-01 1.050105010501050165e-02 1.500150015001500050e-03 1.176117611761176157e-01 1.350135013501350088e-02 1.500150015001500050e-03 1.029102910291029155e-01 9.600960096009601707e-03 1.800180018001800103e-03 1.059105910591059130e-01 1.050105010501050165e-02 1.800180018001800103e-03
8.100810081008100183e-02 4.500450045004500584e-03 9.000900090009000517e-04 9.630963096309630433e-02 7.500750075007500683e-03 9.000900090009000517e-04 9.930993099309931571e-02 1.200120012001200040e-02 9.000900090009000517e-04 8.460846084608460160e-02 7.800780078007800954e-03 1.500150015001500050e-03
9.420942094209421025e-02 6.000600060006000200e-03 1.500150015001500050e-03 7.230723072307231047e-02 3.900390039003900477e-03 0.000000000000000000e+00 8.280828082808280866e-02 9.900990099009901110e-03 6.000600060006001067e-04 7.110711071107110592e-02 6.300630063006300470e-03 6.000600060006001067e-04
6.300630063006300297e-02 4.500450045004500584e-03 3.000300030003000534e-04 5.850585058505850672e-02 2.700270027002700263e-03 6.000600060006001067e-04 5.700570057005700797e-02 4.200420042004200313e-03 3.000300030003000534e-04 6.810681068106810843e-02 4.800480048004800854e-03 0.000000000000000000e+00
4.830483048304830274e-02 2.400240024002400427e-03 0.000000000000000000e+00 5.190519051905190251e-02 3.000300030003000100e-03 3.000300030003000534e-04 5.040504050405040376e-02 2.100210021002100157e-03 0.000000000000000000e+00 4.410441044104410763e-02 1.800180018001800103e-03 0.000000000000000000e+00
4.050405040504050092e-02 2.700270027002700263e-03 0.000000000000000000e+00 3.930393039303930330e-02 2.100210021002100157e-03 0.000000000000000000e+00 3.870387038703870103e-02 3.600360036003600207e-03 0.000000000000000000e+00 3.900390039003900217e-02 2.700270027002700263e-03 0.000000000000000000e+00
3.300330033003300023e-02 1.200120012001200213e-03 0.000000000000000000e+00 3.570357035703570353e-02 3.000300030003000100e-03 0.000000000000000000e+00 3.330333033303330137e-02 1.200120012001200213e-03 0.000000000000000000e+00 4.170417041704170547e-02 2.100210021002100157e-03 3.000300030003000534e-04
2.520252025202520188e-02 2.400240024002400427e-03 0.000000000000000000e+00 2.730273027302730290e-02 1.200120012001200213e-03 0.000000000000000000e+00 3.360336033603360251e-02 1.500150015001500050e-03 0.000000000000000000e+00 3.030303030303030387e-02 6.000600060006001067e-04 0.000000000000000000e+00
2.940294029402940393e-02 6.000600060006001067e-04 0.000000000000000000e+00 1.830183018301830347e-02 0.000000000000000000e+00 0.000000000000000000e+00 2.280228022802280319e-02 1.200120012001200213e-03 0.000000000000000000e+00 2.130213021302130097e-02 1.500150015001500050e-03 0.000000000000000000e+00
2.130213021302130097e-02 9.000900090009000517e-04 3.000300030003000534e-04 2.040204020402040103e-02 3.000300030003000534e-04 0.000000000000000000e+00 2.010201020102010336e-02 9.000900090009000517e-04 0.000000000000000000e+00 2.130213021302130097e-02 3.000300030003000534e-04 3.000300030003000534e-04
2.190219021902190324e-02 6.000600060006001067e-04 0.000000000000000000e+00 1.350135013501350088e-02 3.000300030003000534e-04 0.000000000000000000e+00 1.470147014701470196e-02 0.000000000000000000e+00 3.000300030003000534e-04 1.500150015001500137e-02 3.000300030003000534e-04 0.000000000000000000e+00
1.350135013501350088e-02 0.000000000000000000e+00 0.000000000000000000e+00 1.680168016801680125e-02 3.000300030003000534e-04 0.000000000000000000e+00 1.020102010201020051e-02 6.000600060006001067e-04 0.000000000000000000e+00 1.260126012601260094e-02 0.000000000000000000e+00 0.000000000000000000e+00
8.100810081008101224e-03 6.000600060006001067e-04 0.000000000000000000e+00 9.600960096009601707e-03 0.000000000000000000e+00 0.000000000000000000e+00 7.800780078007800954e-03 0.000000000000000000e+00 0.000000000000000000e+00 8.400840084008400627e-03 0.000000000000000000e+00 0.000000000000000000e+00
7.500750075007500683e-03 3.000300030003000534e-04 0.000000000000000000e+00 8.400840084008400627e-03 0.000000000000000000e+00 0.000000000000000000e+00 1.050105010501050165e-02 3.000300030003000534e-04 0.000000000000000000e+00 9.900990099009901110e-03 3.000300030003000534e-04 0.000000000000000000e+00
