8.799000000000000155e-01 8.669999999999999929e-01 8.692999999999999616e-01 8.611999999999999655e-01
7.193000000000000504e-01 7.156000000000000139e-01 7.355000000000000426e-01 7.531999999999999806e-01
6.296000000000000485e-01 6.189999999999999947e-01 6.303999999999999604e-01 5.944000000000000394e-01
4.822000000000000175e-01 4.701000000000000179e-01 4.927000000000000268e-01 4.647999999999999909e-01
4.329999999999999960e-01 4.228999999999999981e-01 4.168000000000000038e-01 4.457999999999999741e-01
3.644000000000000017e-01 3.472000000000000086e-01 3.472000000000000086e-01 3.564999999999999836e-01
2.833999999999999853e-01 2.837999999999999967e-01 2.813999999999999835e-01 2.796000000000000152e-01
2.338000000000000078e-01 2.268000000000000016e-01 2.283999999999999919e-01 2.436000000000000110e-01
2.016000000000000014e-01 1.826000000000000123e-01 1.774000000000000021e-01 2.255000000000000060e-01
1.678999999999999937e-01 1.658000000000000029e-01 1.630000000000000060e-01 1.582000000000000073e-01
1.342000000000000137e-01 1.373000000000000054e-01 1.200999999999999984e-01 1.317000000000000115e-01
1.129000000000000004e-01 1.098999999999999977e-01 9.990000000000000269e-02 1.072000000000000036e-01
9.030000000000000526e-02 1.033000000000000029e-01 1.039999999999999952e-01 8.690000000000000502e-02
7.459999999999999964e-02 6.610000000000000597e-02 8.770000000000000018e-02 7.850000000000000033e-02
6.130000000000000032e-02 5.430000000000000104e-02 6.400000000000000133e-02 6.710000000000000686e-02
5.179999999999999882e-02 4.959999999999999826e-02 5.079999999999999793e-02 4.460000000000000075e-02
3.570000000000000256e-02 3.819999999999999785e-02 3.960000000000000325e-02 4.569999999999999757e-02
3.230000000000000232e-02 3.849999999999999950e-02 2.869999999999999982e-02 3.479999999999999760e-02
3.509999999999999926e-02 2.479999999999999913e-02 2.850000000000000103e-02 2.809999999999999998e-02
2.750000000000000014e-02 2.259999999999999856e-02 2.350000000000000006e-02 2.089999999999999844e-02
1.909999999999999892e-02 1.830000000000000029e-02 1.930000000000000118e-02 1.919999999999999832e-02
1.729999999999999941e-02 1.450000000000000074e-02 1.420000000000000082e-02 1.720000000000000001e-02
1.430000000000000021e-02 1.280000000000000061e-02 1.359999999999999924e-02 1.280000000000000061e-02
1.179999999999999973e-02 8.300000000000000086e-03 1.050000000000000065e-02 8.800000000000000530e-03
7.300000000000000065e-03 8.999999999999999320e-03 8.099999999999999561e-03 9.299999999999999239e-03
