1.560000000000000000e+02 1.320000000000000000e+02 1.400000000000000000e+02 1.380000000000000000e+02
2.320000000000000000e+02 2.680000000000000000e+02 2.500000000000000000e+02 2.820000000000000000e+02
3.380000000000000000e+02 3.480000000000000000e+02 3.580000000000000000e+02 3.340000000000000000e+02
4.500000000000000000e+02 4.580000000000000000e+02 4.320000000000000000e+02 4.340000000000000000e+02
5.160000000000000000e+02 5.620000000000000000e+02 5.600000000000000000e+02 5.580000000000000000e+02
6.120000000000000000e+02 6.740000000000000000e+02 6.720000000000000000e+02 6.460000000000000000e+02
7.320000000000000000e+02 7.860000000000000000e+02 7.320000000000000000e+02 7.820000000000000000e+02
8.480000000000000000e+02 8.760000000000000000e+02 8.520000000000000000e+02 8.420000000000000000e+02
9.320000000000000000e+02 9.620000000000000000e+02 9.280000000000000000e+02 9.460000000000000000e+02
1.056000000000000000e+03 1.076000000000000000e+03 1.116000000000000000e+03 1.090000000000000000e+03
1.134000000000000000e+03 1.132000000000000000e+03 1.192000000000000000e+03 1.170000000000000000e+03
1.270000000000000000e+03 1.278000000000000000e+03 1.254000000000000000e+03 1.252000000000000000e+03
1.358000000000000000e+03 1.374000000000000000e+03 1.364000000000000000e+03 1.372000000000000000e+03
1.464000000000000000e+03 1.486000000000000000e+03 1.478000000000000000e+03 1.480000000000000000e+03
1.606000000000000000e+03 1.534000000000000000e+03 1.616000000000000000e+03 1.570000000000000000e+03
1.656000000000000000e+03 1.610000000000000000e+03 1.712000000000000000e+03 1.652000000000000000e+03
1.798000000000000000e+03 1.738000000000000000e+03 1.740000000000000000e+03 1.776000000000000000e+03
1.882000000000000000e+03 1.886000000000000000e+03 1.904000000000000000e+03 1.834000000000000000e+03
2.044000000000000000e+03 1.976000000000000000e+03 1.970000000000000000e+03 2.010000000000000000e+03
2.112000000000000000e+03 2.086000000000000000e+03 2.058000000000000000e+03 2.136000000000000000e+03
2.164000000000000000e+03 2.132000000000000000e+03 2.154000000000000000e+03 2.208000000000000000e+03
2.270000000000000000e+03 2.238000000000000000e+03 2.250000000000000000e+03 2.268000000000000000e+03
2.362000000000000000e+03 2.400000000000000000e+03 2.354000000000000000e+03 2.390000000000000000e+03
2.484000000000000000e+03 2.550000000000000000e+03 2.534000000000000000e+03 2.560000000000000000e+03
2.518000000000000000e+03 2.646000000000000000e+03 2.620000000000000000e+03 2.638000000000000000e+03
