9.639963996399630863e-01 9.495949594959495199e-01 9.828982898289827519e-01 9.564956495649560297e-01
9.543954395439540050e-01 9.285928592859281627e-01 9.588958895889586609e-01 9.465946594659460089e-01
8.976897689768985611e-01 8.973897389738977326e-01 8.700870087008703013e-01 9.027902790279034306e-01
7.845784578457853931e-01 7.404740474047409871e-01 8.652865286528657052e-01 7.614761476147616781e-01
8.427842784278436472e-01 7.488748874887490858e-01 7.533753375337538527e-01 7.467746774677473942e-01
6.822682268226830660e-01 7.194719471947200740e-01 7.386738673867394578e-01 6.930693069306939069e-01
6.342634263426352170e-01 6.090609060906099215e-01 6.183618361836189514e-01 6.417641764176428287e-01
5.052505250525058944e-01 5.793579357935799701e-01 5.145514551455152574e-01 5.550555055505558277e-01
5.190519051905198022e-01 4.395439543954403616e-01 4.419441944194425487e-01 4.992499249924999272e-01
3.963396339633969423e-01 3.813381338133820520e-01 4.074407440744080011e-01 4.002400240024008848e-01
3.459345934593464622e-01 3.306330633063309654e-01 2.973297329732976779e-01 3.747374737473752604e-01
2.724272427242728778e-01 3.138313831383142682e-01 2.817281728172822408e-01 2.880288028802884814e-01
2.304230423042308018e-01 2.673267326732677307e-01 2.628262826282632414e-01 2.319231923192323352e-01
2.661266126612665261e-01 2.052205220522055618e-01 2.193219321932195764e-01 1.950195019501953786e-01
1.758175817581761335e-01 1.680168016801683317e-01 1.587158715871589965e-01 1.899189918991902593e-01
1.377137713771379723e-01 1.470147014701472521e-01 1.449144914491451719e-01 1.269126912691271036e-01
1.134113411341135802e-01 1.116111611161117734e-01 1.053105310531054495e-01 1.089108910891090909e-01
9.540954095409558133e-02 9.810981098109827769e-02 9.630963096309648475e-02 1.191119111911193157e-01
6.840684068406853446e-02 7.830783078307844425e-02 9.630963096309645699e-02 8.910891089108927132e-02
8.640864086408661660e-02 5.490549054905502491e-02 6.480648064806490694e-02 5.940594059405950728e-02
6.150615061506161524e-02 6.030603060306041763e-02 5.760576057605769351e-02 6.330633063306342900e-02
6.390639063906401740e-02 3.960396039603968077e-02 4.440444044404447815e-02 4.410441044104419089e-02
4.050405040504054949e-02 4.950495049504959749e-02 2.880288028802884329e-02 3.780378037803788088e-02
2.250225022502254021e-02 2.880288028802885716e-02 2.340234023402345404e-02 2.520252025202524351e-02
2.160216021602163333e-02 2.520252025202524351e-02 3.060306030603065358e-02 2.880288028802885023e-02
