9.543954395439544491e-01 9.330933093309330406e-01 9.048904890489049002e-01 9.393939393939394478e-01 9.069906990699070359e-01 8.655865586558655345e-01 9.393939393939394478e-01 8.760876087608761020e-01 8.469846984698470305e-01 9.567956795679567472e-01 9.168916891689169457e-01 9.105910591059105386e-01
8.598859885988598961e-01 7.818781878187819334e-01 6.801680168016801531e-01 8.613861386138613740e-01 7.596759675967597047e-01 6.810681068106810843e-01 8.715871587158715572e-01 7.500750075007500683e-01 6.840684068406840401e-01 8.865886588658865586e-01 8.250825082508250752e-01 7.245724572457246104e-01
8.070807080708071179e-01 6.663666366636663563e-01 5.535553555355535726e-01 8.169816981698170277e-01 6.900690069006900629e-01 5.892589258925892137e-01 8.250825082508250752e-01 7.029702970297029285e-01 5.994599459945995079e-01 8.547854785478548045e-01 7.275727572757275663e-01 6.732673267326733102e-01
8.331833183318332336e-01 7.140714071407140429e-01 5.898589858985898715e-01 7.647764776477647963e-01 6.345634563456346022e-01 5.253525352535253212e-01 7.710771077107710925e-01 6.255625562556255126e-01 4.872487248724872710e-01 8.082808280828083225e-01 6.705670567056705167e-01 5.439543954395439362e-01
7.746774677467747061e-01 5.958595859585958943e-01 4.908490849084908292e-01 7.536753675367536820e-01 5.841584158415841221e-01 4.338433843384338351e-01 7.179717971797179299e-01 5.100510051005100465e-01 3.702370237023702160e-01 7.074707470747074733e-01 4.944494449444944428e-01 3.414341434143414178e-01
6.771677167716771972e-01 4.740474047404740210e-01 3.168316831683168355e-01 6.732673267326733102e-01 4.719471947194719408e-01 3.267326732673267453e-01 6.336633663366336711e-01 4.335433543354335617e-01 3.075307530753075280e-01 6.543654365436543108e-01 4.389438943894389267e-01 3.132313231323132219e-01
6.213621362136213522e-01 4.014401440144014233e-01 2.595259525952595125e-01 6.351635163516351490e-01 4.185418541854185603e-01 2.790279027902790032e-01 6.402640264026402406e-01 4.323432343234323572e-01 2.832283228322832191e-01 6.198619861986198742e-01 4.038403840384038324e-01 2.619261926192619216e-01
5.913591359135913494e-01 3.642364236423642487e-01 2.157215721572157130e-01 6.117611761176117158e-01 3.879387938793879553e-01 2.439243924392439367e-01 5.604560456045604155e-01 3.183318331833183135e-01 1.698169816981698055e-01 5.994599459945995079e-01 3.594359435943594305e-01 2.199219921992199289e-01
5.610561056105610733e-01 3.468346834683468383e-01 2.103210321032103203e-01 5.451545154515451408e-01 3.195319531953195180e-01 1.860186018601860114e-01 5.628562856285628246e-01 3.153315331533153576e-01 1.866186618661866137e-01 6.510651065106510815e-01 4.371437143714371198e-01 2.826282628262826169e-01
4.767476747674767590e-01 2.409240924092409253e-01 1.266126612661266082e-01 5.043504350435042971e-01 2.568256825682568301e-01 1.563156315631563098e-01 4.926492649264926360e-01 2.718271827182718314e-01 1.548154815481548041e-01 5.376537653765376401e-01 3.123312331233123462e-01 1.755175517551755271e-01
4.761476147614761567e-01 2.511251125112511362e-01 1.293129312931293184e-01 4.764476447644764301e-01 2.409240924092409253e-01 1.200120012001200109e-01 4.677467746774677249e-01 2.301230123012301121e-01 1.182118211821182180e-01 4.659465946594659735e-01 2.367236723672367371e-01 1.272127212721272105e-01
4.638463846384638378e-01 2.163216321632163153e-01 1.098109810981098139e-01 4.308430843084308237e-01 2.151215121512151107e-01 1.044104410441044073e-01 4.545454545454545303e-01 2.298229822982298109e-01 1.080108010801080071e-01 4.614461446144614287e-01 2.196219621962196278e-01 1.074107410741074048e-01
4.425442544254425403e-01 2.244224422442244182e-01 1.083108310831083082e-01 3.423342334233423490e-01 1.236123612361236107e-01 5.130513051305130717e-02 4.464446444644464274e-01 2.214221422142214346e-01 9.570957095709571594e-02 4.158415841584158223e-01 2.064206420642064332e-01 1.020102010201020121e-01
3.564356435643564192e-01 1.410141014101410073e-01 5.130513051305130717e-02 3.642364236423642487e-01 1.566156615661566109e-01 7.200720072007200934e-02 3.837383738373837394e-01 1.626162616261626059e-01 7.110711071107110592e-02 3.459345934593459071e-01 1.380138013801380237e-01 5.280528052805280592e-02
3.612361236123612374e-01 1.368136813681368191e-01 5.460546054605460581e-02 3.630363036303630442e-01 1.284128412841284150e-01 6.330633063306330410e-02 3.264326432643264164e-01 1.041104110411041062e-01 3.930393039303930330e-02 3.117311731173117439e-01 1.149114911491149055e-01 4.380438043804380649e-02
3.180318031803180401e-01 1.044104410441044073e-01 4.200420042004200660e-02 3.489348934893489185e-01 1.317131713171316998e-01 5.130513051305130717e-02 3.177317731773177112e-01 1.167116711671167123e-01 3.810381038103810569e-02 3.255325532553255408e-01 1.221122112211221189e-01 3.330333033303330137e-02
3.030303030303030387e-01 1.038103810381038050e-01 3.780378037803780455e-02 3.093309330933093348e-01 9.540954095409541480e-02 3.990399039903990558e-02 3.123312331233123462e-01 9.900990099009901457e-02 4.110411041104110319e-02 3.234323432343234050e-01 1.257125712571257048e-01 5.520552055205520808e-02
2.892289228922892419e-01 1.053105310531053107e-01 4.350435043504350535e-02 2.955295529552955380e-01 1.041104110411041062e-01 3.540354035403540239e-02 2.763276327632763207e-01 7.800780078007800433e-02 2.280228022802280319e-02 2.691269126912691489e-01 7.650765076507651252e-02 2.850285028502850398e-02
2.508250825082508073e-01 7.140714071407140706e-02 2.550255025502550302e-02 3.090309030903090060e-01 1.113111311131113057e-01 3.750375037503750342e-02 2.622262226222622505e-01 7.440744074407440456e-02 2.880288028802880165e-02 3.108310831083108128e-01 1.119111911191119080e-01 3.750375037503750342e-02
2.832283228322832191e-01 9.480948094809481252e-02 3.420342034203420478e-02 2.343234323432343280e-01 5.370537053705370240e-02 2.250225022502250205e-02 2.310231023102310155e-01 5.970597059705970433e-02 1.920192019201920341e-02 2.172217221722172187e-01 5.880588058805880786e-02 2.310231023102310086e-02
2.220222022202220091e-01 5.730573057305730911e-02 1.350135013501350088e-02 2.109210921092109225e-01 5.370537053705370240e-02 1.590159015901590131e-02 2.346234623462346292e-01 5.370537053705370240e-02 1.770177017701770120e-02 2.199219921992199289e-01 6.690669066906690388e-02 1.620162016201620245e-02
2.454245424542454146e-01 6.330633063306330410e-02 2.490249024902490421e-02 2.148214821482148096e-01 5.100510051005100604e-02 1.200120012001200040e-02 2.061206120612061321e-01 4.710471047104710512e-02 2.190219021902190324e-02 2.166216621662166164e-01 5.670567056705670683e-02 2.040204020402040103e-02
1.638163816381638105e-01 2.730273027302730290e-02 1.230123012301230154e-02 2.094209420942094169e-01 5.670567056705670683e-02 1.680168016801680125e-02 1.971197119711971257e-01 5.370537053705370240e-02 1.590159015901590131e-02 2.334233423342334246e-01 6.420642064206420752e-02 1.920192019201920341e-02
1.755175517551755271e-01 3.750375037503750342e-02 1.230123012301230154e-02 1.638163816381638105e-01 3.660366036603660694e-02 1.110111011101110046e-02 1.833183318331833289e-01 3.150315031503150148e-02 1.170117011701170100e-02 1.812181218121812210e-01 4.380438043804380649e-02 1.470147014701470196e-02
1.536153615361536273e-01 3.270327032703270603e-02 7.200720072007200413e-03 1.710171017101710100e-01 3.900390039003900217e-02 1.680168016801680125e-02 1.614161416141614291e-01 2.940294029402940393e-02 9.900990099009901110e-03 1.692169216921692032e-01 3.780378037803780455e-02 1.110111011101110046e-02
1.446144614461446209e-01 3.150315031503150148e-02 6.300630063006300470e-03 1.410141014101410073e-01 3.300330033003300023e-02 7.800780078007800954e-03 1.761176117611761294e-01 3.420342034203420478e-02 1.110111011101110046e-02 1.404140414041404050e-01 3.060306030603060154e-02 9.900990099009901110e-03
1.488148814881488091e-01 2.790279027902790171e-02 8.400840084008400627e-03 1.434143414341434164e-01 1.920192019201920341e-02 5.700570057005700797e-03 1.230123012301230084e-01 2.040204020402040103e-02 8.100810081008101224e-03 1.464146414641464278e-01 2.070207020702070216e-02 8.100810081008101224e-03
1.194119411941194087e-01 1.500150015001500137e-02 7.200720072007200413e-03 1.353135313531353134e-01 2.400240024002400080e-02 7.500750075007500683e-03 1.545154515451545030e-01 2.880288028802880165e-02 9.000900090009001167e-03 1.383138313831383248e-01 2.370237023702370313e-02 9.900990099009901110e-03
1.248124812481248153e-01 2.010201020102010336e-02 7.800780078007800954e-03 1.182118211821182180e-01 1.950195019501950108e-02 5.400540054005400527e-03 1.440144014401440187e-01 2.130213021302130097e-02 8.400840084008400627e-03 1.164116411641164112e-01 2.070207020702070216e-02 6.300630063006300470e-03
1.068106810681068164e-01 1.350135013501350088e-02 6.000600060006000200e-03 1.131113111311131125e-01 1.560156015601560191e-02 3.600360036003600207e-03 1.206120612061206132e-01 2.400240024002400080e-02 5.100510051005100257e-03 1.314131413141314264e-01 2.700270027002700177e-02 7.500750075007500683e-03
1.152115211521152066e-01 1.800180018001800233e-02 6.600660066006600740e-03 1.104110411041104162e-01 1.920192019201920341e-02 6.900690069006901010e-03 1.047104710471047084e-01 1.170117011701170100e-02 5.700570057005700797e-03 1.074107410741074048e-01 1.620162016201620245e-02 5.400540054005400527e-03
9.450945094509451139e-02 1.380138013801380202e-02 5.400540054005400527e-03 8.820882088208821525e-02 8.700870087008700030e-03 4.500450045004500584e-03 8.850885088508850251e-02 1.050105010501050165e-02 5.700570057005700797e-03 1.047104710471047084e-01 1.860186018601860114e-02 5.400540054005400527e-03
1.032103210321032166e-01 1.650165016501650012e-02 8.700870087008700030e-03 9.510951095109511366e-02 1.320132013201320148e-02 7.500750075007500683e-03 8.910891089108910479e-02 1.080108010801080105e-02 6.000600060006000200e-03 8.460846084608460160e-02 1.080108010801080105e-02 3.300330033003300370e-03
7.680768076807681366e-02 1.440144014401440083e-02 3.300330033003300370e-03 9.240924092409240342e-02 9.900990099009901110e-03 5.400540054005400527e-03 9.690969096909690661e-02 1.590159015901590131e-02 4.800480048004800854e-03 1.014101410141014098e-01 1.590159015901590131e-02 6.600660066006600740e-03
9.240924092409240342e-02 1.380138013801380202e-02 7.200720072007200413e-03 7.530753075307530797e-02 9.300930093009300570e-03 3.600360036003600207e-03 7.320732073207321389e-02 1.110111011101110046e-02 3.900390039003900477e-03 6.240624062406240763e-02 7.800780078007800954e-03 3.900390039003900477e-03
5.340534053405340820e-02 6.900690069006901010e-03 2.400240024002400427e-03 6.240624062406240763e-02 7.500750075007500683e-03 6.000600060006000200e-03 6.780678067806780729e-02 9.000900090009001167e-03 3.300330033003300370e-03 8.370837083708371207e-02 7.500750075007500683e-03 4.200420042004200313e-03
8.760876087608761298e-02 1.050105010501050165e-02 5.700570057005700797e-03 7.230723072307231047e-02 1.080108010801080105e-02 3.000300030003000100e-03 5.820582058205820558e-02 9.600960096009601707e-03 7.200720072007200413e-03 7.770777077707770319e-02 1.170117011701170100e-02 6.300630063006300470e-03
6.780678067806780729e-02 6.300630063006300470e-03 1.800180018001800103e-03 6.420642064206420752e-02 9.000900090009001167e-03 4.500450045004500584e-03 7.380738073807380228e-02 9.300930093009300570e-03 3.600360036003600207e-03 7.320732073207321389e-02 9.300930093009300570e-03 3.600360036003600207e-03
6.480648064806480979e-02 1.140114011401140159e-02 4.200420042004200313e-03 4.830483048304830274e-02 6.300630063006300470e-03 5.400540054005400527e-03 6.870687068706871070e-02 6.300630063006300470e-03 2.100210021002100157e-03 6.720672067206720501e-02 1.050105010501050165e-02 3.600360036003600207e-03
5.790579057905790444e-02 8.700870087008700030e-03 3.600360036003600207e-03 4.950495049504950729e-02 7.500750075007500683e-03 4.800480048004800854e-03 6.150615061506150422e-02 5.100510051005100257e-03 4.500450045004500584e-03 5.460546054605460581e-02 4.200420042004200313e-03 3.600360036003600207e-03
