6.200000000000000000e+01 5.800000000000000000e+01 4.600000000000000000e+01 5.400000000000000000e+01
9.400000000000000000e+01 9.800000000000000000e+01 8.800000000000000000e+01 1.080000000000000000e+02
1.340000000000000000e+02 1.340000000000000000e+02 1.520000000000000000e+02 1.540000000000000000e+02
2.140000000000000000e+02 1.980000000000000000e+02 1.920000000000000000e+02 2.000000000000000000e+02
2.460000000000000000e+02 2.120000000000000000e+02 2.220000000000000000e+02 2.020000000000000000e+02
2.740000000000000000e+02 2.580000000000000000e+02 2.700000000000000000e+02 2.460000000000000000e+02
3.260000000000000000e+02 2.840000000000000000e+02 3.000000000000000000e+02 2.980000000000000000e+02
3.480000000000000000e+02 3.700000000000000000e+02 3.200000000000000000e+02 3.820000000000000000e+02
3.940000000000000000e+02 3.760000000000000000e+02 4.060000000000000000e+02 4.280000000000000000e+02
4.120000000000000000e+02 4.160000000000000000e+02 4.240000000000000000e+02 4.540000000000000000e+02
4.760000000000000000e+02 4.480000000000000000e+02 4.780000000000000000e+02 5.100000000000000000e+02
5.200000000000000000e+02 5.060000000000000000e+02 5.200000000000000000e+02 5.020000000000000000e+02
5.960000000000000000e+02 5.040000000000000000e+02 5.860000000000000000e+02 5.600000000000000000e+02
5.820000000000000000e+02 6.000000000000000000e+02 6.060000000000000000e+02 5.780000000000000000e+02
6.460000000000000000e+02 6.440000000000000000e+02 6.560000000000000000e+02 6.160000000000000000e+02
6.960000000000000000e+02 6.760000000000000000e+02 6.800000000000000000e+02 6.760000000000000000e+02
7.180000000000000000e+02 7.320000000000000000e+02 7.480000000000000000e+02 7.540000000000000000e+02
7.980000000000000000e+02 7.980000000000000000e+02 7.640000000000000000e+02 7.780000000000000000e+02
7.540000000000000000e+02 7.940000000000000000e+02 8.120000000000000000e+02 8.080000000000000000e+02
8.680000000000000000e+02 8.280000000000000000e+02 8.280000000000000000e+02 8.780000000000000000e+02
8.540000000000000000e+02 8.600000000000000000e+02 8.800000000000000000e+02 9.100000000000000000e+02
9.560000000000000000e+02 9.220000000000000000e+02 9.560000000000000000e+02 9.280000000000000000e+02
8.980000000000000000e+02 1.024000000000000000e+03 9.600000000000000000e+02 9.860000000000000000e+02
1.008000000000000000e+03 1.042000000000000000e+03 1.012000000000000000e+03 1.036000000000000000e+03
1.028000000000000000e+03 1.118000000000000000e+03 1.036000000000000000e+03 1.088000000000000000e+03
1.112000000000000000e+03 1.066000000000000000e+03 1.106000000000000000e+03 1.078000000000000000e+03
1.150000000000000000e+03 1.108000000000000000e+03 1.110000000000000000e+03 1.132000000000000000e+03
1.200000000000000000e+03 1.182000000000000000e+03 1.224000000000000000e+03 1.128000000000000000e+03
1.244000000000000000e+03 1.214000000000000000e+03 1.286000000000000000e+03 1.226000000000000000e+03
1.240000000000000000e+03 1.280000000000000000e+03 1.286000000000000000e+03 1.304000000000000000e+03
1.310000000000000000e+03 1.326000000000000000e+03 1.278000000000000000e+03 1.312000000000000000e+03
1.302000000000000000e+03 1.340000000000000000e+03 1.326000000000000000e+03 1.368000000000000000e+03
1.404000000000000000e+03 1.358000000000000000e+03 1.398000000000000000e+03 1.364000000000000000e+03
1.454000000000000000e+03 1.446000000000000000e+03 1.506000000000000000e+03 1.470000000000000000e+03
1.526000000000000000e+03 1.496000000000000000e+03 1.416000000000000000e+03 1.452000000000000000e+03
1.458000000000000000e+03 1.518000000000000000e+03 1.488000000000000000e+03 1.520000000000000000e+03
1.612000000000000000e+03 1.626000000000000000e+03 1.572000000000000000e+03 1.596000000000000000e+03
1.576000000000000000e+03 1.578000000000000000e+03 1.642000000000000000e+03 1.712000000000000000e+03
1.682000000000000000e+03 1.614000000000000000e+03 1.692000000000000000e+03 1.620000000000000000e+03
1.650000000000000000e+03 1.660000000000000000e+03 1.726000000000000000e+03 1.676000000000000000e+03
