9.687968796879689037e-01 9.627962796279622149e-01 1.036903690369036735e+00 1.030303030303028722e+00
9.141914191419133751e-01 9.861986198619859811e-01 1.048604860486047841e+00 9.090909090909083945e-01
9.756975697569750805e-01 9.699969996999701083e-01 9.657965796579661699e-01 1.054905490549054692e+00
9.471947194719463337e-01 9.159915991599153484e-01 9.237923792379237886e-01 9.570957095709567986e-01
1.027302730273026876e+00 9.423942394239420706e-01 9.939993999399929780e-01 9.804980498049806759e-01
9.261926192619264198e-01 9.306930693069299654e-01 9.078907890789079671e-01 9.594959495949590966e-01
9.192919291929190218e-01 9.288928892889285471e-01 9.069906990699062588e-01 9.099909990999098808e-01
8.970897089708966821e-01 9.153915391539152457e-01 8.961896189618959729e-01 9.399939993999405496e-01
8.529852985298530532e-01 8.628862886288628520e-01 9.291929192919285985e-01 9.243924392439245574e-01
8.340834083408343869e-01 8.988898889888992105e-01 8.172817281728171901e-01 8.514851485148514643e-01
8.043804380438043244e-01 8.265826582658265531e-01 8.310831083108313200e-01 8.148814881488153361e-01
8.523852385238522844e-01 7.515751575157517683e-01 7.821782178217819848e-01 8.328832883288328492e-01
7.626762676267631047e-01 7.074707470747076954e-01 7.707770777077710411e-01 7.302730273027303598e-01
6.975697569756974525e-01 6.948694869486949921e-01 7.344734473447346312e-01 6.765676567656769835e-01
7.278727872787280617e-01 7.671767176717674275e-01 7.062706270627068239e-01 6.342634263426345509e-01
6.828682868286832797e-01 7.029702970297028175e-01 6.411641164116412828e-01 6.435643564356439139e-01
6.354635463546356444e-01 6.816681668166816310e-01 6.810681068106813063e-01 6.483648364836486211e-01
5.952595259525953475e-01 6.096609660966098021e-01 6.177617761776184047e-01 6.063606360636069059e-01
5.637563756375639779e-01 6.306630663066309372e-01 5.922592259225923916e-01 6.342634263426346619e-01
5.994599459945998410e-01 5.643564356435649687e-01 5.331533153315333173e-01 4.983498349834987184e-01
5.076507650765078594e-01 4.875487548754877665e-01 5.604560456045606376e-01 4.752475247524755031e-01
5.712571257125713675e-01 5.034503450345036990e-01 4.989498949894990987e-01 5.001500150015002477e-01
4.218421842184221227e-01 4.749474947494752297e-01 4.461446144614463760e-01 5.268526852685272432e-01
4.263426342634268340e-01 3.927392739273929956e-01 4.671467146714674556e-01 4.269426942694270477e-01
3.699369936993700536e-01 4.128412841284130330e-01 4.059405940594061901e-01 4.053405340534055878e-01
3.456345634563459113e-01 3.318331833183321145e-01 4.368436843684370685e-01 3.393339333933395596e-01
3.711371137113713692e-01 3.783378337833785965e-01 3.159315931593161264e-01 3.852385238523855504e-01
3.204320432043207267e-01 3.414341434143416398e-01 3.861386138613864261e-01 3.537353735373539587e-01
3.219321932193222602e-01 3.015301530153017273e-01 3.765376537653767897e-01 2.934293429342937354e-01
2.859285928592860682e-01 2.961296129612963624e-01 2.949294929492950468e-01 3.207320732073211111e-01
2.982298229822984426e-01 2.805280528052807032e-01 2.847284728472848081e-01 2.790279027902791698e-01
2.475247524752477168e-01 2.430243024302431998e-01 2.397239723972398595e-01 2.637263726372640060e-01
2.688268826882690421e-01 2.532253225322533829e-01 2.409240924092411751e-01 2.247224722472248859e-01
1.905190519051907228e-01 2.529252925292532206e-01 2.478247824782479902e-01 2.631263126312632927e-01
2.430243024302432275e-01 2.016201620162017538e-01 1.902190219021903939e-01 1.677167716771678363e-01
1.419141914191420217e-01 1.707170717071708199e-01 1.797179717971798263e-01 2.328232823282329611e-01
2.370237023702372881e-01 1.875187518751877114e-01 1.530153015301531361e-01 2.043204320432044363e-01
1.863186318631863958e-01 1.701170117011703009e-01 1.971197119711972645e-01 1.953195319531954022e-01
1.644164416441645793e-01 1.314131413141315652e-01 1.893189318931894904e-01 1.737173717371738590e-01
1.512151215121513292e-01 1.308130813081309352e-01 1.737173717371738590e-01 1.548154815481548874e-01
