9.402940294029392687e-01 9.897989798979887066e-01 9.732973297329734486e-01 9.504950495049495629e-01
9.657965796579650597e-01 9.405940594059392090e-01 9.012901290129007315e-01 9.537953795379531252e-01
9.084908490849076257e-01 9.561956195619564225e-01 1.028802880288028243e+00 9.003900390039002444e-01
9.561956195619556453e-01 9.354935493549351166e-01 9.453945394539452485e-01 9.111911191119111963e-01
9.849984998499849986e-01 8.670867086708674565e-01 9.054905490549053360e-01 9.051905190519052846e-01
8.979897989798981683e-01 9.342934293429338011e-01 8.472847284728476369e-01 8.565856585658568889e-01
8.982898289828984417e-01 8.310831083108313200e-01 8.046804680468044868e-01 8.310831083108304318e-01
8.076807680768076647e-01 7.839783978397840691e-01 8.115811581158118848e-01 8.172817281728171901e-01
7.563756375637562535e-01 8.199819981998205387e-01 7.836783678367839068e-01 7.503750375037506748e-01
6.999699969997005278e-01 7.635763576357638138e-01 7.293729372937296507e-01 7.185718571857190318e-01
7.554755475547555443e-01 6.381638163816384379e-01 6.303630363036306639e-01 6.492649264926495523e-01
6.261626162616265034e-01 5.910591059105914091e-01 5.703570357035705474e-01 6.252625262526253502e-01
5.520552055205524278e-01 5.589558955895590486e-01 5.919591959195923403e-01 5.775577557755778857e-01
5.238523852385241764e-01 5.139513951395141556e-01 5.562556255625566992e-01 5.703570357035707694e-01
5.130513051305133354e-01 5.574557455745576817e-01 4.776477647764779122e-01 5.121512151215124042e-01
5.577557755775580661e-01 4.755475547554757765e-01 5.172517251725173848e-01 4.242424242424245318e-01
4.068406840684071213e-01 3.948394839483950758e-01 4.860486048604862885e-01 4.491449144914494429e-01
3.678367836783681954e-01 3.621362136213623906e-01 3.702370237023706601e-01 3.333333333333335924e-01
3.270327032703271297e-01 3.480348034803482649e-01 3.519351935193520409e-01 3.324332433243326057e-01
3.009300930093011250e-01 3.063306330633064900e-01 2.703270327032705755e-01 3.483348334833485938e-01
2.769276927692771451e-01 2.484248424842486203e-01 2.748274827482751759e-01 2.934293429342936799e-01
2.097209720972098013e-01 2.715271527152716136e-01 2.754275427542756116e-01 2.901290129012904506e-01
2.244224422442246680e-01 2.436243624362438576e-01 2.127212721272129792e-01 2.112211221122113347e-01
2.274227422742275684e-01 1.938193819381939798e-01 2.178217821782179320e-01 2.250225022502251870e-01
2.058205820582059420e-01 1.911191119111912418e-01 2.079207920792080500e-01 1.656165616561657283e-01
1.599159915991600345e-01 1.728172817281728724e-01 1.767176717671768149e-01 1.452145214521453898e-01
1.491149114911492213e-01 1.593159315931594600e-01 1.386138613861387092e-01 1.449144914491450886e-01
1.359135913591359712e-01 1.266126612661267192e-01 1.554155415541555729e-01 1.140114011401141131e-01
1.308130813081309352e-01 1.116111611161116624e-01 1.356135613561357256e-01 1.140114011401140992e-01
1.122112211221122785e-01 1.044104410441044906e-01 1.197119711971198486e-01 8.250825082508256303e-02
