9.258925892589259243e-01 8.763876387638763754e-01 8.466846684668466461e-01 9.198919891989199016e-01 8.868886888688869430e-01 8.370837083708371207e-01 9.141914191419141522e-01 8.880888088808880365e-01 8.475847584758475772e-01 9.048904890489049002e-01 8.454845484548454415e-01 7.893789378937894341e-01
8.145814581458146186e-01 6.879687968796879272e-01 5.928592859285928274e-01 8.082808280828083225e-01 6.861686168616861758e-01 5.748574857485748701e-01 8.361836183618361895e-01 7.119711971197120182e-01 6.159615961596159872e-01 8.139813981398139608e-01 6.951695169516951545e-01 5.826582658265826442e-01
7.383738373837384072e-01 5.715571557155715299e-01 4.491449144914491654e-01 7.320732073207321111e-01 5.304530453045304128e-01 4.140414041404140155e-01 7.623762376237623872e-01 5.862586258625862579e-01 4.410441044104410624e-01 7.164716471647164520e-01 5.493549354935493012e-01 4.305430543054305503e-01
6.579657965796579244e-01 4.551455145514551326e-01 3.255325532553255408e-01 6.456645664566457166e-01 4.326432643264326305e-01 2.916291629162916510e-01 6.798679867986798797e-01 4.473447344734473585e-01 3.249324932493249385e-01 6.921692169216921986e-01 4.596459645964596219e-01 3.504350435043504519e-01
6.102610261026102378e-01 3.897389738973897622e-01 2.367236723672367371e-01 6.033603360336033949e-01 3.723372337233723517e-01 2.322232223222322200e-01 6.153615361536153294e-01 3.807380738073807280e-01 2.391239123912391185e-01 6.162616261626162606e-01 4.005400540054005476e-01 2.550255025502550232e-01
5.322532253225322751e-01 2.943294329432943335e-01 1.875187518751875171e-01 5.247524752475247745e-01 2.895289528952895153e-01 1.725172517251725157e-01 5.223522352235223654e-01 2.943294329432943335e-01 1.890189018901890228e-01 5.151515151515151381e-01 2.931293129312931289e-01 1.638163816381638105e-01
5.133513351335133867e-01 2.859285928592859016e-01 1.542154215421542018e-01 4.980498049804980565e-01 2.625262526252625239e-01 1.560156015601560087e-01 5.274527452745274569e-01 2.964296429642964137e-01 1.716171617161716123e-01 4.752475247524752255e-01 2.478247824782478237e-01 1.317131713171316998e-01
4.314431443144314260e-01 2.148214821482148096e-01 9.420942094209421025e-02 3.999399939993999453e-01 1.581158115811581166e-01 7.380738073807380228e-02 4.239423942394239253e-01 1.926192619261926087e-01 9.150915091509151389e-02 4.014401440144014233e-01 1.671167116711671230e-01 7.230723072307231047e-02
3.795379537953795235e-01 1.428142814281428141e-01 6.180618061806180535e-02 3.969396939693969339e-01 1.749174917491749248e-01 8.130813081308130297e-02 3.693369336933693403e-01 1.353135313531353134e-01 5.370537053705370240e-02 3.852385238523852173e-01 1.530153015301530250e-01 7.170717071707170820e-02
3.330333033303330414e-01 1.236123612361236107e-01 4.530453045304530524e-02 3.231323132313231317e-01 1.113111311131113057e-01 4.230423042304230080e-02 3.438343834383438269e-01 1.179117911791179169e-01 4.530453045304530524e-02 3.261326132613261430e-01 1.065106510651065153e-01 4.260426042604260194e-02
2.886288628862886396e-01 1.011101110111011087e-01 3.180318031803180262e-02 3.057305730573057212e-01 1.065106510651065153e-01 3.570357035703570353e-02 2.895289528952895153e-01 9.720972097209720775e-02 3.600360036003600467e-02 3.129312931293129485e-01 9.810981098109811116e-02 2.790279027902790171e-02
2.631263126312631262e-01 7.260726072607261161e-02 2.910291029102910279e-02 2.757275727572757185e-01 8.640864086408640843e-02 2.520252025202520188e-02 2.628262826282628528e-01 8.550855085508550502e-02 2.520252025202520188e-02 2.784278427842784009e-01 8.280828082808280866e-02 2.550255025502550302e-02
2.637263726372637285e-01 8.040804080408041343e-02 2.550255025502550302e-02 2.757275727572757185e-01 8.040804080408041343e-02 2.100210021002100330e-02 2.451245124512451135e-01 6.960696069606960024e-02 1.740174017401740006e-02 2.334233423342334246e-01 5.100510051005100604e-02 1.590159015901590131e-02
1.809180918091809198e-01 3.390339033903390364e-02 7.800780078007800954e-03 2.271227122712271285e-01 5.310531053105310706e-02 1.650165016501650012e-02 2.349234923492349303e-01 5.280528052805280592e-02 1.260126012601260094e-02 1.812181218121812210e-01 3.960396039603960444e-02 5.100510051005100257e-03
1.854185418541854091e-01 4.080408040804080205e-02 4.200420042004200313e-03 1.869186918691869148e-01 3.870387038703870103e-02 7.800780078007800954e-03 1.677167716771677253e-01 3.210321032103210376e-02 6.600660066006600740e-03 1.929192919291929098e-01 4.470447044704470296e-02 9.000900090009001167e-03
1.869186918691869148e-01 4.230423042304230080e-02 1.080108010801080105e-02 1.626162616261626059e-01 2.610261026102610182e-02 4.500450045004500584e-03 1.473147314731473034e-01 2.580258025802580416e-02 4.200420042004200313e-03 1.758175817581758282e-01 3.480348034803480012e-02 9.900990099009901110e-03
1.644164416441644128e-01 2.880288028802880165e-02 4.800480048004800854e-03 1.515151515151515194e-01 2.490249024902490421e-02 7.200720072007200413e-03 1.389138913891389271e-01 2.280228022802280319e-02 4.500450045004500584e-03 1.410141014101410073e-01 2.250225022502250205e-02 5.400540054005400527e-03
1.284128412841284150e-01 1.800180018001800233e-02 3.900390039003900477e-03 1.248124812481248153e-01 1.470147014701470196e-02 3.000300030003000100e-03 1.365136513651365180e-01 1.680168016801680125e-02 5.100510051005100257e-03 1.308130813081308241e-01 2.430243024302430194e-02 6.000600060006000200e-03
1.062106210621062141e-01 1.260126012601260094e-02 1.800180018001800103e-03 1.293129312931293184e-01 1.740174017401740006e-02 3.600360036003600207e-03 1.050105010501050096e-01 1.110111011101110046e-02 6.000600060006001067e-04 1.023102310231023132e-01 1.410141014101410142e-02 9.000900090009000517e-04
1.113111311131113057e-01 1.560156015601560191e-02 1.500150015001500050e-03 1.107110711071107173e-01 1.230123012301230154e-02 2.100210021002100157e-03 9.840984098409841230e-02 1.380138013801380202e-02 1.200120012001200213e-03 1.053105310531053107e-01 8.700870087008700030e-03 9.000900090009000517e-04
9.540954095409541480e-02 9.300930093009300570e-03 1.200120012001200213e-03 8.880888088808880365e-02 9.900990099009901110e-03 2.100210021002100157e-03 9.330933093309330684e-02 1.110111011101110046e-02 9.000900090009000517e-04 9.690969096909690661e-02 9.600960096009601707e-03 3.900390039003900477e-03
8.700870087008701070e-02 1.140114011401140159e-02 9.000900090009000517e-04 7.980798079807981116e-02 9.600960096009601707e-03 9.000900090009000517e-04 8.220822082208220638e-02 9.300930093009300570e-03 3.000300030003000534e-04 8.580858085808580615e-02 8.100810081008101224e-03 3.000300030003000534e-04
6.750675067506750615e-02 6.300630063006300470e-03 6.000600060006001067e-04 6.120612061206120308e-02 6.000600060006000200e-03 1.200120012001200213e-03 7.920792079207920888e-02 5.400540054005400527e-03 1.200120012001200213e-03 8.070807080708071457e-02 5.400540054005400527e-03 1.800180018001800103e-03
5.580558055805580342e-02 4.200420042004200313e-03 1.200120012001200213e-03 7.080708070807080479e-02 5.100510051005100257e-03 3.000300030003000534e-04 5.910591059105910899e-02 4.500450045004500584e-03 1.200120012001200213e-03 5.490549054905490695e-02 4.800480048004800854e-03 3.000300030003000534e-04
5.250525052505250478e-02 2.400240024002400427e-03 3.000300030003000534e-04 5.580558055805580342e-02 3.600360036003600207e-03 6.000600060006001067e-04 6.960696069606960024e-02 5.700570057005700797e-03 6.000600060006001067e-04 7.080708070807080479e-02 6.900690069006901010e-03 6.000600060006001067e-04
