9.186999999999999611e-01 9.151000000000000245e-01 9.245999999999999774e-01 9.090000000000000302e-01
8.044000000000000039e-01 8.113000000000000211e-01 8.387999999999999901e-01 8.156999999999999806e-01
7.395000000000000462e-01 7.176000000000000156e-01 7.483999999999999542e-01 7.330999999999999739e-01
6.657999999999999474e-01 6.444999999999999618e-01 6.724999999999999867e-01 6.824999999999999956e-01
5.995000000000000329e-01 6.015000000000000346e-01 5.887999999999999901e-01 6.219999999999999973e-01
5.476999999999999647e-01 5.321000000000000174e-01 5.395999999999999686e-01 5.288000000000000478e-01
5.030999999999999917e-01 4.939999999999999947e-01 5.377999999999999448e-01 4.853999999999999981e-01
4.267000000000000237e-01 3.932999999999999829e-01 4.414000000000000146e-01 3.940000000000000169e-01
3.845999999999999974e-01 3.956000000000000072e-01 3.655999999999999805e-01 3.758000000000000229e-01
3.382999999999999896e-01 3.275000000000000133e-01 3.276999999999999913e-01 3.211999999999999855e-01
2.829999999999999738e-01 3.044999999999999929e-01 2.943000000000000060e-01 2.993999999999999995e-01
2.624000000000000221e-01 2.722999999999999865e-01 2.706999999999999962e-01 2.782000000000000028e-01
2.743999999999999773e-01 2.732999999999999874e-01 2.311999999999999889e-01 2.311999999999999889e-01
1.880999999999999894e-01 2.320000000000000118e-01 2.356999999999999929e-01 1.957000000000000128e-01
1.841000000000000136e-01 1.967000000000000137e-01 1.801000000000000101e-01 1.958999999999999908e-01
1.887999999999999956e-01 1.481999999999999984e-01 1.570000000000000007e-01 1.832000000000000017e-01
1.590000000000000024e-01 1.527999999999999914e-01 1.428000000000000103e-01 1.398999999999999966e-01
1.325999999999999956e-01 1.169000000000000039e-01 1.320000000000000062e-01 1.459999999999999909e-01
1.064999999999999974e-01 1.224999999999999978e-01 1.120000000000000023e-01 1.025999999999999968e-01
1.136000000000000065e-01 1.039000000000000062e-01 1.058000000000000052e-01 9.859999999999999321e-02
9.470000000000000639e-02 7.929999999999999549e-02 8.569999999999999840e-02 1.068999999999999950e-01
9.049999999999999711e-02 7.939999999999999836e-02 7.910000000000000364e-02 7.879999999999999505e-02
6.940000000000000335e-02 6.890000000000000291e-02 7.549999999999999767e-02 7.850000000000000033e-02
6.439999999999999891e-02 6.740000000000000158e-02 5.979999999999999899e-02 5.850000000000000339e-02
5.419999999999999818e-02 5.670000000000000040e-02 6.310000000000000331e-02 6.550000000000000266e-02
