9.951995199519944046e-01 9.360936093609355524e-01 9.258925892589248141e-01 9.675967596759671441e-01
9.726972697269717916e-01 9.411941194119403109e-01 9.885988598859875021e-01 9.390939093909391744e-01
9.495949594959498530e-01 1.018901890189019221e+00 9.693969396939688954e-01 9.318931893189318361e-01
9.339933993399335277e-01 9.306930693069306315e-01 1.022502250225022724e+00 1.048004800480047960e+00
8.982898289828975535e-01 9.252925292529253776e-01 9.429942994299430614e-01 9.021902190219021067e-01
9.012901290129012866e-01 8.781878187818783488e-01 8.730873087308727021e-01 8.298829882988297824e-01
8.364836483648366849e-01 8.625862586258630227e-01 8.646864686468647143e-01 8.139813981398137388e-01
7.440744074407438235e-01 7.992799279927994549e-01 7.854785478547854360e-01 7.752775277527754749e-01
7.719771977197720236e-01 7.473747374737472748e-01 7.557755775577558177e-01 7.683768376837682990e-01
6.735673567356741387e-01 6.777677767776779660e-01 7.230723072307235766e-01 7.014701470147018947e-01
5.943594359435946384e-01 6.333633363336335087e-01 6.129612961296130313e-01 6.723672367236727121e-01
6.006600660066011566e-01 5.931593159315932118e-01 5.571557155715571863e-01 6.123612361236127066e-01
5.754575457545755279e-01 6.069606960696073417e-01 5.439543954395442693e-01 5.631563156315638752e-01
4.488448844884491140e-01 5.385538553855389043e-01 5.589558955895592707e-01 4.299429942994301146e-01
4.380438043804383286e-01 4.524452445244526722e-01 4.134413441344135798e-01 4.536453645364539322e-01
4.446444644464449536e-01 4.140414041404142931e-01 3.687368736873689601e-01 4.329432943294332925e-01
4.116411641164118840e-01 3.870387038703875793e-01 3.528352835283530831e-01 3.609360936093612415e-01
3.351335133513353437e-01 3.333333333333335369e-01 3.642364236423646373e-01 3.255325532553258183e-01
2.826282628262827834e-01 3.393339333933395596e-01 2.823282328232824545e-01 2.655265526552656463e-01
2.886288628862886951e-01 2.973297329732975669e-01 2.550255025502551898e-01 2.907290729072909419e-01
2.595259525952598456e-01 2.388238823882390394e-01 2.475247524752476336e-01 2.658265826582660307e-01
2.277227722772278418e-01 2.115211521152116914e-01 2.190219021902192476e-01 2.334233423342335356e-01
1.842184218421843711e-01 1.668166816681669051e-01 2.226222622262228057e-01 2.277227722772279250e-01
1.560156015601561197e-01 1.974197419741975379e-01 1.650165016501651261e-01 1.506150615061507270e-01
1.506150615061506715e-01 1.572157215721573797e-01 1.923192319231925018e-01 1.923192319231923908e-01
