8.616000000000000325e-01 8.594000000000000528e-01 8.793999999999999595e-01 8.574000000000000510e-01
6.954000000000000181e-01 7.409000000000000030e-01 7.130999999999999561e-01 7.315000000000000391e-01
5.966000000000000192e-01 6.044000000000000483e-01 5.885000000000000231e-01 5.887999999999999901e-01
4.742000000000000104e-01 5.020000000000000018e-01 4.783999999999999919e-01 5.174999999999999600e-01
4.309000000000000052e-01 3.940000000000000169e-01 3.781999999999999806e-01 4.074999999999999734e-01
3.104000000000000092e-01 2.924999999999999822e-01 3.302999999999999825e-01 3.257999999999999785e-01
2.525999999999999912e-01 2.948000000000000065e-01 2.684000000000000274e-01 2.485999999999999877e-01
2.348999999999999977e-01 2.122999999999999887e-01 2.364999999999999880e-01 2.230000000000000038e-01
1.733999999999999986e-01 1.789999999999999925e-01 1.786000000000000087e-01 1.819000000000000061e-01
1.587999999999999967e-01 1.554000000000000103e-01 1.400000000000000133e-01 1.557000000000000051e-01
1.223999999999999949e-01 1.072000000000000036e-01 1.190999999999999975e-01 1.078000000000000069e-01
1.107000000000000067e-01 8.369999999999999662e-02 1.035999999999999976e-01 1.000999999999999945e-01
7.359999999999999876e-02 8.089999999999999969e-02 6.489999999999999936e-02 7.610000000000000098e-02
6.950000000000000622e-02 6.679999999999999827e-02 5.310000000000000137e-02 6.569999999999999452e-02
5.149999999999999717e-02 5.820000000000000173e-02 4.909999999999999781e-02 4.909999999999999781e-02
4.120000000000000051e-02 3.930000000000000160e-02 3.729999999999999982e-02 4.560000000000000164e-02
3.009999999999999828e-02 3.740000000000000269e-02 3.230000000000000232e-02 3.359999999999999792e-02
2.809999999999999998e-02 2.860000000000000042e-02 2.690000000000000030e-02 2.790000000000000119e-02
2.230000000000000038e-02 2.730000000000000135e-02 2.690000000000000030e-02 2.290000000000000022e-02
2.259999999999999856e-02 1.700000000000000122e-02 2.110000000000000070e-02 1.689999999999999836e-02
