8.595859585958596227e-01 8.052805280528052556e-01 7.284728472847284975e-01 8.640864086408640565e-01 7.617761776177617294e-01 6.954695469546954278e-01 8.754875487548754442e-01 8.301830183018301668e-01 7.494749474947495216e-01 8.517851785178517376e-01 7.743774377437744327e-01 7.173717371737173831e-01
7.011701170117011772e-01 5.439543954395439362e-01 3.879387938793879553e-01 7.398739873987398852e-01 5.469546954695470031e-01 4.455445544554455517e-01 7.074707470747074733e-01 5.379537953795379135e-01 3.987398739873987408e-01 7.233723372337234059e-01 5.688568856885688474e-01 4.362436243624362442e-01
5.892589258925892137e-01 3.924392439243924446e-01 2.421242124212421298e-01 5.994599459945995079e-01 3.978397839783978651e-01 2.439243924392439367e-01 5.868586858685868046e-01 3.687368736873687380e-01 2.262226222622262251e-01 5.937593759375937585e-01 3.717371737173717494e-01 2.217221722172217357e-01
4.848484848484848619e-01 2.454245424542454146e-01 1.191119111911191075e-01 5.175517551755175472e-01 2.712271227122712292e-01 1.533153315331533262e-01 4.785478547854785658e-01 2.313231323132313166e-01 1.167116711671167123e-01 5.199519951995199563e-01 2.835283528352835480e-01 1.593159315931593212e-01
4.173417341734173558e-01 1.791179117911791130e-01 8.610861086108610729e-02 4.038403840384038324e-01 1.626162616261626059e-01 6.930693069306931298e-02 3.882388238823882287e-01 1.596159615961596223e-01 7.110711071107110592e-02 4.257425742574257321e-01 1.869186918691869148e-01 8.280828082808280866e-02
3.078307830783078569e-01 1.191119111911191075e-01 4.170417041704170547e-02 2.958295829582958114e-01 1.077107710771077059e-01 3.120312031203120381e-02 3.225322532253225294e-01 1.104110411041104162e-01 4.170417041704170547e-02 3.276327632763276210e-01 1.101110111011101150e-01 4.230423042304230080e-02
2.583258325832583080e-01 7.890789078907890775e-02 2.340234023402340199e-02 3.003300330033003562e-01 9.840984098409841230e-02 3.210321032103210376e-02 2.649264926492649330e-01 7.470747074707470570e-02 2.610261026102610182e-02 2.580258025802580346e-01 7.740774077407740206e-02 2.160216021602160211e-02
2.298229822982298109e-01 5.550555055505550228e-02 1.500150015001500137e-02 2.310231023102310155e-01 4.950495049504950729e-02 1.950195019501950108e-02 2.484248424842484260e-01 5.490549054905490695e-02 1.290129012901290208e-02 2.229222922292229125e-01 5.400540054005400353e-02 1.350135013501350088e-02
1.653165316531653162e-01 3.630363036303630581e-02 5.400540054005400527e-03 1.827182718271827266e-01 3.660366036603660694e-02 6.900690069006901010e-03 1.749174917491749248e-01 3.270327032703270603e-02 6.900690069006901010e-03 1.707170717071707089e-01 3.960396039603960444e-02 1.050105010501050165e-02
1.536153615361536273e-01 2.220222022202220091e-02 4.800480048004800854e-03 1.539153915391539285e-01 2.880288028802880165e-02 5.400540054005400527e-03 1.353135313531353134e-01 1.500150015001500137e-02 5.100510051005100257e-03 1.551155115511551053e-01 2.820282028202820285e-02 6.000600060006000200e-03
1.251125112511251025e-01 1.560156015601560191e-02 2.100210021002100157e-03 1.083108310831083082e-01 1.740174017401740006e-02 2.100210021002100157e-03 1.149114911491149055e-01 1.950195019501950108e-02 2.700270027002700263e-03 1.008100810081008075e-01 1.380138013801380202e-02 1.800180018001800103e-03
1.119111911191119080e-01 1.290129012901290208e-02 3.000300030003000100e-03 8.490849084908490274e-02 7.500750075007500683e-03 3.000300030003000534e-04 9.780978097809781002e-02 1.320132013201320148e-02 2.400240024002400427e-03 1.026102610261026143e-01 9.000900090009001167e-03 2.700270027002700263e-03
8.460846084608460160e-02 5.100510051005100257e-03 3.000300030003000534e-04 8.340834083408341093e-02 5.700570057005700797e-03 6.000600060006001067e-04 6.270627062706270183e-02 5.100510051005100257e-03 3.000300030003000534e-04 8.280828082808280866e-02 3.600360036003600207e-03 6.000600060006001067e-04
6.210621062106210649e-02 3.000300030003000100e-03 0.000000000000000000e+00 6.270627062706270183e-02 7.800780078007800954e-03 3.000300030003000534e-04 4.950495049504950729e-02 4.500450045004500584e-03 0.000000000000000000e+00 6.300630063006300297e-02 6.600660066006600740e-03 3.000300030003000534e-04
4.200420042004200660e-02 5.100510051005100257e-03 3.000300030003000534e-04 6.120612061206120308e-02 5.100510051005100257e-03 9.000900090009000517e-04 5.010501050105010262e-02 2.700270027002700263e-03 3.000300030003000534e-04 4.680468046804680399e-02 2.700270027002700263e-03 6.000600060006001067e-04
3.720372037203720228e-02 2.700270027002700263e-03 0.000000000000000000e+00 4.290429042904290308e-02 1.500150015001500050e-03 0.000000000000000000e+00 4.500450045004500410e-02 1.800180018001800103e-03 0.000000000000000000e+00 4.530453045304530524e-02 1.800180018001800103e-03 6.000600060006001067e-04
3.120312031203120381e-02 1.800180018001800103e-03 0.000000000000000000e+00 4.080408040804080205e-02 1.800180018001800103e-03 0.000000000000000000e+00 2.940294029402940393e-02 2.100210021002100157e-03 0.000000000000000000e+00 3.420342034203420478e-02 6.000600060006001067e-04 0.000000000000000000e+00
2.310231023102310086e-02 0.000000000000000000e+00 0.000000000000000000e+00 3.210321032103210376e-02 9.000900090009000517e-04 3.000300030003000534e-04 2.700270027002700177e-02 6.000600060006001067e-04 0.000000000000000000e+00 2.820282028202820285e-02 6.000600060006001067e-04 0.000000000000000000e+00
2.430243024302430194e-02 9.000900090009000517e-04 0.000000000000000000e+00 2.700270027002700177e-02 3.000300030003000534e-04 0.000000000000000000e+00 2.460246024602460307e-02 1.200120012001200213e-03 0.000000000000000000e+00 2.280228022802280319e-02 6.000600060006001067e-04 3.000300030003000534e-04
2.130213021302130097e-02 3.000300030003000534e-04 0.000000000000000000e+00 2.370237023702370313e-02 9.000900090009000517e-04 0.000000000000000000e+00 2.400240024002400080e-02 6.000600060006001067e-04 0.000000000000000000e+00 1.860186018601860114e-02 0.000000000000000000e+00 0.000000000000000000e+00
