8.913891389138911547e-01 1.002400240024001743e+00 8.853885388538843548e-01 9.495949594959491868e-01
8.595859585958591786e-01 1.024302430243023920e+00 9.072907290729079754e-01 8.997899789979004748e-01
8.325832583258316877e-01 8.487848784878485597e-01 8.805880588058802028e-01 8.877887788778879852e-01
8.373837383738380602e-01 8.922892289228929741e-01 8.583858385838588623e-01 8.685868586858690454e-01
8.007800780078017100e-01 7.929792979297938249e-01 7.569756975697573553e-01 7.992799279928004541e-01
6.078607860786084949e-01 5.955595559555958429e-01 6.780678067806787945e-01 6.948694869486956582e-01
5.616561656165625083e-01 6.378637863786388307e-01 5.967596759675976026e-01 5.634563456345640375e-01
5.379537953795388017e-01 5.640564056405645843e-01 5.934593459345942623e-01 5.202520252025210068e-01
3.924392439243929998e-01 4.452445244524457779e-01 4.335433543354340058e-01 4.038403840384042764e-01
3.990399039903995693e-01 3.807380738073813942e-01 3.660366036603666107e-01 3.867386738673871394e-01
3.306330633063311319e-01 2.748274827482753424e-01 2.889288928892893016e-01 2.628262826282632414e-01
3.000300030003004714e-01 2.325232523252328543e-01 2.562256225622566719e-01 2.835283528352839366e-01
2.388238823882392337e-01 2.337233723372341143e-01 1.731173117311733956e-01 2.382238223822386591e-01
1.773177317731775837e-01 1.650165016501653203e-01 1.350135013501352621e-01 1.695169516951696986e-01
1.110111011101112127e-01 1.692169216921694530e-01 1.425142514251427350e-01 1.329132913291331541e-01
1.035103510351036704e-01 1.242124212421244489e-01 1.296129612961298694e-01 1.311131113111313473e-01
8.820882088208835403e-02 1.170117011701172216e-01 8.190819081908204402e-02 1.008100810081009741e-01
6.930693069306942400e-02 9.390939093909403401e-02 7.920792079207936154e-02 8.280828082808294743e-02
7.020702070207031353e-02 8.010801080108026495e-02 7.020702070207031353e-02 6.690669066906704265e-02
6.300630063006312787e-02 6.840684068406849283e-02 7.020702070207028578e-02 5.580558055805590750e-02
