9.087908790879087872e-01 8.481848184818482350e-01 7.911791179117911854e-01 8.955895589558955372e-01 8.409840984098410077e-01 7.785778577857785931e-01 9.030903090309030379e-01 8.367836783678367363e-01 7.764776477647764574e-01 8.925892589258925813e-01 8.481848184818482350e-01 8.025802580258025731e-01
7.926792679267926633e-01 6.747674767476747881e-01 5.673567356735673695e-01 7.920792079207921166e-01 6.711671167116711745e-01 5.721572157215721877e-01 7.902790279027902542e-01 6.756675667566757193e-01 5.502550255025502324e-01 8.067806780678067335e-01 7.029702970297029285e-01 5.793579357935793039e-01
7.299729972997299754e-01 5.481548154815482077e-01 4.185418541854185603e-01 7.179717971797179299e-01 5.286528652865286615e-01 4.068406840684068437e-01 7.059705970597059954e-01 5.280528052805280037e-01 3.942394239423942515e-01 7.179717971797179299e-01 5.397539753975397758e-01 3.852385238523852173e-01
6.075607560756075554e-01 3.774377437743774433e-01 2.463246324632463180e-01 6.291629162916291262e-01 4.269426942694269367e-01 2.865286528652865039e-01 6.303630363036303308e-01 4.404440444044404601e-01 3.030303030303030387e-01 6.471647164716471945e-01 4.353435343534353685e-01 2.967296729672967426e-01
5.856585658565857111e-01 3.417341734173417467e-01 2.130213021302130305e-01 5.463546354635463453e-01 2.979297929792979471e-01 1.725172517251725157e-01 5.607560756075607999e-01 3.075307530753075280e-01 1.926192619261926087e-01 5.355535553555355044e-01 3.036303630363036410e-01 1.740174017401740214e-01
5.475547554755475499e-01 2.880288028802880373e-01 1.734173417341734191e-01 4.821482148214821239e-01 2.502250225022502050e-01 1.398139813981398027e-01 4.770477047704770324e-01 2.475247524752475226e-01 1.266126612661266082e-01 4.821482148214821239e-01 2.445244524452445112e-01 1.290129012901290173e-01
3.969396939693969339e-01 1.728172817281728169e-01 7.590759075907591025e-02 4.329432943294329594e-01 2.124212421242124282e-01 1.047104710471047084e-01 4.251425142514251299e-01 2.100210021002100191e-01 8.880888088808880365e-02 3.960396039603960583e-01 1.569156915691569121e-01 6.240624062406240763e-02
3.939393939393939226e-01 1.710171017101710100e-01 7.860786078607860661e-02 3.993399339933993430e-01 1.659165916591659184e-01 7.740774077407740206e-02 3.768376837683768410e-01 1.467146714671467012e-01 5.370537053705370240e-02 3.786378637863786478e-01 1.539153915391539285e-01 6.450645064506450865e-02
3.027302730273027098e-01 9.300930093009300570e-02 3.750375037503750342e-02 3.072307230723072546e-01 1.062106210621062141e-01 3.180318031803180262e-02 3.243324332433243362e-01 1.170117011701170134e-01 4.380438043804380649e-02 2.991299129912991517e-01 8.940894089408940593e-02 3.210321032103210376e-02
3.189318931893189157e-01 1.149114911491149055e-01 4.230423042304230080e-02 2.976297629762976182e-01 9.630963096309630433e-02 3.480348034803480012e-02 3.033303330333033121e-01 9.840984098409841230e-02 3.390339033903390364e-02 2.751275127512751162e-01 8.550855085508550502e-02 2.430243024302430194e-02
2.754275427542754451e-01 8.040804080408041343e-02 2.490249024902490421e-02 2.268226822682268273e-01 6.270627062706270183e-02 1.740174017401740006e-02 2.676267626762676155e-01 8.070807080708071457e-02 2.940294029402940393e-02 2.667266726672667398e-01 7.500750075007500683e-02 2.280228022802280319e-02
2.064206420642064332e-01 4.590459045904590751e-02 8.400840084008400627e-03 2.202220222022202301e-01 5.730573057305730911e-02 1.350135013501350088e-02 2.043204320432043253e-01 3.990399039903990558e-02 1.410141014101410142e-02 2.301230123012301121e-01 5.160516051605160831e-02 1.500150015001500137e-02
2.007200720072007116e-01 4.650465046504650285e-02 1.530153015301530077e-02 1.893189318931893239e-01 4.320432043204320421e-02 1.020102010201020051e-02 1.872187218721872159e-01 3.930393039303930330e-02 9.600960096009601707e-03 1.926192619261926087e-01 4.080408040804080205e-02 1.110111011101110046e-02
1.578157815781578155e-01 2.850285028502850398e-02 6.600660066006600740e-03 1.704170417041704078e-01 2.580258025802580416e-02 7.500750075007500683e-03 1.779177917791779084e-01 3.990399039903990558e-02 8.400840084008400627e-03 1.620162016201620037e-01 3.540354035403540239e-02 6.000600060006000200e-03
1.521152115211521216e-01 2.520252025202520188e-02 5.700570057005700797e-03 1.569156915691569121e-01 3.180318031803180262e-02 6.900690069006901010e-03 1.614161416141614291e-01 3.000300030003000273e-02 8.100810081008101224e-03 1.344134413441344100e-01 1.950195019501950108e-02 3.900390039003900477e-03
1.206120612061206132e-01 1.770177017701770120e-02 1.500150015001500050e-03 1.140114011401140159e-01 1.710171017101710239e-02 3.900390039003900477e-03 1.317131713171316998e-01 1.830183018301830347e-02 2.700270027002700263e-03 1.440144014401440187e-01 2.160216021602160211e-02 5.400540054005400527e-03
1.086108610861086093e-01 1.590159015901590131e-02 3.000300030003000100e-03 1.038103810381038050e-01 1.410141014101410142e-02 3.600360036003600207e-03 1.182118211821182180e-01 1.590159015901590131e-02 1.800180018001800103e-03 1.074107410741074048e-01 1.260126012601260094e-02 1.200120012001200213e-03
8.970897089708970706e-02 9.000900090009001167e-03 9.000900090009000517e-04 8.790879087908791412e-02 1.290129012901290208e-02 3.000300030003000100e-03 9.660966096609660547e-02 1.080108010801080105e-02 2.100210021002100157e-03 9.780978097809781002e-02 9.300930093009300570e-03 3.000300030003000534e-04
8.400840084008401321e-02 6.900690069006901010e-03 9.000900090009000517e-04 9.060906090609061048e-02 9.000900090009001167e-03 3.900390039003900477e-03 9.420942094209421025e-02 1.050105010501050165e-02 3.300330033003300370e-03 9.120912091209121275e-02 1.380138013801380202e-02 1.800180018001800103e-03
8.220822082208220638e-02 6.000600060006000200e-03 1.200120012001200213e-03 6.810681068106810843e-02 7.200720072007200413e-03 6.000600060006001067e-04 7.680768076807681366e-02 6.000600060006000200e-03 1.200120012001200213e-03 6.840684068406840956e-02 6.600660066006600740e-03 3.000300030003000534e-04
5.580558055805580342e-02 5.700570057005700797e-03 2.100210021002100157e-03 6.810681068106810843e-02 5.400540054005400527e-03 6.000600060006001067e-04 6.510651065106511093e-02 6.000600060006000200e-03 3.000300030003000534e-04 6.690669066906690388e-02 6.600660066006600740e-03 9.000900090009000517e-04
6.510651065106511093e-02 5.400540054005400527e-03 1.800180018001800103e-03 5.490549054905490695e-02 2.400240024002400427e-03 6.000600060006001067e-04 4.890489048904890501e-02 2.700270027002700263e-03 0.000000000000000000e+00 6.150615061506150422e-02 4.200420042004200313e-03 9.000900090009000517e-04
5.070507050705070490e-02 4.200420042004200313e-03 9.000900090009000517e-04 4.710471047104710512e-02 3.600360036003600207e-03 9.000900090009000517e-04 3.840384038403840683e-02 6.000600060006001067e-04 0.000000000000000000e+00 4.200420042004200660e-02 3.600360036003600207e-03 6.000600060006001067e-04
4.020402040204020672e-02 2.100210021002100157e-03 0.000000000000000000e+00 5.550555055505550228e-02 2.400240024002400427e-03 1.800180018001800103e-03 4.020402040204020672e-02 2.100210021002100157e-03 6.000600060006001067e-04 4.530453045304530524e-02 1.800180018001800103e-03 6.000600060006001067e-04
4.110411041104110319e-02 2.100210021002100157e-03 0.000000000000000000e+00 3.870387038703870103e-02 2.700270027002700263e-03 0.000000000000000000e+00 4.170417041704170547e-02 2.400240024002400427e-03 0.000000000000000000e+00 4.410441044104410763e-02 2.100210021002100157e-03 6.000600060006001067e-04
