9.045999999999999597e-01 8.985999999999999543e-01 8.953999999999999737e-01 9.102999999999999980e-01
8.103000000000000203e-01 8.013000000000000123e-01 7.989000000000000545e-01 8.122000000000000330e-01
7.227000000000000091e-01 7.173000000000000487e-01 7.082000000000000517e-01 7.002000000000000446e-01
5.995000000000000329e-01 6.219999999999999973e-01 6.433999999999999719e-01 6.514999999999999680e-01
5.796999999999999931e-01 5.391000000000000236e-01 5.490000000000000435e-01 5.415999999999999703e-01
5.131000000000000005e-01 4.762000000000000122e-01 4.867000000000000215e-01 4.892000000000000237e-01
4.139999999999999791e-01 4.575000000000000178e-01 4.207000000000000184e-01 3.819000000000000172e-01
3.938999999999999724e-01 3.980000000000000204e-01 3.638000000000000123e-01 3.750000000000000000e-01
3.200000000000000067e-01 3.113000000000000211e-01 3.252999999999999781e-01 2.970999999999999752e-01
3.171999999999999820e-01 2.898000000000000020e-01 3.034000000000000030e-01 2.821000000000000174e-01
2.619000000000000217e-01 2.409999999999999920e-01 2.666999999999999926e-01 2.631999999999999895e-01
1.962000000000000133e-01 2.074000000000000010e-01 2.044999999999999873e-01 2.278999999999999915e-01
2.066000000000000059e-01 1.963000000000000023e-01 1.960000000000000075e-01 1.875000000000000000e-01
1.630000000000000060e-01 1.680000000000000104e-01 1.773000000000000131e-01 1.658000000000000029e-01
1.570000000000000007e-01 1.587999999999999967e-01 1.569000000000000117e-01 1.380000000000000115e-01
1.205999999999999989e-01 1.144000000000000017e-01 1.237999999999999934e-01 1.391999999999999904e-01
1.097999999999999948e-01 1.052000000000000018e-01 1.145000000000000046e-01 1.030999999999999972e-01
8.730000000000000260e-02 9.349999999999999978e-02 1.009000000000000036e-01 9.589999999999999913e-02
8.219999999999999529e-02 8.659999999999999643e-02 8.599999999999999312e-02 9.479999999999999538e-02
8.840000000000000635e-02 6.969999999999999807e-02 7.420000000000000207e-02 7.530000000000000582e-02
6.189999999999999669e-02 6.450000000000000178e-02 6.180000000000000077e-02 6.529999999999999694e-02
6.230000000000000121e-02 5.109999999999999959e-02 4.859999999999999737e-02 5.689999999999999919e-02
5.650000000000000161e-02 4.760000000000000342e-02 3.960000000000000325e-02 4.379999999999999866e-02
3.839999999999999664e-02 5.310000000000000137e-02 4.030000000000000249e-02 3.869999999999999829e-02
3.919999999999999873e-02 3.869999999999999829e-02 3.780000000000000027e-02 3.910000000000000281e-02
