9.729972997299727311e-01 9.423942394239417375e-01 9.753975397539754733e-01 9.357935793579342798e-01
9.210921092109204400e-01 9.348934893489350140e-01 8.940894089408931711e-01 8.907890789078896088e-01
9.639963996399637525e-01 9.747974797479744824e-01 9.279927992799276160e-01 9.198919891989195685e-01
9.366936693669365432e-01 8.931893189318929061e-01 8.727872787278722067e-01 9.321932193219315543e-01
9.447944794479449238e-01 9.177917791779182100e-01 9.522952295229525355e-01 8.697869786978696949e-01
9.519951995199518180e-01 8.355835583558357538e-01 8.151815181518153874e-01 8.418841884188418279e-01
7.482748274827484281e-01 7.662766276627662743e-01 7.341734173417342468e-01 7.797779777977802418e-01
7.473747374737477189e-01 7.776777677767777730e-01 7.440744074407446007e-01 7.386738673867390137e-01
6.666666666666667407e-01 6.348634863486350977e-01 6.657665766576660316e-01 6.612661266126617088e-01
6.543654365436544218e-01 6.387638763876387626e-01 6.486648664866490055e-01 5.931593159315935448e-01
6.099609960996102975e-01 5.097509750975101062e-01 5.901590159015904780e-01 5.979597959795983630e-01
4.899489948994901756e-01 5.022502250225024945e-01 5.073507350735074750e-01 5.505550555055506168e-01
4.779477947794782966e-01 4.485448544854487851e-01 4.533453345334535478e-01 4.665466546654668534e-01
3.945394539453948024e-01 4.413441344134417244e-01 4.224422442244227804e-01 3.858385838583860972e-01
3.864386438643867550e-01 3.822382238223824280e-01 4.023402340234026875e-01 3.486348634863487561e-01
3.102310231023104881e-01 2.946294629462948844e-01 3.429342934293432288e-01 3.726372637263729026e-01
2.811281128112814165e-01 2.727272727272728181e-01 3.087308730873090101e-01 2.856285628562857948e-01
2.430243024302431998e-01 2.280228022802282262e-01 2.595259525952596236e-01 2.658265826582659752e-01
2.322232223222323588e-01 2.487248724872489491e-01 2.544254425442545875e-01 2.340234023402341934e-01
2.298229822982299775e-01 1.833183318331834399e-01 2.136213621362137993e-01 1.857185718571858768e-01
1.524152415241525060e-01 1.887188718871888604e-01 1.776177617761776906e-01 1.818181818181819065e-01
1.809180918091810863e-01 1.581158115811582832e-01 1.386138613861387092e-01 1.728172817281729556e-01
1.404140414041405993e-01 1.314131413141314819e-01 1.134113411341135247e-01 1.158115811581159060e-01
1.143114311431144003e-01 1.611161116111612668e-01 1.149114911491150026e-01 1.311131113111311808e-01
1.170117011701171106e-01 1.080108010801081042e-01 1.179117911791179862e-01 1.266126612661267192e-01
