9.159915991599160145e-01 8.823882388238823982e-01 8.019801980198020264e-01 9.198919891989199016e-01 8.691869186918691481e-01 8.244824482448245284e-01 9.204920492049204483e-01 8.460846084608460993e-01 7.992799279927992329e-01 9.141914191419141522e-01 8.688868886888688747e-01 8.238823882388238706e-01
8.031803180318032309e-01 6.984698469846984947e-01 5.529552955295529149e-01 7.995799579957996173e-01 6.396639663966396938e-01 5.613561356135613467e-01 8.376837683768376674e-01 7.236723672367236793e-01 6.321632163216321931e-01 8.280828082808280310e-01 7.152715271527152474e-01 6.285628562856285795e-01
7.386738673867386806e-01 6.015601560156015326e-01 4.422442244224422669e-01 7.053705370537053376e-01 5.337533753375337531e-01 3.996399639963996164e-01 7.248724872487248838e-01 5.721572157215721877e-01 4.077407740774077194e-01 7.350735073507350670e-01 5.502550255025502324e-01 4.335433543354335617e-01
6.318631863186318087e-01 4.008400840084008210e-01 2.865286528652865039e-01 7.161716171617161786e-01 4.995499549954995344e-01 3.990399039903990142e-01 6.813681368136813576e-01 5.190519051905190251e-01 3.354335433543354505e-01 6.564656465646564465e-01 4.071407140714071171e-01 3.030303030303030387e-01
6.012601260126012592e-01 3.855385538553855462e-01 2.166216621662166164e-01 6.144614461446145093e-01 4.047404740474047635e-01 2.298229822982298109e-01 5.499549954995499590e-01 2.991299129912991517e-01 1.800180018001800164e-01 6.018601860186018060e-01 3.894389438943894333e-01 2.409240924092409253e-01
5.727572757275727344e-01 3.675367536753675335e-01 2.142214221422142351e-01 5.526552655265526415e-01 3.102310231023102105e-01 1.812181218121812210e-01 5.280528052805280037e-01 2.706270627062706269e-01 1.596159615961596223e-01 5.271527152715271836e-01 2.742274227422742405e-01 1.635163516351635093e-01
4.665466546654665203e-01 2.337233723372337257e-01 1.284128412841284150e-01 5.367536753675367089e-01 3.030303030303030387e-01 1.902190219021902273e-01 4.521452145214521212e-01 2.442244224422442378e-01 1.209120912091209143e-01 4.287428742874287435e-01 1.833183318331833289e-01 8.310831083108310979e-02
4.356435643564356419e-01 1.845184518451845057e-01 9.510951095109511366e-02 4.167416741674167535e-01 1.962196219621962223e-01 8.340834083408341093e-02 4.551455145514551326e-01 2.229222922292229125e-01 1.128112811281128114e-01 3.930393039303930469e-01 1.857185718571857103e-01 7.500750075007500683e-02
3.747374737473747608e-01 1.266126612661266082e-01 6.060606060606060774e-02 3.933393339333933203e-01 1.359135913591359157e-01 6.510651065106511093e-02 3.699369936993699426e-01 1.482148214821482068e-01 6.420642064206420752e-02 3.468346834683468383e-01 1.194119411941194087e-01 4.890489048904890501e-02
3.252325232523252119e-01 1.125112511251125103e-01 3.720372037203720228e-02 3.423342334233423490e-01 1.167116711671167123e-01 4.050405040504050092e-02 3.390339033903390087e-01 1.332133213321332055e-01 4.200420042004200660e-02 3.129312931293129485e-01 1.041104110411041062e-01 4.050405040504050092e-02
2.487248724872487271e-01 7.380738073807380228e-02 1.980198019801980222e-02 2.691269126912691489e-01 7.710771077107710092e-02 2.340234023402340199e-02 3.237323732373237339e-01 1.011101110111011087e-01 3.120312031203120381e-02 2.742274227422742405e-01 7.320732073207321389e-02 2.430243024302430194e-02
2.478247824782478237e-01 6.540654065406541207e-02 2.010201020102010336e-02 2.442244224422442378e-01 5.580558055805580342e-02 2.040204020402040103e-02 2.712271227122712292e-01 8.010801080108011230e-02 2.280228022802280319e-02 2.595259525952595125e-01 7.830783078307830547e-02 2.220222022202220091e-02
2.217221722172217357e-01 6.120612061206120308e-02 1.560156015601560191e-02 2.346234623462346292e-01 6.150615061506150422e-02 1.440144014401440083e-02 2.382238223822382150e-01 5.520552055205520808e-02 1.650165016501650012e-02 2.070207020702070078e-01 4.830483048304830274e-02 1.200120012001200040e-02
1.710171017101710100e-01 3.240324032403240490e-02 6.000600060006000200e-03 1.929192919291929098e-01 3.390339033903390364e-02 8.100810081008101224e-03 1.758175817581758282e-01 4.350435043504350535e-02 1.260126012601260094e-02 1.998199819981998082e-01 4.260426042604260194e-02 9.000900090009001167e-03
2.079207920792079112e-01 4.260426042604260194e-02 9.900990099009901110e-03 1.404140414041404050e-01 2.880288028802880165e-02 5.700570057005700797e-03 2.058205820582058310e-01 4.650465046504650285e-02 1.230123012301230154e-02 1.740174017401740214e-01 3.000300030003000273e-02 7.800780078007800954e-03
1.350135013501350123e-01 1.770177017701770120e-02 5.400540054005400527e-03 1.320132013201320009e-01 1.650165016501650012e-02 2.700270027002700263e-03 1.458145814581458255e-01 2.790279027902790171e-02 5.400540054005400527e-03 1.716171617161716123e-01 3.030303030303030387e-02 1.020102010201020051e-02
1.413141314131413084e-01 2.340234023402340199e-02 5.700570057005700797e-03 1.233123312331233096e-01 1.260126012601260094e-02 3.900390039003900477e-03 1.536153615361536273e-01 2.550255025502550302e-02 5.700570057005700797e-03 1.446144614461446209e-01 2.430243024302430194e-02 6.000600060006000200e-03
1.248124812481248153e-01 1.710171017101710239e-02 2.100210021002100157e-03 1.098109810981098139e-01 1.680168016801680125e-02 3.000300030003000100e-03 1.422142214221422118e-01 1.710171017101710239e-02 3.600360036003600207e-03 1.422142214221422118e-01 2.010201020102010336e-02 4.500450045004500584e-03
1.059105910591059130e-01 1.290129012901290208e-02 1.200120012001200213e-03 1.086108610861086093e-01 1.050105010501050165e-02 3.000300030003000100e-03 1.107110711071107173e-01 1.320132013201320148e-02 1.500150015001500050e-03 1.152115211521152066e-01 1.260126012601260094e-02 3.000300030003000100e-03
1.161116111611161100e-01 1.230123012301230154e-02 1.500150015001500050e-03 1.224122412241224062e-01 1.980198019801980222e-02 3.900390039003900477e-03 1.107110711071107173e-01 1.530153015301530077e-02 3.000300030003000100e-03 8.250825082508250752e-02 1.110111011101110046e-02 1.800180018001800103e-03
7.380738073807380228e-02 7.200720072007200413e-03 0.000000000000000000e+00 7.260726072607261161e-02 6.600660066006600740e-03 1.500150015001500050e-03 8.280828082808280866e-02 8.700870087008700030e-03 9.000900090009000517e-04 9.390939093909390911e-02 8.400840084008400627e-03 9.000900090009000517e-04
8.040804080408041343e-02 8.700870087008700030e-03 6.000600060006001067e-04 6.240624062406240763e-02 5.700570057005700797e-03 6.000600060006001067e-04 8.460846084608460160e-02 1.080108010801080105e-02 2.100210021002100157e-03 6.720672067206720501e-02 6.600660066006600740e-03 3.000300030003000534e-04
7.110711071107110592e-02 3.300330033003300370e-03 1.200120012001200213e-03 5.670567056705670683e-02 7.500750075007500683e-03 1.200120012001200213e-03 6.000600060006000547e-02 3.900390039003900477e-03 9.000900090009000517e-04 6.270627062706270183e-02 4.500450045004500584e-03 6.000600060006001067e-04
6.270627062706270183e-02 5.100510051005100257e-03 9.000900090009000517e-04 5.640564056405640569e-02 3.900390039003900477e-03 3.000300030003000534e-04 5.250525052505250478e-02 3.900390039003900477e-03 6.000600060006001067e-04 6.600660066006600046e-02 3.900390039003900477e-03 3.000300030003000534e-04
6.960696069606960024e-02 5.700570057005700797e-03 6.000600060006001067e-04 5.580558055805580342e-02 6.600660066006600740e-03 9.000900090009000517e-04 4.920492049204920615e-02 3.900390039003900477e-03 6.000600060006001067e-04 5.730573057305730911e-02 7.500750075007500683e-03 9.000900090009000517e-04
5.070507050705070490e-02 3.300330033003300370e-03 1.200120012001200213e-03 5.820582058205820558e-02 6.600660066006600740e-03 1.500150015001500050e-03 4.800480048004800160e-02 3.300330033003300370e-03 9.000900090009000517e-04 4.200420042004200660e-02 1.800180018001800103e-03 3.000300030003000534e-04
4.050405040504050092e-02 9.000900090009000517e-04 6.000600060006001067e-04 4.320432043204320421e-02 3.300330033003300370e-03 9.000900090009000517e-04 2.730273027302730290e-02 1.500150015001500050e-03 0.000000000000000000e+00 3.420342034203420478e-02 1.500150015001500050e-03 6.000600060006001067e-04
3.000300030003000273e-02 1.200120012001200213e-03 0.000000000000000000e+00 3.030303030303030387e-02 3.000300030003000100e-03 3.000300030003000534e-04 3.240324032403240490e-02 1.200120012001200213e-03 3.000300030003000534e-04 3.750375037503750342e-02 4.200420042004200313e-03 3.000300030003000534e-04
3.180318031803180262e-02 2.100210021002100157e-03 3.000300030003000534e-04 3.000300030003000273e-02 2.400240024002400427e-03 0.000000000000000000e+00 3.270327032703270603e-02 1.800180018001800103e-03 6.000600060006001067e-04 3.270327032703270603e-02 1.500150015001500050e-03 6.000600060006001067e-04
2.340234023402340199e-02 1.500150015001500050e-03 0.000000000000000000e+00 2.430243024302430194e-02 1.800180018001800103e-03 0.000000000000000000e+00 2.460246024602460307e-02 9.000900090009000517e-04 0.000000000000000000e+00 3.060306030603060154e-02 2.700270027002700263e-03 1.200120012001200213e-03
2.100210021002100330e-02 1.200120012001200213e-03 3.000300030003000534e-04 2.580258025802580416e-02 1.200120012001200213e-03 3.000300030003000534e-04 2.580258025802580416e-02 2.400240024002400427e-03 0.000000000000000000e+00 2.490249024902490421e-02 3.000300030003000534e-04 9.000900090009000517e-04
2.070207020702070216e-02 9.000900090009000517e-04 3.000300030003000534e-04 2.580258025802580416e-02 0.000000000000000000e+00 3.000300030003000534e-04 1.800180018001800233e-02 3.000300030003000534e-04 6.000600060006001067e-04 2.010201020102010336e-02 9.000900090009000517e-04 3.000300030003000534e-04
1.830183018301830347e-02 9.000900090009000517e-04 6.000600060006001067e-04 1.860186018601860114e-02 1.500150015001500050e-03 3.000300030003000534e-04 1.650165016501650012e-02 9.000900090009000517e-04 3.000300030003000534e-04 1.410141014101410142e-02 0.000000000000000000e+00 0.000000000000000000e+00
1.560156015601560191e-02 3.000300030003000534e-04 0.000000000000000000e+00 1.380138013801380202e-02 6.000600060006001067e-04 3.000300030003000534e-04 1.470147014701470196e-02 6.000600060006001067e-04 3.000300030003000534e-04 1.530153015301530077e-02 3.000300030003000534e-04 3.000300030003000534e-04
1.620162016201620245e-02 6.000600060006001067e-04 0.000000000000000000e+00 1.140114011401140159e-02 6.000600060006001067e-04 3.000300030003000534e-04 1.170117011701170100e-02 6.000600060006001067e-04 3.000300030003000534e-04 1.260126012601260094e-02 3.000300030003000534e-04 3.000300030003000534e-04
1.230123012301230154e-02 3.000300030003000534e-04 3.000300030003000534e-04 1.380138013801380202e-02 9.000900090009000517e-04 3.000300030003000534e-04 1.110111011101110046e-02 1.500150015001500050e-03 3.000300030003000534e-04 1.050105010501050165e-02 3.000300030003000534e-04 0.000000000000000000e+00
1.140114011401140159e-02 9.000900090009000517e-04 3.000300030003000534e-04 1.260126012601260094e-02 1.200120012001200213e-03 3.000300030003000534e-04 9.900990099009901110e-03 6.000600060006001067e-04 0.000000000000000000e+00 1.500150015001500137e-02 3.000300030003000534e-04 3.000300030003000534e-04
6.300630063006300470e-03 6.000600060006001067e-04 0.000000000000000000e+00 8.700870087008700030e-03 3.000300030003000534e-04 0.000000000000000000e+00 1.020102010201020051e-02 6.000600060006001067e-04 3.000300030003000534e-04 7.200720072007200413e-03 0.000000000000000000e+00 3.000300030003000534e-04
6.600660066006600740e-03 3.000300030003000534e-04 3.000300030003000534e-04 7.200720072007200413e-03 3.000300030003000534e-04 6.000600060006001067e-04 9.300930093009300570e-03 0.000000000000000000e+00 3.000300030003000534e-04 8.700870087008700030e-03 3.000300030003000534e-04 3.000300030003000534e-04
4.800480048004800854e-03 3.000300030003000534e-04 6.000600060006001067e-04 6.000600060006000200e-03 3.000300030003000534e-04 3.000300030003000534e-04 7.200720072007200413e-03 9.000900090009000517e-04 3.000300030003000534e-04 9.000900090009001167e-03 3.000300030003000534e-04 0.000000000000000000e+00
8.400840084008400627e-03 0.000000000000000000e+00 0.000000000000000000e+00 3.000300030003000100e-03 3.000300030003000534e-04 0.000000000000000000e+00 5.400540054005400527e-03 0.000000000000000000e+00 0.000000000000000000e+00 7.500750075007500683e-03 9.000900090009000517e-04 0.000000000000000000e+00
4.200420042004200313e-03 0.000000000000000000e+00 3.000300030003000534e-04 9.300930093009300570e-03 0.000000000000000000e+00 3.000300030003000534e-04 7.500750075007500683e-03 6.000600060006001067e-04 0.000000000000000000e+00 4.200420042004200313e-03 0.000000000000000000e+00 0.000000000000000000e+00
5.700570057005700797e-03 6.000600060006001067e-04 3.000300030003000534e-04 4.500450045004500584e-03 6.000600060006001067e-04 3.000300030003000534e-04 5.700570057005700797e-03 0.000000000000000000e+00 3.000300030003000534e-04 5.700570057005700797e-03 3.000300030003000534e-04 3.000300030003000534e-04
3.300330033003300370e-03 0.000000000000000000e+00 6.000600060006001067e-04 3.300330033003300370e-03 3.000300030003000534e-04 3.000300030003000534e-04 2.700270027002700263e-03 0.000000000000000000e+00 3.000300030003000534e-04 2.400240024002400427e-03 0.000000000000000000e+00 0.000000000000000000e+00
5.400540054005400527e-03 3.000300030003000534e-04 3.000300030003000534e-04 6.000600060006000200e-03 6.000600060006001067e-04 6.000600060006001067e-04 4.800480048004800854e-03 6.000600060006001067e-04 9.000900090009000517e-04 3.900390039003900477e-03 0.000000000000000000e+00 6.000600060006001067e-04
