9.048000000000000487e-01 9.202000000000000179e-01 9.174999999999999822e-01 9.151000000000000245e-01
8.092000000000000304e-01 8.051000000000000378e-01 8.387999999999999901e-01 8.333000000000000407e-01
7.334000000000000519e-01 7.247999999999999998e-01 7.207000000000000073e-01 7.439999999999999947e-01
6.385999999999999455e-01 7.088999999999999746e-01 6.689000000000000501e-01 6.478000000000000425e-01
5.894000000000000350e-01 6.088999999999999968e-01 5.515999999999999792e-01 6.068999999999999950e-01
5.715000000000000080e-01 5.533000000000000140e-01 5.217000000000000526e-01 5.237000000000000544e-01
4.573999999999999733e-01 5.444999999999999840e-01 4.643999999999999795e-01 4.243999999999999995e-01
4.324999999999999956e-01 4.245999999999999774e-01 4.521999999999999909e-01 3.985000000000000209e-01
3.643000000000000127e-01 3.860999999999999988e-01 3.694999999999999951e-01 3.387000000000000011e-01
3.170000000000000040e-01 3.331999999999999962e-01 3.361999999999999988e-01 3.205000000000000071e-01
2.521999999999999797e-01 2.666000000000000036e-01 2.987000000000000210e-01 2.696999999999999953e-01
2.534000000000000141e-01 2.437999999999999889e-01 2.630000000000000115e-01 2.516999999999999793e-01
2.210999999999999910e-01 2.386999999999999955e-01 2.268999999999999906e-01 2.144999999999999962e-01
1.719999999999999862e-01 1.913999999999999868e-01 1.890999999999999903e-01 2.026999999999999913e-01
1.958000000000000018e-01 1.512999999999999901e-01 1.995999999999999996e-01 1.734999999999999876e-01
1.408999999999999975e-01 1.320999999999999952e-01 1.512000000000000011e-01 1.706999999999999906e-01
1.340000000000000080e-01 1.184999999999999942e-01 1.504999999999999949e-01 1.351999999999999869e-01
1.228000000000000064e-01 1.079999999999999988e-01 1.335000000000000075e-01 1.421000000000000041e-01
1.000000000000000056e-01 1.064999999999999974e-01 1.117999999999999966e-01 1.053000000000000047e-01
1.111000000000000043e-01 1.190999999999999975e-01 9.919999999999999651e-02 8.400000000000000522e-02
7.649999999999999856e-02 8.060000000000000497e-02 8.200000000000000344e-02 8.429999999999999993e-02
7.649999999999999856e-02 6.410000000000000420e-02 7.710000000000000187e-02 7.109999999999999654e-02
7.000000000000000666e-02 6.439999999999999891e-02 6.379999999999999560e-02 6.329999999999999516e-02
5.720000000000000084e-02 4.909999999999999781e-02 5.990000000000000185e-02 6.450000000000000178e-02
6.410000000000000420e-02 6.119999999999999746e-02 5.569999999999999951e-02 5.909999999999999976e-02
5.410000000000000225e-02 6.460000000000000464e-02 5.240000000000000213e-02 3.869999999999999829e-02
4.279999999999999777e-02 4.290000000000000063e-02 3.570000000000000256e-02 3.769999999999999740e-02
3.169999999999999901e-02 3.370000000000000079e-02 3.119999999999999857e-02 3.119999999999999857e-02
2.929999999999999966e-02 2.869999999999999982e-02 3.109999999999999917e-02 2.939999999999999905e-02
2.450000000000000094e-02 2.610000000000000167e-02 3.020000000000000115e-02 3.099999999999999978e-02
2.069999999999999965e-02 2.319999999999999840e-02 2.479999999999999913e-02 2.299999999999999961e-02
2.000000000000000042e-02 2.460000000000000034e-02 2.280000000000000082e-02 2.359999999999999945e-02
1.830000000000000029e-02 2.270000000000000143e-02 1.770000000000000046e-02 1.640000000000000138e-02
1.389999999999999916e-02 1.549999999999999989e-02 1.209999999999999964e-02 1.660000000000000017e-02
1.280000000000000061e-02 1.290000000000000001e-02 1.159999999999999920e-02 1.820000000000000090e-02
1.389999999999999916e-02 1.340000000000000045e-02 1.170000000000000033e-02 1.329999999999999932e-02
1.030000000000000013e-02 1.039999999999999952e-02 1.080000000000000057e-02 1.290000000000000001e-02
9.199999999999999845e-03 9.299999999999999239e-03 1.140000000000000041e-02 1.030000000000000013e-02
7.799999999999999642e-03 6.499999999999999702e-03 1.009999999999999960e-02 9.499999999999999764e-03
8.099999999999999561e-03 7.799999999999999642e-03 8.300000000000000086e-03 9.199999999999999845e-03
6.400000000000000307e-03 6.400000000000000307e-03 6.199999999999999782e-03 5.799999999999999600e-03
4.100000000000000346e-03 6.599999999999999964e-03 8.699999999999999400e-03 4.700000000000000185e-03
4.899999999999999842e-03 7.499999999999999722e-03 4.199999999999999740e-03 6.599999999999999964e-03
4.100000000000000346e-03 3.299999999999999982e-03 4.899999999999999842e-03 4.300000000000000003e-03
3.700000000000000164e-03 5.100000000000000366e-03 3.099999999999999891e-03 3.000000000000000062e-03
