9.027902790279018763e-01 9.765976597659764558e-01 1.022502250225021170e+00 9.597959795979598141e-01
8.670867086708661242e-01 1.041104110411040118e+00 9.741974197419734915e-01 9.669966996699663753e-01
8.535853585358528228e-01 9.144914491449150917e-01 8.658865886588658078e-01 9.879987998799879545e-01
9.795979597959796337e-01 1.048904890489049002e+00 8.223822382238218376e-01 1.051005100510051582e+00
8.637863786378638942e-01 8.589858985898594090e-01 9.324932493249327159e-01 8.781878187818783488e-01
8.298829882988302264e-01 9.084908490849087359e-01 9.318931893189326132e-01 9.222922292229226437e-01
8.268826882688271596e-01 8.913891389138915988e-01 7.446744674467448144e-01 8.193819381938203250e-01
8.484848484848498407e-01 7.449744974497457539e-01 8.094809480948100822e-01 6.969696969696972388e-01
8.049804980498060925e-01 8.373837383738378382e-01 7.293729372937297617e-01 7.311731173117320681e-01
6.753675367536760010e-01 7.173717371737183823e-01 6.594659465946604016e-01 6.669666966696679022e-01
5.445544554455453712e-01 5.994599459946002851e-01 6.990699069906999297e-01 6.273627362736283741e-01
5.673567356735683687e-01 5.856585658565863772e-01 5.961596159615969448e-01 5.658565856585663356e-01
4.971497149714977914e-01 5.337533753375346413e-01 5.655565556555662843e-01 4.881488148814887573e-01
4.218421842184223447e-01 4.851485148514858015e-01 4.095409540954101368e-01 4.806480648064813122e-01
5.058505850585065522e-01 3.405340534053409862e-01 4.902490249024908375e-01 4.398439843984405795e-01
3.573357335733577944e-01 3.492349234923498025e-01 3.591359135913597123e-01 4.341434143414346636e-01
3.594359435943599856e-01 3.360336033603365524e-01 3.900390039003907017e-01 3.669366936693675418e-01
3.252325232523257115e-01 2.820282028202825142e-01 3.789378937893794763e-01 3.708370837083713734e-01
2.802280228022807629e-01 2.973297329732979000e-01 2.940294029402945042e-01 3.108310831083113124e-01
3.129312931293135036e-01 3.117311731173121880e-01 2.892289228922896860e-01 2.160216021602164305e-01
1.998199819982000858e-01 1.995199519951998401e-01 2.232223222322236023e-01 2.574257425742578209e-01
2.157215721572161016e-01 1.707170717071709864e-01 2.235223522352239034e-01 1.821182118211824019e-01
2.046204620462049872e-01 1.488148814881490589e-01 1.692169216921695085e-01 1.752175217521754480e-01
1.737173717371739701e-01 1.578157815781580653e-01 1.464146414641466498e-01 1.866186618661869745e-01
1.923192319231926961e-01 1.485148514851487023e-01 1.365136513651367400e-01 1.503150315031505091e-01
1.434143414341436384e-01 1.563156315631565318e-01 1.350135013501352066e-01 1.209120912091211225e-01
1.194119411941196307e-01 1.206120612061207659e-01 7.740774077407754084e-02 9.870987098709889385e-02
8.640864086408653333e-02 8.220822082208233128e-02 9.390939093909407565e-02 1.002100210021003995e-01
8.940894089408957246e-02 8.280828082808298907e-02 9.330933093309348725e-02 9.420942094209440454e-02
6.570657065706579647e-02 6.750675067506761717e-02 7.110711071107123082e-02 8.490849084908506927e-02
5.970597059705982229e-02 7.410741074107424220e-02 7.020702070207031353e-02 7.470747074707483060e-02
5.970597059705980147e-02 7.770777077707788361e-02 5.370537053705380648e-02 5.790579057905800159e-02
5.280528052805290307e-02 5.160516051605168464e-02 4.710471047104719533e-02 4.230423042304238407e-02
4.590459045904600466e-02 3.990399039903998885e-02 4.260426042604269214e-02 4.530453045304538157e-02
4.680468046804689419e-02 3.270327032703276154e-02 3.360336033603365108e-02 3.720372037203727167e-02
3.630363036303636826e-02 3.900390039003907849e-02 2.910291029102913402e-02 3.060306030603065358e-02
3.180318031803187201e-02 3.450345034503455449e-02 2.790279027902795028e-02 4.440444044404449897e-02
1.710171017101713362e-02 2.520252025202524351e-02 2.910291029102914789e-02 2.190219021902193794e-02
1.920192019201923117e-02 2.130213021302133566e-02 2.820282028202825142e-02 2.550255025502554812e-02
1.410141014101412744e-02 1.740174017401743128e-02 1.920192019201923117e-02 2.610261026102615040e-02
2.520252025202524351e-02 8.100810081008111632e-03 1.620162016201623714e-02 1.980198019801982998e-02
1.290129012901292810e-02 2.820282028202825142e-02 2.070207020702074727e-02 1.260126012601262176e-02
1.560156015601562793e-02 1.200120012001202469e-02 1.740174017401743475e-02 1.650165016501652787e-02
1.050105010501052247e-02 9.300930093009317917e-03 8.400840084008416239e-03 7.200720072007214291e-03
1.560156015601562446e-02 1.680168016801682901e-02 1.350135013501352517e-02 1.230123012301232235e-02
