9.554000000000000270e-01 9.491000000000000547e-01 9.478999999999999648e-01 9.637999999999999901e-01
8.910000000000000142e-01 8.944999999999999618e-01 8.911000000000000032e-01 9.026999999999999469e-01
8.468999999999999861e-01 8.400999999999999579e-01 8.378999999999999782e-01 8.648000000000000131e-01
8.329999999999999627e-01 8.087999999999999634e-01 8.030000000000000471e-01 8.124000000000000110e-01
7.927999999999999492e-01 7.811000000000000165e-01 7.465000000000000524e-01 7.439000000000000057e-01
7.006000000000000005e-01 7.241999999999999549e-01 7.126000000000000112e-01 6.948999999999999622e-01
6.592999999999999972e-01 6.959999999999999520e-01 6.612999999999999989e-01 6.776999999999999691e-01
6.432999999999999829e-01 6.403999999999999693e-01 6.201999999999999735e-01 6.270999999999999908e-01
6.165000000000000480e-01 5.896000000000000130e-01 5.978999999999999870e-01 6.270000000000000018e-01
5.462000000000000188e-01 5.645000000000000018e-01 5.662000000000000366e-01 5.611000000000000432e-01
5.303999999999999826e-01 5.303999999999999826e-01 5.214999999999999636e-01 5.213999999999999746e-01
4.895999999999999797e-01 4.923000000000000154e-01 5.081999999999999851e-01 5.255999999999999561e-01
4.879000000000000004e-01 4.223000000000000087e-01 4.714999999999999747e-01 4.732999999999999985e-01
4.127000000000000113e-01 4.243999999999999995e-01 4.340999999999999859e-01 4.177000000000000157e-01
3.963999999999999746e-01 4.022999999999999909e-01 3.689000000000000057e-01 3.790999999999999925e-01
3.688000000000000167e-01 3.956999999999999962e-01 3.775000000000000022e-01 3.775999999999999912e-01
3.854000000000000203e-01 3.614999999999999880e-01 3.622000000000000219e-01 3.748000000000000220e-01
3.412000000000000033e-01 3.462000000000000077e-01 3.184000000000000163e-01 3.138000000000000234e-01
3.250000000000000111e-01 3.516000000000000236e-01 3.099999999999999978e-01 3.508000000000000007e-01
3.275000000000000133e-01 2.852000000000000091e-01 2.837000000000000077e-01 2.853999999999999870e-01
2.636999999999999900e-01 2.660000000000000142e-01 2.642999999999999794e-01 2.707999999999999852e-01
2.906000000000000250e-01 2.500000000000000000e-01 2.665000000000000147e-01 2.682999999999999829e-01
2.280999999999999972e-01 2.401999999999999968e-01 2.589000000000000190e-01 2.600000000000000089e-01
2.293000000000000038e-01 2.156000000000000139e-01 2.129000000000000059e-01 2.250999999999999945e-01
1.967000000000000137e-01 2.126000000000000112e-01 2.059999999999999887e-01 2.177000000000000046e-01
2.069000000000000006e-01 2.131000000000000116e-01 2.089000000000000024e-01 2.069999999999999896e-01
1.976999999999999869e-01 1.768000000000000127e-01 1.718000000000000083e-01 1.942000000000000115e-01
1.660000000000000087e-01 1.680999999999999994e-01 1.779000000000000026e-01 1.816000000000000114e-01
1.602000000000000091e-01 1.608999999999999875e-01 1.557000000000000051e-01 1.618999999999999884e-01
1.426999999999999935e-01 1.468000000000000138e-01 1.673000000000000043e-01 1.620000000000000051e-01
1.539000000000000090e-01 1.502000000000000002e-01 1.406999999999999917e-01 1.434999999999999887e-01
1.295000000000000040e-01 1.233000000000000068e-01 1.313999999999999890e-01 1.453000000000000125e-01
1.343999999999999917e-01 1.396999999999999909e-01 1.252000000000000057e-01 1.164000000000000035e-01
1.308999999999999886e-01 1.221000000000000002e-01 1.332000000000000128e-01 1.315000000000000058e-01
1.150999999999999940e-01 1.102000000000000063e-01 1.039000000000000062e-01 1.053000000000000047e-01
1.048000000000000043e-01 1.014000000000000040e-01 9.379999999999999449e-02 1.137999999999999984e-01
1.010999999999999954e-01 1.055999999999999994e-01 9.569999999999999341e-02 1.029999999999999943e-01
1.067000000000000032e-01 1.040999999999999981e-01 8.770000000000000018e-02 9.879999999999999893e-02
9.560000000000000442e-02 8.450000000000000566e-02 8.550000000000000655e-02 1.024999999999999939e-01
7.829999999999999460e-02 7.209999999999999742e-02 8.619999999999999885e-02 7.510000000000000009e-02
6.869999999999999718e-02 7.839999999999999747e-02 7.290000000000000646e-02 7.969999999999999307e-02
6.579999999999999738e-02 6.980000000000000093e-02 6.940000000000000335e-02 7.359999999999999876e-02
7.280000000000000360e-02 6.729999999999999871e-02 6.529999999999999694e-02 5.970000000000000306e-02
6.579999999999999738e-02 6.529999999999999694e-02 6.819999999999999674e-02 6.700000000000000400e-02
5.729999999999999677e-02 5.899999999999999689e-02 5.519999999999999907e-02 6.049999999999999822e-02
5.550000000000000072e-02 5.700000000000000205e-02 6.149999999999999911e-02 5.820000000000000173e-02
5.269999999999999685e-02 5.380000000000000060e-02 5.519999999999999907e-02 4.700000000000000011e-02
5.149999999999999717e-02 5.489999999999999741e-02 4.800000000000000100e-02 4.719999999999999890e-02
4.889999999999999902e-02 4.240000000000000019e-02 5.179999999999999882e-02 4.920000000000000068e-02
5.059999999999999915e-02 4.170000000000000095e-02 4.580000000000000043e-02 4.379999999999999866e-02
4.490000000000000241e-02 4.390000000000000152e-02 3.670000000000000345e-02 3.810000000000000192e-02
3.930000000000000160e-02 3.690000000000000224e-02 4.080000000000000293e-02 3.760000000000000148e-02
4.009999999999999676e-02 3.819999999999999785e-02 3.579999999999999849e-02 3.500000000000000333e-02
3.729999999999999982e-02 3.559999999999999970e-02 3.690000000000000224e-02 3.490000000000000047e-02
2.999999999999999889e-02 3.320000000000000034e-02 3.130000000000000143e-02 3.549999999999999684e-02
3.400000000000000244e-02 3.099999999999999978e-02 3.099999999999999978e-02 2.989999999999999949e-02
3.070000000000000159e-02 2.649999999999999925e-02 3.219999999999999946e-02 2.719999999999999848e-02
2.889999999999999861e-02 2.779999999999999832e-02 2.910000000000000087e-02 2.980000000000000010e-02
2.489999999999999852e-02 2.369999999999999885e-02 2.699999999999999969e-02 2.980000000000000010e-02
2.589999999999999941e-02 2.740000000000000074e-02 2.050000000000000086e-02 2.680000000000000090e-02
2.479999999999999913e-02 2.009999999999999981e-02 2.429999999999999868e-02 2.040000000000000147e-02
2.319999999999999840e-02 2.539999999999999897e-02 2.110000000000000070e-02 1.959999999999999937e-02
2.270000000000000143e-02 2.060000000000000026e-02 2.160000000000000114e-02 2.100000000000000130e-02
1.760000000000000106e-02 1.919999999999999832e-02 1.959999999999999937e-02 2.280000000000000082e-02
1.830000000000000029e-02 1.909999999999999892e-02 1.839999999999999969e-02 2.079999999999999905e-02
1.820000000000000090e-02 1.880000000000000074e-02 1.940000000000000058e-02 1.919999999999999832e-02
1.660000000000000017e-02 1.770000000000000046e-02 1.679999999999999896e-02 1.760000000000000106e-02
1.490000000000000005e-02 1.729999999999999941e-02 1.519999999999999997e-02 1.439999999999999961e-02
1.510000000000000057e-02 1.529999999999999936e-02 1.600000000000000033e-02 1.629999999999999852e-02
1.669999999999999957e-02 1.349999999999999985e-02 1.290000000000000001e-02 1.359999999999999924e-02
1.149999999999999981e-02 1.230000000000000017e-02 1.559999999999999928e-02 1.480000000000000066e-02
1.359999999999999924e-02 1.020000000000000073e-02 1.190000000000000085e-02 1.379999999999999977e-02
1.179999999999999973e-02 1.190000000000000085e-02 1.110000000000000049e-02 1.119999999999999989e-02
1.370000000000000037e-02 1.159999999999999920e-02 1.099999999999999936e-02 1.190000000000000085e-02
1.149999999999999981e-02 1.190000000000000085e-02 1.069999999999999944e-02 9.599999999999999159e-03
