9.513951395139513822e-01 9.285928592859286068e-01 9.078907890789078561e-01 9.531953195319532446e-01 9.141914191419141522e-01 9.015901590159015599e-01 9.396939693969397212e-01 9.114911491149114697e-01 8.778877887788778533e-01 9.594959495949595407e-01 9.384938493849385166e-01 9.291929192919291536e-01
8.928892889288928547e-01 8.151815181518151654e-01 7.347734773477347936e-01 8.967896789678967417e-01 8.115811581158115517e-01 7.323732373237323845e-01 8.955895589558955372e-01 7.860786078607860938e-01 7.485748574857485904e-01 9.015901590159015599e-01 8.241824182418241440e-01 7.794779477947795243e-01
8.430843084308430324e-01 7.437743774377437722e-01 6.339633963396339444e-01 8.418841884188419389e-01 7.062706270627062688e-01 6.069606960696070086e-01 8.340834083408340538e-01 7.095709570957096091e-01 6.027602760276027372e-01 8.487848784878487818e-01 7.539753975397539554e-01 6.573657365736573777e-01
8.214821482148214615e-01 7.041704170417041331e-01 5.796579657965796883e-01 8.022802280228022997e-01 6.738673867386738570e-01 5.481548154815482077e-01 8.004800480048004374e-01 6.288628862886288529e-01 5.472547254725472765e-01 7.992799279927992329e-01 6.768676867686768128e-01 5.706570657065707097e-01
7.992799279927992329e-01 6.510651065106510815e-01 5.343534353435342998e-01 7.734773477347735016e-01 6.228622862286228301e-01 4.872487248724872710e-01 7.488748874887488638e-01 5.826582658265826442e-01 4.245424542454245276e-01 7.434743474347434988e-01 5.790579057905790306e-01 4.239423942394239253e-01
6.981698169816982213e-01 4.989498949894989321e-01 3.594359435943594305e-01 7.302730273027302488e-01 5.382538253825382979e-01 4.068406840684068437e-01 7.266726672667266351e-01 5.301530153015301394e-01 3.876387638763876264e-01 7.086708670867086779e-01 4.752475247524752255e-01 3.684368436843684091e-01
6.684668466846684920e-01 4.644464446444644401e-01 3.135313531353135508e-01 6.906690669066907207e-01 4.782478247824782369e-01 3.597359735973597594e-01 6.696669666966696965e-01 4.323432343234323572e-01 2.976297629762976182e-01 6.681668166816682186e-01 4.377437743774377221e-01 3.249324932493249385e-01
6.465646564656465367e-01 4.068406840684068437e-01 2.778277827782778542e-01 6.381638163816382159e-01 3.990399039903990142e-01 2.853285328532853549e-01 6.114611461146114424e-01 3.909390939093909667e-01 2.421242124212421298e-01 6.390639063906390360e-01 3.693369336933693403e-01 2.664266426642664110e-01
6.123612361236123736e-01 4.017401740174017521e-01 2.604260426042604437e-01 6.006600660066007125e-01 3.444344434443444292e-01 2.178217821782178210e-01 5.859585958595859845e-01 3.489348934893489185e-01 2.217221722172217357e-01 6.198619861986198742e-01 3.933393339333933203e-01 2.610261026102610460e-01
5.490549054905490278e-01 3.114311431143114151e-01 1.704170417041704078e-01 5.640564056405640292e-01 3.450345034503450314e-01 2.043204320432043253e-01 5.874587458745874624e-01 3.390339033903390087e-01 2.046204620462046264e-01 5.601560156015601422e-01 3.339333933393339171e-01 1.926192619261926087e-01
5.085508550855085685e-01 3.060306030603060501e-01 1.560156015601560087e-01 5.376537653765376401e-01 3.138313831383138242e-01 1.890189018901890228e-01 5.226522652265226387e-01 3.147314731473147553e-01 1.527152715271527239e-01 5.049504950495049549e-01 2.658265826582658087e-01 1.521152115211521216e-01
4.875487548754875444e-01 2.355235523552355326e-01 1.311131113111311253e-01 4.953495349534953740e-01 2.442244224422442378e-01 1.386138613861386260e-01 5.169516951695170004e-01 2.520252025202520119e-01 1.470147014701470023e-01 5.277527752775277303e-01 2.823282328232823435e-01 1.650165016501650150e-01
4.929492949294929649e-01 2.208220822082208323e-01 1.398139813981398027e-01 4.140414041404140155e-01 1.875187518751875171e-01 8.010801080108011230e-02 4.746474647464746233e-01 2.202220222022202301e-01 1.245124512451245141e-01 4.617461746174617576e-01 2.448244824482448123e-01 1.260126012601260059e-01
4.254425442544254587e-01 1.746174617461746237e-01 7.590759075907591025e-02 4.242424242424242542e-01 1.995199519951995071e-01 8.910891089108910479e-02 4.248424842484248565e-01 2.151215121512151107e-01 8.580858085808580615e-02 4.071407140714071171e-01 1.896189618961896250e-01 7.740774077407740206e-02
3.861386138613861485e-01 1.614161416141614291e-01 7.770777077707770319e-02 4.134413441344134688e-01 1.764176417641764305e-01 8.160816081608160411e-02 3.837383738373837394e-01 1.479147914791479057e-01 5.610561056105610456e-02 3.762376237623762387e-01 1.404140414041404050e-01 6.840684068406840956e-02
3.750375037503750342e-01 1.515151515151515194e-01 6.360636063606360524e-02 3.942394239423942515e-01 1.689168916891689298e-01 8.190819081908190524e-02 3.774377437743774433e-01 1.509150915091509171e-01 5.760576057605760331e-02 3.618361836183618396e-01 1.542154215421542018e-01 6.060606060606060774e-02
3.591359135913591571e-01 1.629162916291629071e-01 6.570657065706571320e-02 3.588358835883588283e-01 1.362136213621362169e-01 4.860486048604860387e-02 3.843384338433843417e-01 1.434143414341434164e-01 5.850585058505850672e-02 3.768376837683768410e-01 1.434143414341434164e-01 6.930693069306931298e-02
3.402340234023402132e-01 1.353135313531353134e-01 5.040504050405040376e-02 3.393339333933393376e-01 1.311131113111311253e-01 5.130513051305130717e-02 3.147314731473147553e-01 1.041104110411041062e-01 4.140414041404140433e-02 3.225322532253225294e-01 1.149114911491149055e-01 4.260426042604260194e-02
3.198319831983198469e-01 9.960996099609961685e-02 3.810381038103810569e-02 3.519351935193519298e-01 1.344134413441344100e-01 5.490549054905490695e-02 3.249324932493249385e-01 1.230123012301230084e-01 3.870387038703870103e-02 3.360336033603360528e-01 1.365136513651365180e-01 5.520552055205520808e-02
3.462346234623462360e-01 1.221122112211221189e-01 4.740474047404740626e-02 2.895289528952895153e-01 9.210921092109210229e-02 3.120312031203120381e-02 2.781278127812781276e-01 8.430843084308431434e-02 2.880288028802880165e-02 2.856285628562856282e-01 8.520852085208520388e-02 2.970297029702970160e-02
2.679267926792679444e-01 7.470747074707470570e-02 2.340234023402340199e-02 2.532253225322532164e-01 8.610861086108610729e-02 2.340234023402340199e-02 2.478247824782478237e-01 7.650765076507651252e-02 2.700270027002700177e-02 2.781278127812781276e-01 8.070807080708071457e-02 2.880288028802880165e-02
3.054305430543054478e-01 9.570957095709571594e-02 4.020402040204020672e-02 2.460246024602460169e-01 7.050705070507050365e-02 2.160216021602160211e-02 2.694269426942694223e-01 8.370837083708371207e-02 3.030303030303030387e-02 2.790279027902790032e-01 9.030903090309030934e-02 3.060306030603060154e-02
2.397239723972397207e-01 5.670567056705670683e-02 1.710171017101710239e-02 2.331233123312331235e-01 6.600660066006600046e-02 2.070207020702070216e-02 2.601260126012601148e-01 6.900690069006901184e-02 1.950195019501950108e-02 2.742274227422742405e-01 8.280828082808280866e-02 2.220222022202220091e-02
2.241224122412241171e-01 5.640564056405640569e-02 1.770177017701770120e-02 2.247224722472247194e-01 5.100510051005100604e-02 1.290129012901290208e-02 2.076207620762076100e-01 4.830483048304830274e-02 1.620162016201620245e-02 2.304230423042304132e-01 6.240624062406240763e-02 1.680168016801680125e-02
2.022202220222022173e-01 4.980498049804980842e-02 1.350135013501350088e-02 2.136213621362136328e-01 5.970597059705970433e-02 1.410141014101410142e-02 2.160216021602160141e-01 4.740474047404740626e-02 1.590159015901590131e-02 2.118211821182118260e-01 5.100510051005100604e-02 1.710171017101710239e-02
2.196219621962196278e-01 5.580558055805580342e-02 1.470147014701470196e-02 2.175217521752175198e-01 4.890489048904890501e-02 1.410141014101410142e-02 2.136213621362136328e-01 4.680468046804680399e-02 1.800180018001800233e-02 1.986198619861986314e-01 4.170417041704170547e-02 1.620162016201620245e-02
1.887188718871887216e-01 4.590459045904590751e-02 1.560156015601560191e-02 1.761176117611761294e-01 3.660366036603660694e-02 9.000900090009001167e-03 1.749174917491749248e-01 3.090309030903090268e-02 6.600660066006600740e-03 1.833183318331833289e-01 4.380438043804380649e-02 1.200120012001200040e-02
1.710171017101710100e-01 2.850285028502850398e-02 7.800780078007800954e-03 1.701170117011701066e-01 3.360336033603360251e-02 9.000900090009001167e-03 1.752175217521752260e-01 4.380438043804380649e-02 1.080108010801080105e-02 1.767176717671767039e-01 4.350435043504350535e-02 1.260126012601260094e-02
1.602160216021602246e-01 3.420342034203420478e-02 8.700870087008700030e-03 1.557155715571557075e-01 2.670267026702670410e-02 7.800780078007800954e-03 1.548154815481548041e-01 3.030303030303030387e-02 8.400840084008400627e-03 1.620162016201620037e-01 2.730273027302730290e-02 1.020102010201020051e-02
1.437143714371437175e-01 3.030303030303030387e-02 5.400540054005400527e-03 1.506150615061506159e-01 2.400240024002400080e-02 9.000900090009001167e-03 1.605160516051605257e-01 3.510351035103510126e-02 1.200120012001200040e-02 1.725172517251725157e-01 3.450345034503450592e-02 1.020102010201020051e-02
1.476147614761476046e-01 2.760276027602760404e-02 8.700870087008700030e-03 1.557155715571557075e-01 2.100210021002100330e-02 6.600660066006600740e-03 1.419141914191419107e-01 2.610261026102610182e-02 6.600660066006600740e-03 1.398139813981398027e-01 2.670267026702670410e-02 8.400840084008400627e-03
1.332133213321332055e-01 2.670267026702670410e-02 6.600660066006600740e-03 1.227122712271227073e-01 2.160216021602160211e-02 7.200720072007200413e-03 1.338133813381338078e-01 2.250225022502250205e-02 5.400540054005400527e-03 1.407140714071407062e-01 2.490249024902490421e-02 1.110111011101110046e-02
1.335133513351335066e-01 2.370237023702370313e-02 8.400840084008400627e-03 1.368136813681368191e-01 2.190219021902190324e-02 1.020102010201020051e-02 1.131113111311131125e-01 1.830183018301830347e-02 5.400540054005400527e-03 1.167116711671167123e-01 1.830183018301830347e-02 6.000600060006000200e-03
1.227122712271227073e-01 1.470147014701470196e-02 5.400540054005400527e-03 1.215121512151215166e-01 2.190219021902190324e-02 6.000600060006000200e-03 1.308130813081308241e-01 1.800180018001800233e-02 5.700570057005700797e-03 1.191119111911191075e-01 2.100210021002100330e-02 9.600960096009601707e-03
1.236123612361236107e-01 1.950195019501950108e-02 6.900690069006901010e-03 9.630963096309630433e-02 1.590159015901590131e-02 5.700570057005700797e-03 9.930993099309931571e-02 1.560156015601560191e-02 5.700570057005700797e-03 1.086108610861086093e-01 1.320132013201320148e-02 7.200720072007200413e-03
9.720972097209720775e-02 1.110111011101110046e-02 4.500450045004500584e-03 9.660966096609660547e-02 1.470147014701470196e-02 3.900390039003900477e-03 9.900990099009901457e-02 1.350135013501350088e-02 4.200420042004200313e-03 1.080108010801080071e-01 2.010201020102010336e-02 4.500450045004500584e-03
1.002100210021002052e-01 1.680168016801680125e-02 4.200420042004200313e-03 1.065106510651065153e-01 1.350135013501350088e-02 7.500750075007500683e-03 1.008100810081008075e-01 2.100210021002100330e-02 3.600360036003600207e-03 1.014101410141014098e-01 1.500150015001500137e-02 6.300630063006300470e-03
9.990999099909990411e-02 1.350135013501350088e-02 3.900390039003900477e-03 9.930993099309931571e-02 1.530153015301530077e-02 7.500750075007500683e-03 9.090909090909091161e-02 1.440144014401440083e-02 2.100210021002100157e-03 9.780978097809781002e-02 1.620162016201620245e-02 2.400240024002400427e-03
1.008100810081008075e-01 1.560156015601560191e-02 5.100510051005100257e-03 8.520852085208520388e-02 1.200120012001200040e-02 3.000300030003000100e-03 9.360936093609360797e-02 1.350135013501350088e-02 5.100510051005100257e-03 9.660966096609660547e-02 1.560156015601560191e-02 4.500450045004500584e-03
7.950795079507951002e-02 6.300630063006300470e-03 5.100510051005100257e-03 6.870687068706871070e-02 9.600960096009601707e-03 6.300630063006300470e-03 9.030903090309030934e-02 1.350135013501350088e-02 4.200420042004200313e-03 8.130813081308130297e-02 9.900990099009901110e-03 3.600360036003600207e-03
7.770777077707770319e-02 6.600660066006600740e-03 3.000300030003000100e-03 7.740774077407740206e-02 1.020102010201020051e-02 4.800480048004800854e-03 6.870687068706871070e-02 9.600960096009601707e-03 6.000600060006000200e-03 8.070807080708071457e-02 1.290129012901290208e-02 4.800480048004800854e-03
6.450645064506450865e-02 6.900690069006901010e-03 5.100510051005100257e-03 7.500750075007500683e-02 8.400840084008400627e-03 5.100510051005100257e-03 5.850585058505850672e-02 9.000900090009001167e-03 4.800480048004800854e-03 6.420642064206420752e-02 8.400840084008400627e-03 2.700270027002700263e-03
7.320732073207321389e-02 9.300930093009300570e-03 5.700570057005700797e-03 6.750675067506750615e-02 8.400840084008400627e-03 4.200420042004200313e-03 6.510651065106511093e-02 8.400840084008400627e-03 5.100510051005100257e-03 6.210621062106210649e-02 7.500750075007500683e-03 3.000300030003000100e-03
6.450645064506450865e-02 1.170117011701170100e-02 4.200420042004200313e-03 6.870687068706871070e-02 6.600660066006600740e-03 4.500450045004500584e-03 7.140714071407140706e-02 7.200720072007200413e-03 4.200420042004200313e-03 6.240624062406240763e-02 1.110111011101110046e-02 5.400540054005400527e-03
5.580558055805580342e-02 9.600960096009601707e-03 4.200420042004200313e-03 6.570657065706571320e-02 9.000900090009001167e-03 4.500450045004500584e-03 5.550555055505550228e-02 4.200420042004200313e-03 3.000300030003000100e-03 5.760576057605760331e-02 6.600660066006600740e-03 2.700270027002700263e-03
5.250525052505250478e-02 6.600660066006600740e-03 3.600360036003600207e-03 5.190519051905190251e-02 7.500750075007500683e-03 4.800480048004800854e-03 6.270627062706270183e-02 7.500750075007500683e-03 4.200420042004200313e-03 5.640564056405640569e-02 1.110111011101110046e-02 4.200420042004200313e-03
5.070507050705070490e-02 5.400540054005400527e-03 2.100210021002100157e-03 5.910591059105910899e-02 7.200720072007200413e-03 3.900390039003900477e-03 5.610561056105610456e-02 6.900690069006901010e-03 3.300330033003300370e-03 4.860486048604860387e-02 6.900690069006901010e-03 5.400540054005400527e-03
5.550555055505550228e-02 6.900690069006901010e-03 4.500450045004500584e-03 5.940594059405940319e-02 6.900690069006901010e-03 3.900390039003900477e-03 4.890489048904890501e-02 6.600660066006600740e-03 6.600660066006600740e-03 4.500450045004500410e-02 6.600660066006600740e-03 5.100510051005100257e-03
4.590459045904590751e-02 6.000600060006000200e-03 2.700270027002700263e-03 4.410441044104410763e-02 6.300630063006300470e-03 3.900390039003900477e-03 5.580558055805580342e-02 7.200720072007200413e-03 4.500450045004500584e-03 5.160516051605160831e-02 6.300630063006300470e-03 3.300330033003300370e-03
4.680468046804680399e-02 6.600660066006600740e-03 4.200420042004200313e-03 4.590459045904590751e-02 4.200420042004200313e-03 2.700270027002700263e-03 4.980498049804980842e-02 5.100510051005100257e-03 6.000600060006000200e-03 4.950495049504950729e-02 3.300330033003300370e-03 5.700570057005700797e-03
3.810381038103810569e-02 5.400540054005400527e-03 6.000600060006000200e-03 4.890489048904890501e-02 7.500750075007500683e-03 2.400240024002400427e-03 3.930393039303930330e-02 4.500450045004500584e-03 2.100210021002100157e-03 4.170417041704170547e-02 6.900690069006901010e-03 5.700570057005700797e-03
3.930393039303930330e-02 4.500450045004500584e-03 5.700570057005700797e-03 4.230423042304230080e-02 4.800480048004800854e-03 3.900390039003900477e-03 3.870387038703870103e-02 7.200720072007200413e-03 2.400240024002400427e-03 4.260426042604260194e-02 5.700570057005700797e-03 4.500450045004500584e-03
3.630363036303630581e-02 3.900390039003900477e-03 4.500450045004500584e-03 3.600360036003600467e-02 4.500450045004500584e-03 4.500450045004500584e-03 3.300330033003300023e-02 3.900390039003900477e-03 3.000300030003000100e-03 3.330333033303330137e-02 5.700570057005700797e-03 3.300330033003300370e-03
3.960396039603960444e-02 4.500450045004500584e-03 3.600360036003600207e-03 3.150315031503150148e-02 4.800480048004800854e-03 2.700270027002700263e-03 3.480348034803480012e-02 1.500150015001500050e-03 4.500450045004500584e-03 3.120312031203120381e-02 3.900390039003900477e-03 3.600360036003600207e-03
3.360336033603360251e-02 2.700270027002700263e-03 3.900390039003900477e-03 3.360336033603360251e-02 6.000600060006000200e-03 5.100510051005100257e-03 3.300330033003300023e-02 5.400540054005400527e-03 6.300630063006300470e-03 3.420342034203420478e-02 4.500450045004500584e-03 5.700570057005700797e-03
3.510351035103510126e-02 4.500450045004500584e-03 3.300330033003300370e-03 2.880288028802880165e-02 4.800480048004800854e-03 3.900390039003900477e-03 3.180318031803180262e-02 7.200720072007200413e-03 4.200420042004200313e-03 3.210321032103210376e-02 6.300630063006300470e-03 3.000300030003000100e-03
3.210321032103210376e-02 5.400540054005400527e-03 5.400540054005400527e-03 2.910291029102910279e-02 4.500450045004500584e-03 4.800480048004800854e-03 3.030303030303030387e-02 4.500450045004500584e-03 4.200420042004200313e-03 3.120312031203120381e-02 4.800480048004800854e-03 3.000300030003000100e-03
2.310231023102310086e-02 3.600360036003600207e-03 3.300330033003300370e-03 2.400240024002400080e-02 4.200420042004200313e-03 4.200420042004200313e-03 3.000300030003000273e-02 5.700570057005700797e-03 4.200420042004200313e-03 2.850285028502850398e-02 4.500450045004500584e-03 3.300330033003300370e-03
2.280228022802280319e-02 4.200420042004200313e-03 2.700270027002700263e-03 1.830183018301830347e-02 3.000300030003000100e-03 3.600360036003600207e-03 2.670267026702670410e-02 6.300630063006300470e-03 4.200420042004200313e-03 2.700270027002700177e-02 4.800480048004800854e-03 5.100510051005100257e-03
2.850285028502850398e-02 5.400540054005400527e-03 5.100510051005100257e-03 3.150315031503150148e-02 4.200420042004200313e-03 5.400540054005400527e-03 1.860186018601860114e-02 5.100510051005100257e-03 4.200420042004200313e-03 2.520252025202520188e-02 4.500450045004500584e-03 5.100510051005100257e-03
2.100210021002100330e-02 4.500450045004500584e-03 5.400540054005400527e-03 2.400240024002400080e-02 3.000300030003000100e-03 3.600360036003600207e-03 2.340234023402340199e-02 5.400540054005400527e-03 5.700570057005700797e-03 2.160216021602160211e-02 4.800480048004800854e-03 2.100210021002100157e-03
2.220222022202220091e-02 6.300630063006300470e-03 2.400240024002400427e-03 2.160216021602160211e-02 4.200420042004200313e-03 3.000300030003000100e-03 2.010201020102010336e-02 5.100510051005100257e-03 3.000300030003000100e-03 2.160216021602160211e-02 5.100510051005100257e-03 3.600360036003600207e-03
2.460246024602460307e-02 3.600360036003600207e-03 4.500450045004500584e-03 2.100210021002100330e-02 5.100510051005100257e-03 3.000300030003000100e-03 2.250225022502250205e-02 3.000300030003000100e-03 1.500150015001500050e-03 1.980198019801980222e-02 5.400540054005400527e-03 3.600360036003600207e-03
2.220222022202220091e-02 4.200420042004200313e-03 6.300630063006300470e-03 1.950195019501950108e-02 5.100510051005100257e-03 3.000300030003000100e-03 1.920192019201920341e-02 4.800480048004800854e-03 4.500450045004500584e-03 1.890189018901890228e-02 3.600360036003600207e-03 3.000300030003000100e-03
1.710171017101710239e-02 3.900390039003900477e-03 3.000300030003000100e-03 1.590159015901590131e-02 4.200420042004200313e-03 4.500450045004500584e-03 2.160216021602160211e-02 4.800480048004800854e-03 2.400240024002400427e-03 1.860186018601860114e-02 4.800480048004800854e-03 4.500450045004500584e-03
1.320132013201320148e-02 3.600360036003600207e-03 4.200420042004200313e-03 1.920192019201920341e-02 4.800480048004800854e-03 5.400540054005400527e-03 1.890189018901890228e-02 4.500450045004500584e-03 5.100510051005100257e-03 1.860186018601860114e-02 4.200420042004200313e-03 3.300330033003300370e-03
1.410141014101410142e-02 4.800480048004800854e-03 4.500450045004500584e-03 1.740174017401740006e-02 5.400540054005400527e-03 2.400240024002400427e-03 1.530153015301530077e-02 6.900690069006901010e-03 3.600360036003600207e-03 2.040204020402040103e-02 4.800480048004800854e-03 3.900390039003900477e-03
1.800180018001800233e-02 1.800180018001800103e-03 3.600360036003600207e-03 1.830183018301830347e-02 4.800480048004800854e-03 3.600360036003600207e-03 1.290129012901290208e-02 2.400240024002400427e-03 5.400540054005400527e-03 1.830183018301830347e-02 3.000300030003000100e-03 3.300330033003300370e-03
1.170117011701170100e-02 3.300330033003300370e-03 3.900390039003900477e-03 1.590159015901590131e-02 5.400540054005400527e-03 4.800480048004800854e-03 1.350135013501350088e-02 3.300330033003300370e-03 4.500450045004500584e-03 1.260126012601260094e-02 5.100510051005100257e-03 3.600360036003600207e-03
1.290129012901290208e-02 5.700570057005700797e-03 3.600360036003600207e-03 1.530153015301530077e-02 3.900390039003900477e-03 4.500450045004500584e-03 1.440144014401440083e-02 5.100510051005100257e-03 4.500450045004500584e-03 1.200120012001200040e-02 3.600360036003600207e-03 3.300330033003300370e-03
1.290129012901290208e-02 3.900390039003900477e-03 4.800480048004800854e-03 1.260126012601260094e-02 3.900390039003900477e-03 5.100510051005100257e-03 1.470147014701470196e-02 2.400240024002400427e-03 4.200420042004200313e-03 1.290129012901290208e-02 6.000600060006000200e-03 2.700270027002700263e-03
1.290129012901290208e-02 5.100510051005100257e-03 4.200420042004200313e-03 1.050105010501050165e-02 3.000300030003000100e-03 4.800480048004800854e-03 1.350135013501350088e-02 3.000300030003000100e-03 3.900390039003900477e-03 1.530153015301530077e-02 5.400540054005400527e-03 5.100510051005100257e-03
1.200120012001200040e-02 3.300330033003300370e-03 4.800480048004800854e-03 1.320132013201320148e-02 3.600360036003600207e-03 5.100510051005100257e-03 1.770177017701770120e-02 5.400540054005400527e-03 4.200420042004200313e-03 1.290129012901290208e-02 4.500450045004500584e-03 5.700570057005700797e-03
1.380138013801380202e-02 4.200420042004200313e-03 3.000300030003000100e-03 1.170117011701170100e-02 4.800480048004800854e-03 4.500450045004500584e-03 1.620162016201620245e-02 4.200420042004200313e-03 3.900390039003900477e-03 1.050105010501050165e-02 4.500450045004500584e-03 4.200420042004200313e-03
1.320132013201320148e-02 2.700270027002700263e-03 3.600360036003600207e-03 1.050105010501050165e-02 4.200420042004200313e-03 3.600360036003600207e-03 9.900990099009901110e-03 3.000300030003000100e-03 4.500450045004500584e-03 8.700870087008700030e-03 4.800480048004800854e-03 3.600360036003600207e-03
