6.200000000000000000e+01 5.800000000000000000e+01 4.600000000000000000e+01 5.400000000000000000e+01
9.400000000000000000e+01 9.800000000000000000e+01 8.800000000000000000e+01 1.080000000000000000e+02
1.340000000000000000e+02 1.340000000000000000e+02 1.520000000000000000e+02 1.540000000000000000e+02
2.140000000000000000e+02 1.980000000000000000e+02 1.920000000000000000e+02 2.000000000000000000e+02
2.460000000000000000e+02 2.120000000000000000e+02 2.220000000000000000e+02 2.020000000000000000e+02
2.740000000000000000e+02 2.580000000000000000e+02 2.700000000000000000e+02 2.460000000000000000e+02
3.260000000000000000e+02 2.840000000000000000e+02 3.000000000000000000e+02 2.980000000000000000e+02
3.480000000000000000e+02 3.700000000000000000e+02 3.200000000000000000e+02 3.820000000000000000e+02
3.940000000000000000e+02 3.760000000000000000e+02 4.060000000000000000e+02 4.280000000000000000e+02
4.120000000000000000e+02 4.160000000000000000e+02 4.240000000000000000e+02 4.540000000000000000e+02
4.760000000000000000e+02 4.480000000000000000e+02 4.780000000000000000e+02 5.100000000000000000e+02
5.200000000000000000e+02 5.060000000000000000e+02 5.200000000000000000e+02 5.020000000000000000e+02
5.960000000000000000e+02 5.040000000000000000e+02 5.860000000000000000e+02 5.600000000000000000e+02
5.820000000000000000e+02 6.000000000000000000e+02 6.060000000000000000e+02 5.780000000000000000e+02
6.460000000000000000e+02 6.440000000000000000e+02 6.560000000000000000e+02 6.160000000000000000e+02
6.960000000000000000e+02 6.760000000000000000e+02 6.800000000000000000e+02 6.760000000000000000e+02
7.180000000000000000e+02 7.320000000000000000e+02 7.480000000000000000e+02 7.540000000000000000e+02
7.980000000000000000e+02 7.980000000000000000e+02 7.640000000000000000e+02 7.780000000000000000e+02
7.540000000000000000e+02 7.940000000000000000e+02 8.120000000000000000e+02 8.080000000000000000e+02
8.680000000000000000e+02 8.280000000000000000e+02 8.280000000000000000e+02 8.780000000000000000e+02
8.540000000000000000e+02 8.600000000000000000e+02 8.800000000000000000e+02 9.100000000000000000e+02
9.560000000000000000e+02 9.220000000000000000e+02 9.560000000000000000e+02 9.280000000000000000e+02
8.980000000000000000e+02 1.024000000000000000e+03 9.600000000000000000e+02 9.860000000000000000e+02
1.008000000000000000e+03 1.042000000000000000e+03 1.012000000000000000e+03 1.036000000000000000e+03
1.028000000000000000e+03 1.118000000000000000e+03 1.036000000000000000e+03 1.088000000000000000e+03
1.112000000000000000e+03 1.066000000000000000e+03 1.106000000000000000e+03 1.078000000000000000e+03
1.150000000000000000e+03 1.108000000000000000e+03 1.110000000000000000e+03 1.132000000000000000e+03
1.200000000000000000e+03 1.182000000000000000e+03 1.224000000000000000e+03 1.128000000000000000e+03
1.244000000000000000e+03 1.214000000000000000e+03 1.286000000000000000e+03 1.226000000000000000e+03
1.240000000000000000e+03 1.280000000000000000e+03 1.286000000000000000e+03 1.304000000000000000e+03
1.310000000000000000e+03 1.326000000000000000e+03 1.278000000000000000e+03 1.312000000000000000e+03
1.302000000000000000e+03 1.340000000000000000e+03 1.326000000000000000e+03 1.368000000000000000e+03
1.404000000000000000e+03 1.358000000000000000e+03 1.398000000000000000e+03 1.364000000000000000e+03
1.454000000000000000e+03 1.446000000000000000e+03 1.506000000000000000e+03 1.470000000000000000e+03
1.526000000000000000e+03 1.496000000000000000e+03 1.416000000000000000e+03 1.452000000000000000e+03
1.458000000000000000e+03 1.518000000000000000e+03 1.488000000000000000e+03 1.520000000000000000e+03
1.612000000000000000e+03 1.626000000000000000e+03 1.572000000000000000e+03 1.596000000000000000e+03
1.576000000000000000e+03 1.578000000000000000e+03 1.642000000000000000e+03 1.712000000000000000e+03
1.682000000000000000e+03 1.614000000000000000e+03 1.692000000000000000e+03 1.620000000000000000e+03
1.650000000000000000e+03 1.660000000000000000e+03 1.726000000000000000e+03 1.676000000000000000e+03
1.678000000000000000e+03 1.766000000000000000e+03 1.752000000000000000e+03 1.708000000000000000e+03
1.736000000000000000e+03 1.752000000000000000e+03 1.810000000000000000e+03 1.750000000000000000e+03
1.846000000000000000e+03 1.836000000000000000e+03 1.852000000000000000e+03 1.796000000000000000e+03
1.842000000000000000e+03 1.886000000000000000e+03 1.818000000000000000e+03 1.770000000000000000e+03
1.930000000000000000e+03 1.872000000000000000e+03 1.888000000000000000e+03 1.910000000000000000e+03
1.976000000000000000e+03 1.912000000000000000e+03 1.944000000000000000e+03 1.932000000000000000e+03
1.958000000000000000e+03 1.964000000000000000e+03 1.990000000000000000e+03 1.974000000000000000e+03
2.072000000000000000e+03 2.016000000000000000e+03 2.036000000000000000e+03 2.070000000000000000e+03
2.150000000000000000e+03 2.016000000000000000e+03 2.042000000000000000e+03 2.058000000000000000e+03
2.152000000000000000e+03 2.074000000000000000e+03 2.114000000000000000e+03 2.050000000000000000e+03
2.128000000000000000e+03 2.184000000000000000e+03 2.136000000000000000e+03 2.134000000000000000e+03
2.228000000000000000e+03 2.188000000000000000e+03 2.156000000000000000e+03 2.202000000000000000e+03
2.226000000000000000e+03 2.250000000000000000e+03 2.236000000000000000e+03 2.276000000000000000e+03
2.258000000000000000e+03 2.266000000000000000e+03 2.242000000000000000e+03 2.280000000000000000e+03
2.260000000000000000e+03 2.366000000000000000e+03 2.296000000000000000e+03 2.304000000000000000e+03
2.300000000000000000e+03 2.372000000000000000e+03 2.348000000000000000e+03 2.428000000000000000e+03
2.434000000000000000e+03 2.414000000000000000e+03 2.472000000000000000e+03 2.464000000000000000e+03
2.454000000000000000e+03 2.466000000000000000e+03 2.498000000000000000e+03 2.456000000000000000e+03
2.502000000000000000e+03 2.566000000000000000e+03 2.518000000000000000e+03 2.482000000000000000e+03
2.534000000000000000e+03 2.494000000000000000e+03 2.524000000000000000e+03 2.466000000000000000e+03
2.592000000000000000e+03 2.626000000000000000e+03 2.556000000000000000e+03 2.512000000000000000e+03
2.624000000000000000e+03 2.600000000000000000e+03 2.622000000000000000e+03 2.608000000000000000e+03
2.638000000000000000e+03 2.604000000000000000e+03 2.642000000000000000e+03 2.620000000000000000e+03
2.744000000000000000e+03 2.728000000000000000e+03 2.722000000000000000e+03 2.708000000000000000e+03
2.732000000000000000e+03 2.684000000000000000e+03 2.786000000000000000e+03 2.670000000000000000e+03
2.754000000000000000e+03 2.776000000000000000e+03 2.760000000000000000e+03 2.784000000000000000e+03
2.796000000000000000e+03 2.820000000000000000e+03 2.844000000000000000e+03 2.898000000000000000e+03
2.738000000000000000e+03 2.940000000000000000e+03 2.892000000000000000e+03 2.784000000000000000e+03
2.856000000000000000e+03 2.932000000000000000e+03 2.894000000000000000e+03 3.002000000000000000e+03
2.906000000000000000e+03 2.930000000000000000e+03 2.946000000000000000e+03 2.900000000000000000e+03
2.886000000000000000e+03 2.892000000000000000e+03 3.022000000000000000e+03 2.952000000000000000e+03
3.028000000000000000e+03 2.996000000000000000e+03 3.020000000000000000e+03 2.946000000000000000e+03
3.066000000000000000e+03 3.134000000000000000e+03 3.038000000000000000e+03 2.960000000000000000e+03
3.174000000000000000e+03 3.036000000000000000e+03 3.130000000000000000e+03 3.162000000000000000e+03
3.182000000000000000e+03 3.118000000000000000e+03 3.108000000000000000e+03 3.118000000000000000e+03
