9.762976297629750722e-01 1.018601860186019170e+00 9.624962496249630517e-01 9.921992199219916708e-01
9.678967896789667513e-01 9.879987998799877325e-01 1.077107710771076698e+00 1.011701170117010884e+00
9.318931893189310589e-01 1.013801380138013908e+00 9.762976297629761824e-01 9.417941794179417458e-01
9.315931593159308965e-01 9.333933393339337581e-01 1.062106210621062363e+00 9.378937893789379698e-01
9.789978997899777546e-01 9.390939093909390634e-01 9.231923192319222427e-01 9.171917191719181073e-01
9.570957095709569096e-01 9.828982898289825298e-01 9.771977197719773356e-01 1.068706870687069044e+00
9.255925592559264281e-01 9.969996999699974882e-01 1.009600960096009636e+00 1.016201620162016983e+00
9.969996999699973772e-01 1.002700270027003571e+00 9.036903690369034736e-01 1.075607560756076220e+00
8.922892289228926410e-01 9.864986498649873647e-01 9.327932793279326562e-01 9.405940594059415405e-01
8.832883288328837734e-01 8.613861386138617071e-01 9.498949894989504594e-01 8.712871287128718389e-01
7.635763576357635918e-01 8.604860486048608870e-01 7.764776477647766795e-01 8.694869486948700876e-01
8.871887188718882156e-01 8.919891989198927007e-01 9.417941794179430781e-01 9.012901290129016196e-01
9.561956195619568666e-01 7.596759675967607039e-01 8.877887788778886513e-01 7.767776777677770639e-01
8.283828382838291926e-01 7.632763276327636515e-01 7.149714971497153071e-01 7.299729972997301974e-01
7.518751875187525968e-01 7.926792679267935515e-01 7.635763576357643689e-01 7.758775877587766878e-01
7.341734173417346909e-01 7.578757875787586196e-01 7.371737173717380909e-01 6.834683468346840485e-01
6.543654365436550879e-01 7.164716471647172291e-01 7.812781278127821638e-01 7.695769576957702807e-01
6.651665166516655958e-01 6.759675967596768809e-01 6.732673267326746425e-01 6.654665466546663133e-01
6.987698769876997673e-01 7.074707470747084725e-01 6.444644464446448451e-01 6.537653765376545412e-01
7.197719771977202363e-01 6.234623462346247091e-01 6.102610261026111260e-01 6.309630963096316547e-01
6.030603060306041208e-01 5.247524752475255516e-01 5.409540954095417575e-01 6.210621062106218560e-01
6.693669366936704224e-01 5.481548154815488738e-01 5.874587458745881285e-01 5.967596759675977136e-01
5.661566156615669421e-01 5.220522052205227581e-01 5.928592859285938266e-01 5.964596459645974402e-01
5.208520852085216646e-01 5.340534053405351367e-01 4.941494149414948356e-01 5.208520852085213315e-01
4.707470747074714579e-01 4.758475847584763829e-01 5.217521752175224847e-01 4.995499549955000895e-01
5.061506150615070476e-01 5.199519951995206224e-01 5.184518451845192555e-01 4.869486948694874973e-01
4.440444044404445179e-01 4.275427542754281496e-01 4.386438643864393194e-01 4.305430543054312165e-01
4.353435343534358681e-01 4.185418541854191710e-01 4.050405040504055365e-01 4.122412241224127083e-01
3.867386738673873059e-01 3.948394839483954644e-01 3.819381938193824322e-01 4.143414341434149550e-01
3.456345634563461888e-01 3.888388838883894416e-01 3.882388238823888393e-01 4.242424242424248093e-01
3.687368736873690711e-01 4.107410741074113969e-01 3.540354035403544541e-01 3.477347734773481580e-01
3.261326132613265871e-01 3.105310531053109280e-01 3.393339333933396706e-01 3.585358535853590545e-01
3.378337833783381372e-01 3.549354935493554963e-01 2.898289828982902883e-01 3.012301230123016760e-01
3.294329432943300384e-01 3.048304830483054562e-01 3.441344134413447109e-01 3.039303930393045250e-01
3.192319231923196887e-01 2.469246924692473366e-01 2.568256825682572186e-01 2.934293429342938464e-01
2.628262826282632414e-01 2.496249624962500191e-01 2.607260726072610502e-01 2.682268226822686064e-01
2.544254425442548651e-01 2.865286528652870035e-01 2.430243024302432553e-01 2.655265526552659794e-01
2.631263126312635148e-01 2.595259525952599566e-01 2.316231623162320064e-01 2.472247224722475267e-01
2.607260726072611057e-01 2.226222622262229722e-01 2.454245424542456921e-01 2.475247524752478834e-01
2.247224722472250802e-01 1.836183618361839631e-01 2.346234623462349900e-01 2.178217821782181540e-01
2.163216321632166206e-01 2.064206420642067108e-01 1.833183318331836065e-01 2.082208220822086286e-01
1.779177917791782138e-01 2.049204920492053439e-01 1.533153315331534927e-01 1.701170117011703287e-01
1.974197419741977322e-01 1.815181518151817719e-01 1.752175217521755313e-01 1.668166816681670994e-01
1.626162616261628002e-01 1.908190819081910516e-01 1.968196819681971299e-01 1.593159315931595155e-01
1.428142814281430084e-01 1.746174617461749845e-01 1.569156915691571896e-01 1.557155715571559573e-01
1.413141314131415582e-01 1.380138013801382180e-01 1.698169816981700275e-01 1.401140114011402427e-01
1.380138013801382457e-01 1.596159615961598721e-01 1.509150915091511114e-01 1.305130513051307173e-01
1.503150315031505091e-01 1.614161416141616789e-01 1.335133513351337842e-01 1.203120312031205064e-01
1.224122412241226143e-01 1.173117311731174950e-01 1.503150315031505369e-01 1.392139213921394503e-01
1.248124812481250373e-01 1.278127812781279793e-01 1.401140114011403814e-01 1.443144314431445696e-01
1.041104110411042866e-01 1.266126612661267747e-01 1.065106510651066957e-01 1.101110111011102954e-01
1.101110111011102954e-01 1.164116411641166055e-01 9.690969096909705927e-02 1.152115211521154009e-01
1.017101710171019191e-01 9.900990099009916723e-02 9.030903090309047587e-02 8.610861086108625995e-02
1.089108910891091048e-01 8.280828082808293356e-02 1.044104410441045599e-01 8.550855085508567155e-02
9.660966096609673037e-02 8.790879087908805289e-02 8.910891089108928520e-02 9.480948094809497906e-02
9.510951095109528020e-02 7.590759075907600739e-02 7.800780078007812923e-02 8.040804080408055221e-02
8.550855085508565767e-02 7.860786078607877314e-02 8.160816081608175676e-02 8.220822082208233128e-02
6.180618061806191638e-02 6.360636063606371626e-02 7.710771077107721194e-02 7.530753075307543287e-02
5.850585058505856917e-02 4.950495049504961137e-02 6.540654065406549533e-02 7.170717071707180534e-02
7.440744074407454334e-02 8.730873087308746450e-02 4.470447044704477929e-02 6.720672067206731604e-02
5.490549054905499715e-02 6.660666066606671376e-02 5.970597059705980147e-02 5.250525052505258805e-02
5.010501050105019977e-02 5.520552055205529829e-02 4.800480048004807793e-02 5.310531053105318339e-02
6.750675067506761717e-02 5.070507050705077429e-02 6.000600060006008873e-02 4.680468046804686644e-02
6.030603060306041069e-02 4.620462046204627110e-02 4.770477047704777679e-02 4.890489048904900909e-02
4.260426042604265745e-02 3.960396039603965995e-02 5.280528052805291001e-02 4.590459045904596996e-02
3.300330033003304880e-02 4.860486048604868020e-02 4.830483048304837213e-02 4.650465046504657918e-02
3.240324032403243959e-02 3.840384038403844152e-02 2.880288028802883635e-02 5.070507050705076041e-02
5.220522052205230079e-02 4.410441044104415620e-02 3.690369036903699135e-02 4.920492049204929635e-02
2.910291029102915830e-02 3.630363036303634050e-02 3.510351035103516371e-02 2.610261026102614693e-02
2.520252025202522270e-02 3.870387038703877736e-02 3.240324032403243959e-02 2.850285028502855256e-02
3.180318031803185119e-02 3.120312031203125239e-02 4.110411041104116564e-02 2.340234023402340893e-02
2.760276027602764914e-02 2.730273027302735842e-02 3.540354035403546484e-02 3.480348034803484869e-02
3.090309030903095125e-02 3.390339033903396609e-02 4.110411041104115870e-02 3.090309030903095125e-02
3.180318031803184425e-02 2.520252025202523311e-02 3.990399039903996109e-02 2.220222022202222867e-02
3.510351035103517758e-02 2.250225022502254021e-02 2.520252025202524698e-02 1.530153015301530597e-02
