9.174917491749174925e-01 8.808880888088809202e-01 8.394839483948395298e-01 9.360936093609361075e-01 8.784878487848785111e-01 8.445844584458446214e-01 9.384938493849385166e-01 8.835883588358836027e-01 8.550855085508550779e-01 9.330933093309330406e-01 9.021902190219022177e-01 8.547854785478548045e-01
8.322832283228323025e-01 7.167716771677167253e-01 6.201620162016201476e-01 8.475847584758475772e-01 7.512751275127512729e-01 6.879687968796879272e-01 8.604860486048604429e-01 7.266726672667266351e-01 6.516651665166516283e-01 8.493849384938494396e-01 7.344734473447345202e-01 6.327632763276327399e-01
7.557755775577558177e-01 5.931593159315932118e-01 4.536453645364536547e-01 7.857785778577858204e-01 6.417641764176417185e-01 5.334533453345334797e-01 7.932793279327933211e-01 6.333633363336333977e-01 5.058505850585058861e-01 7.770777077707771152e-01 6.321632163216321931e-01 5.169516951695170004e-01
7.119711971197120182e-01 5.382538253825382979e-01 3.669366936693669312e-01 7.206720672067207234e-01 5.205520552055205030e-01 3.732373237323732273e-01 7.740774077407740483e-01 6.042604260426042151e-01 4.902490249024902269e-01 7.482748274827483170e-01 5.793579357935793039e-01 4.551455145514551326e-01
6.492649264926492192e-01 4.752475247524752255e-01 3.045304530453045166e-01 6.384638463846384893e-01 4.320432043204320283e-01 2.910291029102910487e-01 6.129612961296129203e-01 4.017401740174017521e-01 2.469246924692469203e-01 6.483648364836483990e-01 4.176417641764176292e-01 2.637263726372637285e-01
6.015601560156015326e-01 3.723372337233723517e-01 2.574257425742574323e-01 5.583558355835583908e-01 3.348334833483348483e-01 2.046204620462046264e-01 6.177617761776177385e-01 3.828382838283828637e-01 2.478247824782478237e-01 5.868586858685868046e-01 3.579357935793579526e-01 2.112211221122112237e-01
6.012601260126012592e-01 3.663366336633663289e-01 2.217221722172217357e-01 5.754575457545754169e-01 3.372337233723372574e-01 1.974197419741974269e-01 5.430543054305430051e-01 3.162316231623162333e-01 1.884188418841884205e-01 5.478547854785478233e-01 2.889288928892889130e-01 1.758175817581758282e-01
5.568556855685568019e-01 3.084308430843084037e-01 1.830183018301830278e-01 4.785478547854785658e-01 2.481248124812481248e-01 1.359135913591359157e-01 4.596459645964596219e-01 2.151215121512151107e-01 9.840984098409841230e-02 4.755475547554755544e-01 2.235223522352235148e-01 1.152115211521152066e-01
4.380438043804380510e-01 1.908190819081908296e-01 9.060906090609061048e-02 4.641464146414641667e-01 2.262226222622262251e-01 1.098109810981098139e-01 4.497449744974497676e-01 2.376237623762376128e-01 1.143114311431143171e-01 4.296429642964296192e-01 2.046204620462046264e-01 9.750975097509750888e-02
4.320432043204320283e-01 1.968196819681968246e-01 9.510951095109511366e-02 4.179417941794179581e-01 1.854185418541854091e-01 8.040804080408041343e-02 4.176417641764176292e-01 1.683168316831683275e-01 8.220822082208220638e-02 3.873387338733873531e-01 1.707170717071707089e-01 6.780678067806780729e-02
3.441344134413441558e-01 1.359135913591359157e-01 5.250525052505250478e-02 3.561356135613561458e-01 1.539153915391539285e-01 5.490549054905490695e-02 3.516351635163516565e-01 1.371137113711371203e-01 5.310531053105310706e-02 3.657365736573657267e-01 1.434143414341434164e-01 6.000600060006000547e-02
2.949294929492949358e-01 1.023102310231023132e-01 3.720372037203720228e-02 3.402340234023402132e-01 1.233123312331233096e-01 4.320432043204320421e-02 3.294329432943294278e-01 1.029102910291029155e-01 3.630363036303630581e-02 3.345334533453345194e-01 1.197119711971197098e-01 5.190519051905190251e-02
3.207320732073207226e-01 1.119111911191119080e-01 4.710471047104710512e-02 3.030303030303030387e-01 9.510951095109511366e-02 3.090309030903090268e-02 3.255325532553255408e-01 1.311131113111311253e-01 5.490549054905490695e-02 2.727272727272727071e-01 1.005100510051005064e-01 3.840384038403840683e-02
2.382238223822382150e-01 5.880588058805880786e-02 2.040204020402040103e-02 2.592259225922592392e-01 6.990699069906990137e-02 2.130213021302130097e-02 2.580258025802580346e-01 7.710771077107710092e-02 3.090309030903090268e-02 2.793279327932793321e-01 8.520852085208520388e-02 3.870387038703870103e-02
2.394239423942394196e-01 6.690669066906690388e-02 2.070207020702070216e-02 2.358235823582358337e-01 6.900690069006901184e-02 1.530153015301530077e-02 2.169216921692169175e-01 4.950495049504950729e-02 1.440144014401440083e-02 2.727272727272727071e-01 7.710771077107710092e-02 2.610261026102610182e-02
2.688268826882688201e-01 8.460846084608460160e-02 2.850285028502850398e-02 2.694269426942694223e-01 8.430843084308431434e-02 2.520252025202520188e-02 1.977197719771977280e-01 4.410441044104410763e-02 1.380138013801380202e-02 2.259225922592259239e-01 6.540654065406541207e-02 1.800180018001800233e-02
1.947194719471947166e-01 4.440444044404440183e-02 1.080108010801080105e-02 2.232223222322232137e-01 6.120612061206120308e-02 1.890189018901890228e-02 2.313231323132313166e-01 5.700570057005700797e-02 1.770177017701770120e-02 2.070207020702070078e-01 4.800480048004800160e-02 1.410141014101410142e-02
1.455145514551455244e-01 2.460246024602460307e-02 7.500750075007500683e-03 1.857185718571857103e-01 4.080408040804080205e-02 1.410141014101410142e-02 2.115211521152115248e-01 4.650465046504650285e-02 1.800180018001800233e-02 1.758175817581758282e-01 3.600360036003600467e-02 1.350135013501350088e-02
1.614161416141614291e-01 3.750375037503750342e-02 9.900990099009901110e-03 1.587158715871587189e-01 2.760276027602760404e-02 6.300630063006300470e-03 1.530153015301530250e-01 2.910291029102910279e-02 3.900390039003900477e-03 1.569156915691569121e-01 3.030303030303030387e-02 9.900990099009901110e-03
1.488148814881488091e-01 2.250225022502250205e-02 7.500750075007500683e-03 1.467146714671467012e-01 2.790279027902790171e-02 4.800480048004800854e-03 1.479147914791479057e-01 3.060306030603060154e-02 6.300630063006300470e-03 1.341134113411341089e-01 2.520252025202520188e-02 6.300630063006300470e-03
1.386138613861386260e-01 2.340234023402340199e-02 7.800780078007800954e-03 1.371137113711371203e-01 1.500150015001500137e-02 3.000300030003000100e-03 1.320132013201320009e-01 1.950195019501950108e-02 5.400540054005400527e-03 1.473147314731473034e-01 1.710171017101710239e-02 7.500750075007500683e-03
1.263126312631263071e-01 2.190219021902190324e-02 6.300630063006300470e-03 1.143114311431143171e-01 2.160216021602160211e-02 5.700570057005700797e-03 1.413141314131413084e-01 2.400240024002400080e-02 8.400840084008400627e-03 1.071107110711071175e-01 1.770177017701770120e-02 4.800480048004800854e-03
1.278127812781278128e-01 2.220222022202220091e-02 5.100510051005100257e-03 1.047104710471047084e-01 1.620162016201620245e-02 3.900390039003900477e-03 1.020102010201020121e-01 1.590159015901590131e-02 3.300330033003300370e-03 1.014101410141014098e-01 1.500150015001500137e-02 3.600360036003600207e-03
1.152115211521152066e-01 1.500150015001500137e-02 3.900390039003900477e-03 1.041104110411041062e-01 1.800180018001800233e-02 4.200420042004200313e-03 9.780978097809781002e-02 1.530153015301530077e-02 3.900390039003900477e-03 1.014101410141014098e-01 1.440144014401440083e-02 5.100510051005100257e-03
9.570957095709571594e-02 9.900990099009901110e-03 3.300330033003300370e-03 9.960996099609961685e-02 1.710171017101710239e-02 6.000600060006000200e-03 1.128112811281128114e-01 1.740174017401740006e-02 3.900390039003900477e-03 9.240924092409240342e-02 1.110111011101110046e-02 4.500450045004500584e-03
8.820882088208821525e-02 1.110111011101110046e-02 4.200420042004200313e-03 8.610861086108610729e-02 1.230123012301230154e-02 4.500450045004500584e-03 7.590759075907591025e-02 8.400840084008400627e-03 2.700270027002700263e-03 9.270927092709270456e-02 8.700870087008700030e-03 3.000300030003000100e-03
6.960696069606960024e-02 9.000900090009001167e-03 3.300330033003300370e-03 7.800780078007800433e-02 1.140114011401140159e-02 3.000300030003000100e-03 8.760876087608761298e-02 1.260126012601260094e-02 3.000300030003000100e-03 9.090909090909091161e-02 1.140114011401140159e-02 3.300330033003300370e-03
8.250825082508250752e-02 6.300630063006300470e-03 3.000300030003000100e-03 7.080708070807080479e-02 9.000900090009001167e-03 4.200420042004200313e-03 6.360636063606360524e-02 9.600960096009601707e-03 3.000300030003000100e-03 6.780678067806780729e-02 7.500750075007500683e-03 2.400240024002400427e-03
6.750675067506750615e-02 4.500450045004500584e-03 2.400240024002400427e-03 7.170717071707170820e-02 6.900690069006901010e-03 1.500150015001500050e-03 5.940594059405940319e-02 6.000600060006000200e-03 3.300330033003300370e-03 6.330633063306330410e-02 7.200720072007200413e-03 2.700270027002700263e-03
5.340534053405340820e-02 4.800480048004800854e-03 1.500150015001500050e-03 5.070507050705070490e-02 4.200420042004200313e-03 1.500150015001500050e-03 5.250525052505250478e-02 4.200420042004200313e-03 1.800180018001800103e-03 5.370537053705370240e-02 5.400540054005400527e-03 2.700270027002700263e-03
5.370537053705370240e-02 3.600360036003600207e-03 3.300330033003300370e-03 5.430543054305430467e-02 7.500750075007500683e-03 3.300330033003300370e-03 7.110711071107110592e-02 5.100510051005100257e-03 2.100210021002100157e-03 5.100510051005100604e-02 8.100810081008101224e-03 3.000300030003000100e-03
4.290429042904290308e-02 4.200420042004200313e-03 9.000900090009000517e-04 4.830483048304830274e-02 5.400540054005400527e-03 1.800180018001800103e-03 5.250525052505250478e-02 3.900390039003900477e-03 2.400240024002400427e-03 4.140414041404140433e-02 4.200420042004200313e-03 3.000300030003000100e-03
5.160516051605160831e-02 5.400540054005400527e-03 1.200120012001200213e-03 4.470447044704470296e-02 4.800480048004800854e-03 2.700270027002700263e-03 3.570357035703570353e-02 3.300330033003300370e-03 3.000300030003000534e-04 4.140414041404140433e-02 3.300330033003300370e-03 1.500150015001500050e-03
3.630363036303630581e-02 3.600360036003600207e-03 3.000300030003000100e-03 3.750375037503750342e-02 2.700270027002700263e-03 3.300330033003300370e-03 4.380438043804380649e-02 7.500750075007500683e-03 9.000900090009000517e-04 3.570357035703570353e-02 4.500450045004500584e-03 2.700270027002700263e-03
3.540354035403540239e-02 2.400240024002400427e-03 1.800180018001800103e-03 3.450345034503450592e-02 3.300330033003300370e-03 1.800180018001800103e-03 4.380438043804380649e-02 2.400240024002400427e-03 4.200420042004200313e-03 3.630363036303630581e-02 4.800480048004800854e-03 2.100210021002100157e-03
