9.263000000000000123e-01 9.275999999999999801e-01 9.295999999999999819e-01 9.345999999999999863e-01
8.401999999999999469e-01 8.585000000000000409e-01 8.528999999999999915e-01 8.387999999999999901e-01
7.609000000000000208e-01 7.973999999999999977e-01 7.932000000000000162e-01 7.792000000000000037e-01
7.122000000000000552e-01 7.044000000000000261e-01 7.604999999999999538e-01 7.510000000000000009e-01
6.564999999999999725e-01 6.361999999999999877e-01 6.142999999999999572e-01 6.449000000000000288e-01
6.047000000000000153e-01 5.598999999999999533e-01 5.988999999999999879e-01 5.728999999999999648e-01
5.917999999999999927e-01 5.523000000000000131e-01 5.487999999999999545e-01 5.301000000000000156e-01
5.420000000000000373e-01 4.837000000000000188e-01 4.551000000000000045e-01 4.789999999999999813e-01
4.284999999999999920e-01 4.545000000000000151e-01 4.576000000000000068e-01 4.380999999999999894e-01
4.264000000000000012e-01 4.178000000000000047e-01 4.192000000000000171e-01 4.027999999999999914e-01
3.563999999999999946e-01 3.575999999999999734e-01 3.507000000000000117e-01 3.776999999999999802e-01
3.146999999999999797e-01 3.420000000000000262e-01 3.108000000000000207e-01 3.341999999999999971e-01
3.321999999999999953e-01 2.943000000000000060e-01 3.378999999999999782e-01 2.903000000000000025e-01
2.484999999999999987e-01 2.562999999999999723e-01 2.801000000000000156e-01 2.853999999999999870e-01
2.424999999999999933e-01 2.403000000000000136e-01 2.207000000000000073e-01 2.565999999999999948e-01
2.684000000000000274e-01 2.706999999999999962e-01 2.099999999999999922e-01 2.268999999999999906e-01
1.995000000000000107e-01 2.288999999999999924e-01 2.237999999999999989e-01 2.086999999999999966e-01
1.564000000000000112e-01 1.998000000000000054e-01 2.008999999999999952e-01 1.749999999999999889e-01
1.746000000000000052e-01 1.559000000000000108e-01 1.605999999999999928e-01 1.620000000000000051e-01
1.499000000000000055e-01 1.575999999999999901e-01 1.506000000000000116e-01 1.446000000000000063e-01
1.414999999999999869e-01 1.333000000000000018e-01 1.262999999999999956e-01 1.414999999999999869e-01
1.280000000000000027e-01 1.214999999999999969e-01 1.472999999999999865e-01 1.210999999999999993e-01
1.218999999999999945e-01 1.105000000000000010e-01 1.082999999999999935e-01 9.639999999999999958e-02
1.140999999999999931e-01 9.779999999999999805e-02 1.030999999999999972e-01 1.030999999999999972e-01
9.099999999999999756e-02 1.057000000000000023e-01 1.000000000000000056e-01 9.869999999999999607e-02
8.899999999999999578e-02 8.649999999999999356e-02 8.440000000000000280e-02 9.070000000000000284e-02
6.969999999999999807e-02 7.549999999999999767e-02 8.730000000000000260e-02 8.459999999999999465e-02
7.249999999999999500e-02 7.470000000000000251e-02 6.880000000000000004e-02 7.220000000000000029e-02
6.550000000000000266e-02 7.080000000000000182e-02 5.709999999999999798e-02 5.720000000000000084e-02
5.909999999999999976e-02 4.529999999999999999e-02 5.609999999999999709e-02 5.609999999999999709e-02
5.500000000000000028e-02 5.480000000000000149e-02 6.610000000000000597e-02 5.369999999999999774e-02
4.540000000000000285e-02 4.929999999999999660e-02 4.850000000000000144e-02 4.569999999999999757e-02
4.479999999999999954e-02 4.479999999999999954e-02 3.899999999999999994e-02 3.790000000000000313e-02
3.749999999999999861e-02 3.790000000000000313e-02 4.859999999999999737e-02 3.749999999999999861e-02
3.440000000000000002e-02 3.359999999999999792e-02 3.799999999999999906e-02 3.869999999999999829e-02
