6.100000000000000000e+01 5.700000000000000000e+01 5.900000000000000000e+01 6.100000000000000000e+01
1.090000000000000000e+02 1.070000000000000000e+02 1.070000000000000000e+02 1.230000000000000000e+02
1.450000000000000000e+02 1.690000000000000000e+02 1.570000000000000000e+02 1.910000000000000000e+02
2.270000000000000000e+02 1.990000000000000000e+02 2.010000000000000000e+02 2.110000000000000000e+02
2.790000000000000000e+02 2.510000000000000000e+02 2.350000000000000000e+02 2.390000000000000000e+02
2.970000000000000000e+02 3.070000000000000000e+02 3.050000000000000000e+02 2.870000000000000000e+02
3.770000000000000000e+02 3.450000000000000000e+02 3.390000000000000000e+02 3.370000000000000000e+02
4.070000000000000000e+02 4.010000000000000000e+02 3.810000000000000000e+02 3.750000000000000000e+02
4.390000000000000000e+02 4.350000000000000000e+02 4.210000000000000000e+02 4.490000000000000000e+02
5.090000000000000000e+02 4.790000000000000000e+02 5.130000000000000000e+02 4.990000000000000000e+02
5.250000000000000000e+02 5.010000000000000000e+02 5.150000000000000000e+02 5.770000000000000000e+02
5.670000000000000000e+02 5.670000000000000000e+02 5.610000000000000000e+02 6.230000000000000000e+02
6.390000000000000000e+02 6.190000000000000000e+02 6.350000000000000000e+02 6.110000000000000000e+02
6.710000000000000000e+02 6.950000000000000000e+02 6.630000000000000000e+02 6.690000000000000000e+02
7.090000000000000000e+02 7.310000000000000000e+02 7.050000000000000000e+02 7.110000000000000000e+02
8.010000000000000000e+02 8.070000000000000000e+02 7.830000000000000000e+02 7.830000000000000000e+02
8.190000000000000000e+02 8.350000000000000000e+02 8.090000000000000000e+02 8.270000000000000000e+02
8.370000000000000000e+02 8.530000000000000000e+02 8.430000000000000000e+02 8.630000000000000000e+02
8.950000000000000000e+02 9.230000000000000000e+02 9.110000000000000000e+02 9.190000000000000000e+02
9.330000000000000000e+02 9.510000000000000000e+02 9.470000000000000000e+02 9.710000000000000000e+02
1.029000000000000000e+03 9.870000000000000000e+02 1.025000000000000000e+03 1.011000000000000000e+03
1.081000000000000000e+03 1.055000000000000000e+03 1.061000000000000000e+03 1.007000000000000000e+03
1.105000000000000000e+03 1.133000000000000000e+03 1.113000000000000000e+03 1.123000000000000000e+03
1.197000000000000000e+03 1.165000000000000000e+03 1.119000000000000000e+03 1.149000000000000000e+03
1.181000000000000000e+03 1.165000000000000000e+03 1.225000000000000000e+03 1.191000000000000000e+03
1.195000000000000000e+03 1.289000000000000000e+03 1.215000000000000000e+03 1.245000000000000000e+03
1.305000000000000000e+03 1.311000000000000000e+03 1.283000000000000000e+03 1.267000000000000000e+03
1.347000000000000000e+03 1.345000000000000000e+03 1.391000000000000000e+03 1.359000000000000000e+03
1.411000000000000000e+03 1.381000000000000000e+03 1.347000000000000000e+03 1.353000000000000000e+03
1.407000000000000000e+03 1.425000000000000000e+03 1.381000000000000000e+03 1.411000000000000000e+03
1.485000000000000000e+03 1.497000000000000000e+03 1.465000000000000000e+03 1.451000000000000000e+03
1.529000000000000000e+03 1.529000000000000000e+03 1.571000000000000000e+03 1.493000000000000000e+03
1.599000000000000000e+03 1.569000000000000000e+03 1.567000000000000000e+03 1.527000000000000000e+03
1.641000000000000000e+03 1.599000000000000000e+03 1.637000000000000000e+03 1.605000000000000000e+03
1.623000000000000000e+03 1.699000000000000000e+03 1.715000000000000000e+03 1.619000000000000000e+03
