8.000000000000000000e+00 8.000000000000000000e+00 8.000000000000000000e+00 8.000000000000000000e+00
2.400000000000000000e+01 2.400000000000000000e+01 2.400000000000000000e+01 2.200000000000000000e+01
4.000000000000000000e+01 3.400000000000000000e+01 4.000000000000000000e+01 3.200000000000000000e+01
5.000000000000000000e+01 5.400000000000000000e+01 5.400000000000000000e+01 5.200000000000000000e+01
6.400000000000000000e+01 6.800000000000000000e+01 7.000000000000000000e+01 7.000000000000000000e+01
8.200000000000000000e+01 8.400000000000000000e+01 8.400000000000000000e+01 8.600000000000000000e+01
9.000000000000000000e+01 1.000000000000000000e+02 9.400000000000000000e+01 9.800000000000000000e+01
1.100000000000000000e+02 1.120000000000000000e+02 1.160000000000000000e+02 1.180000000000000000e+02
1.280000000000000000e+02 1.300000000000000000e+02 1.300000000000000000e+02 1.220000000000000000e+02
1.380000000000000000e+02 1.440000000000000000e+02 1.380000000000000000e+02 1.380000000000000000e+02
1.600000000000000000e+02 1.620000000000000000e+02 1.620000000000000000e+02 1.520000000000000000e+02
1.760000000000000000e+02 1.760000000000000000e+02 1.760000000000000000e+02 1.660000000000000000e+02
1.860000000000000000e+02 1.920000000000000000e+02 1.880000000000000000e+02 1.920000000000000000e+02
2.040000000000000000e+02 2.020000000000000000e+02 2.020000000000000000e+02 2.040000000000000000e+02
2.200000000000000000e+02 2.140000000000000000e+02 2.240000000000000000e+02 2.160000000000000000e+02
