2.757275727572757185e-01 2.469246924692469203e-01 2.127212721272127294e-01 2.517251725172517385e-01 2.283228322832283330e-01 1.950195019501950178e-01 8.790879087908791412e-02 6.960696069606960024e-02 6.960696069606960024e-02 2.448244824482448123e-01 2.244224422442244182e-01 1.968196819681968246e-01
2.451245124512451135e-01 1.956195619561956200e-01 1.536153615361536273e-01 2.616261626162616483e-01 1.872187218721872159e-01 1.374137413741374214e-01 1.203120312031203121e-01 9.120912091209121275e-02 7.170717071707170820e-02 2.160216021602160211e-02 2.040204020402040103e-02 1.620162016201620245e-02
3.270327032703270603e-02 2.610261026102610182e-02 1.590159015901590131e-02 1.680168016801680125e-02 1.530153015301530077e-02 8.700870087008700030e-03 1.797179717971797153e-01 1.167116711671167123e-01 7.980798079807981116e-02 2.166216621662166164e-01 1.476147614761476046e-01 9.300930093009300570e-02
8.490849084908490274e-02 6.000600060006000547e-02 4.590459045904590751e-02 2.700270027002700177e-02 2.250225022502250205e-02 2.190219021902190324e-02 3.450345034503450592e-02 2.280228022802280319e-02 1.710171017101710239e-02 6.660666066606660274e-02 5.280528052805280592e-02 3.240324032403240490e-02
2.700270027002700177e-02 2.130213021302130097e-02 1.230123012301230154e-02 5.520552055205520808e-02 2.550255025502550302e-02 2.040204020402040103e-02 1.800180018001800233e-02 1.080108010801080105e-02 1.020102010201020051e-02 2.580258025802580416e-02 2.040204020402040103e-02 1.110111011101110046e-02
3.000300030003000273e-02 1.470147014701470196e-02 1.440144014401440083e-02 9.000900090009001167e-03 7.800780078007800954e-03 2.400240024002400427e-03 5.190519051905190251e-02 2.850285028502850398e-02 2.070207020702070216e-02 3.030303030303030387e-02 1.260126012601260094e-02 1.320132013201320148e-02
5.400540054005400353e-02 3.210321032103210376e-02 1.890189018901890228e-02 1.500150015001500137e-02 9.000900090009001167e-03 8.100810081008101224e-03 9.300930093009300570e-03 3.000300030003000100e-03 3.600360036003600207e-03 1.950195019501950108e-02 1.470147014701470196e-02 8.100810081008101224e-03
1.110111011101110046e-02 3.300330033003300370e-03 1.200120012001200213e-03 1.140114011401140159e-02 3.000300030003000100e-03 4.800480048004800854e-03 1.140114011401140159e-02 6.600660066006600740e-03 3.600360036003600207e-03 6.600660066006600740e-03 5.100510051005100257e-03 2.700270027002700263e-03
3.300330033003300370e-03 2.400240024002400427e-03 1.200120012001200213e-03 1.350135013501350088e-02 1.140114011401140159e-02 6.300630063006300470e-03 3.540354035403540239e-02 1.830183018301830347e-02 9.000900090009001167e-03 2.100210021002100157e-03 1.800180018001800103e-03 2.400240024002400427e-03
9.600960096009601707e-03 5.700570057005700797e-03 4.500450045004500584e-03 2.130213021302130097e-02 1.260126012601260094e-02 6.900690069006901010e-03 6.300630063006300470e-03 4.800480048004800854e-03 1.500150015001500050e-03 1.650165016501650012e-02 6.600660066006600740e-03 4.800480048004800854e-03
1.500150015001500050e-03 1.500150015001500050e-03 3.300330033003300370e-03 7.800780078007800954e-03 4.200420042004200313e-03 3.300330033003300370e-03 6.900690069006901010e-03 3.900390039003900477e-03 4.800480048004800854e-03 1.170117011701170100e-02 4.500450045004500584e-03 5.400540054005400527e-03
9.000900090009000517e-04 1.200120012001200213e-03 1.500150015001500050e-03 6.000600060006000200e-03 1.200120012001200213e-03 1.800180018001800103e-03 3.000300030003000100e-03 1.200120012001200213e-03 2.400240024002400427e-03 4.200420042004200313e-03 5.700570057005700797e-03 3.000300030003000100e-03
3.150315031503150148e-02 8.100810081008101224e-03 6.900690069006901010e-03 3.300330033003300370e-03 9.000900090009000517e-04 2.400240024002400427e-03 1.020102010201020051e-02 5.400540054005400527e-03 2.400240024002400427e-03 3.000300030003000100e-03 2.700270027002700263e-03 1.500150015001500050e-03
6.900690069006901010e-03 3.300330033003300370e-03 2.700270027002700263e-03 1.200120012001200213e-03 1.200120012001200213e-03 6.000600060006001067e-04 1.800180018001800103e-03 9.000900090009000517e-04 1.800180018001800103e-03 2.100210021002100157e-03 1.800180018001800103e-03 0.000000000000000000e+00
3.000300030003000100e-03 1.500150015001500050e-03 6.000600060006001067e-04 6.000600060006000200e-03 1.800180018001800103e-03 2.400240024002400427e-03 3.300330033003300370e-03 3.300330033003300370e-03 1.500150015001500050e-03 7.800780078007800954e-03 4.200420042004200313e-03 3.900390039003900477e-03
