6.100000000000000000e+01 5.700000000000000000e+01 5.900000000000000000e+01 6.100000000000000000e+01
1.090000000000000000e+02 1.070000000000000000e+02 1.070000000000000000e+02 1.230000000000000000e+02
1.450000000000000000e+02 1.690000000000000000e+02 1.570000000000000000e+02 1.910000000000000000e+02
2.270000000000000000e+02 1.990000000000000000e+02 2.010000000000000000e+02 2.110000000000000000e+02
2.790000000000000000e+02 2.510000000000000000e+02 2.350000000000000000e+02 2.390000000000000000e+02
2.970000000000000000e+02 3.070000000000000000e+02 3.050000000000000000e+02 2.870000000000000000e+02
3.770000000000000000e+02 3.450000000000000000e+02 3.390000000000000000e+02 3.370000000000000000e+02
4.070000000000000000e+02 4.010000000000000000e+02 3.810000000000000000e+02 3.750000000000000000e+02
4.390000000000000000e+02 4.350000000000000000e+02 4.210000000000000000e+02 4.490000000000000000e+02
5.090000000000000000e+02 4.790000000000000000e+02 5.130000000000000000e+02 4.990000000000000000e+02
5.250000000000000000e+02 5.010000000000000000e+02 5.150000000000000000e+02 5.770000000000000000e+02
5.670000000000000000e+02 5.670000000000000000e+02 5.610000000000000000e+02 6.230000000000000000e+02
6.390000000000000000e+02 6.190000000000000000e+02 6.350000000000000000e+02 6.110000000000000000e+02
6.710000000000000000e+02 6.950000000000000000e+02 6.630000000000000000e+02 6.690000000000000000e+02
7.090000000000000000e+02 7.310000000000000000e+02 7.050000000000000000e+02 7.110000000000000000e+02
