2.991299129912987631e-01 2.652265226522647068e-01 1.245124512451246390e-01 2.580258025802578126e-01
3.021302130213021075e-01 3.606360636063606906e-01 1.590159015901590478e-01 1.980198019801979875e-02
3.570357035703568965e-02 1.320132013201317372e-02 2.688268826882690421e-01 3.000300030002998608e-01
1.206120612061206132e-01 3.540354035403541627e-02 5.220522052205222446e-02 7.380738073807371902e-02
2.940294029402938311e-02 1.095109510951095821e-01 3.180318031803185119e-02 2.730273027302727168e-02
6.030603060306037599e-02 6.000600060005972444e-03 9.090909090909102264e-02 6.630663066306639875e-02
8.460846084608460160e-02 2.610261026102612264e-02 2.250225022502252634e-02 2.250225022502249858e-02
2.460246024602463430e-02 3.000300030003003743e-02 1.800180018001800233e-02 7.200720072007198679e-03
3.900390039003899609e-03 1.260126012601259227e-02 6.030603060306032048e-02 3.300330033003304707e-03
1.620162016201622326e-02 3.300330033003302105e-02 6.000600060005988057e-03 3.450345034503453368e-02
3.300330033003309477e-03 1.410141014101411877e-02 1.380138013801382110e-02 2.700270027002705381e-02
6.000600060005979383e-04 1.620162016201623020e-02 7.800780078007810495e-03 -1.500150015001524119e-03
7.710771077107721194e-02 9.600960096009617320e-03 1.680168016801680819e-02 2.400240024002393054e-03
1.350135013501351823e-02 6.000600060005958783e-04 4.500450045004508390e-03 9.000900090008925707e-04
5.100510051005101124e-03 1.500150015001502912e-02 1.500150015001492027e-03 1.470147014701472278e-02
