1.400000000000000000e+01 1.400000000000000000e+01 1.600000000000000000e+01 1.400000000000000000e+01
4.200000000000000000e+01 4.200000000000000000e+01 4.400000000000000000e+01 4.200000000000000000e+01
7.400000000000000000e+01 7.400000000000000000e+01 7.200000000000000000e+01 7.400000000000000000e+01
1.000000000000000000e+02 1.000000000000000000e+02 1.060000000000000000e+02 1.000000000000000000e+02
1.280000000000000000e+02 1.280000000000000000e+02 1.280000000000000000e+02 1.300000000000000000e+02
1.580000000000000000e+02 1.620000000000000000e+02 1.600000000000000000e+02 1.600000000000000000e+02
1.820000000000000000e+02 1.920000000000000000e+02 1.940000000000000000e+02 1.920000000000000000e+02
2.180000000000000000e+02 2.180000000000000000e+02 2.120000000000000000e+02 2.180000000000000000e+02
2.520000000000000000e+02 2.440000000000000000e+02 2.460000000000000000e+02 2.400000000000000000e+02
2.840000000000000000e+02 2.820000000000000000e+02 2.760000000000000000e+02 2.780000000000000000e+02
3.120000000000000000e+02 3.040000000000000000e+02 3.100000000000000000e+02 2.960000000000000000e+02
3.300000000000000000e+02 3.260000000000000000e+02 3.280000000000000000e+02 3.320000000000000000e+02
3.580000000000000000e+02 3.620000000000000000e+02 3.660000000000000000e+02 3.700000000000000000e+02
3.960000000000000000e+02 3.920000000000000000e+02 3.880000000000000000e+02 3.940000000000000000e+02
4.240000000000000000e+02 4.120000000000000000e+02 4.180000000000000000e+02 4.280000000000000000e+02
4.300000000000000000e+02 4.440000000000000000e+02 4.380000000000000000e+02 4.500000000000000000e+02
4.700000000000000000e+02 4.740000000000000000e+02 4.800000000000000000e+02 4.900000000000000000e+02
5.000000000000000000e+02 5.120000000000000000e+02 5.000000000000000000e+02 5.000000000000000000e+02
5.360000000000000000e+02 5.480000000000000000e+02 5.280000000000000000e+02 5.340000000000000000e+02
5.620000000000000000e+02 5.700000000000000000e+02 5.620000000000000000e+02 5.500000000000000000e+02
5.880000000000000000e+02 5.860000000000000000e+02 5.920000000000000000e+02 5.960000000000000000e+02
6.200000000000000000e+02 6.380000000000000000e+02 6.180000000000000000e+02 6.260000000000000000e+02
6.640000000000000000e+02 6.560000000000000000e+02 6.220000000000000000e+02 6.500000000000000000e+02
6.760000000000000000e+02 6.780000000000000000e+02 6.760000000000000000e+02 6.840000000000000000e+02
7.180000000000000000e+02 7.000000000000000000e+02 7.200000000000000000e+02 7.020000000000000000e+02
