8.958000000000000407e-01 9.001000000000000112e-01 8.779000000000000137e-01 8.998000000000000442e-01
7.611999999999999877e-01 7.680000000000000160e-01 7.772999999999999909e-01 7.724999999999999645e-01
6.689000000000000501e-01 6.925000000000000044e-01 6.885999999999999899e-01 6.735999999999999766e-01
5.773000000000000353e-01 5.708999999999999631e-01 5.999999999999999778e-01 5.870999999999999552e-01
5.334999999999999742e-01 5.341000000000000192e-01 4.768999999999999906e-01 5.063999999999999613e-01
4.452999999999999736e-01 4.396999999999999797e-01 4.655000000000000249e-01 4.133000000000000007e-01
3.846999999999999864e-01 3.673000000000000154e-01 4.045000000000000262e-01 3.943999999999999728e-01
3.009999999999999898e-01 3.451000000000000179e-01 3.179000000000000159e-01 3.116999999999999771e-01
2.721000000000000085e-01 2.878999999999999893e-01 2.615000000000000102e-01 2.620999999999999996e-01
2.300999999999999990e-01 2.250000000000000056e-01 2.215000000000000024e-01 2.371999999999999942e-01
2.162000000000000033e-01 1.842999999999999916e-01 1.892999999999999960e-01 1.978999999999999926e-01
1.980000000000000093e-01 1.842999999999999916e-01 1.814000000000000057e-01 1.643000000000000016e-01
1.363999999999999935e-01 1.645999999999999963e-01 1.542999999999999927e-01 1.325000000000000067e-01
1.426000000000000045e-01 1.111000000000000043e-01 1.188000000000000028e-01 1.244999999999999996e-01
1.111999999999999933e-01 1.118999999999999995e-01 1.058000000000000052e-01 1.110000000000000014e-01
1.184000000000000052e-01 9.199999999999999845e-02 8.709999999999999687e-02 8.699999999999999400e-02
8.300000000000000433e-02 7.770000000000000517e-02 7.799999999999999989e-02 7.699999999999999900e-02
7.459999999999999964e-02 6.740000000000000158e-02 5.879999999999999810e-02 7.080000000000000182e-02
5.600000000000000117e-02 5.480000000000000149e-02 5.970000000000000306e-02 5.920000000000000262e-02
4.320000000000000229e-02 4.220000000000000140e-02 5.299999999999999850e-02 5.929999999999999855e-02
3.620000000000000301e-02 4.159999999999999809e-02 4.320000000000000229e-02 3.629999999999999893e-02
3.450000000000000289e-02 3.520000000000000212e-02 3.760000000000000148e-02 4.019999999999999962e-02
3.300000000000000155e-02 2.309999999999999901e-02 3.119999999999999857e-02 3.450000000000000289e-02
2.390000000000000110e-02 2.110000000000000070e-02 2.040000000000000147e-02 2.149999999999999828e-02
2.380000000000000171e-02 2.239999999999999977e-02 2.210000000000000159e-02 2.239999999999999977e-02
