8.844884488448845339e-01 8.406840684068407343e-01 7.773777377737773886e-01 9.012901290129012866e-01 8.499849984998499863e-01 7.935793579357935945e-01 8.841884188418841495e-01 8.196819681968197102e-01 7.527752775277527508e-01 8.970897089708971262e-01 8.463846384638463727e-01 8.070807080708071179e-01
7.518751875187519307e-01 6.075607560756075554e-01 5.031503150315032036e-01 7.527752775277527508e-01 6.066606660666066242e-01 4.836483648364836574e-01 7.875787578757875718e-01 6.354635463546354224e-01 5.343534353435342998e-01 7.755775577557755263e-01 6.216621662166216256e-01 5.448544854485448674e-01
6.699669966996699699e-01 4.668466846684668492e-01 3.363336333633363262e-01 6.849684968496849713e-01 5.064506450645064328e-01 3.723372337233723517e-01 6.783678367836784018e-01 4.917491749174917604e-01 3.591359135913591571e-01 6.870687068706871070e-01 4.758475847584758278e-01 3.504350435043504519e-01
5.814581458145814397e-01 3.309330933093309057e-01 2.160216021602160141e-01 5.811581158115811663e-01 3.456345634563456337e-01 2.106210621062106214e-01 5.811581158115811663e-01 3.771377137713771144e-01 2.346234623462346292e-01 6.039603960396039417e-01 3.786378637863786478e-01 2.334233423342334246e-01
5.421542154215421849e-01 2.964296429642964137e-01 1.593159315931593212e-01 5.466546654665466187e-01 3.225322532253225294e-01 1.809180918091809198e-01 4.926492649264926360e-01 2.568256825682568301e-01 1.371137113711371203e-01 5.043504350435042971e-01 2.793279327932793321e-01 1.485148514851485080e-01
4.425442544254425403e-01 2.055205520552055298e-01 1.131113111311131125e-01 4.305430543054305503e-01 2.025202520252025185e-01 1.113111311131113057e-01 4.668466846684668492e-01 2.334233423342334246e-01 1.206120612061206132e-01 4.230423042304230496e-01 1.788178817881788119e-01 8.220822082208220638e-02
3.858385838583858196e-01 1.620162016201620037e-01 7.080708070807080479e-02 3.759375937593759653e-01 1.422142214221422118e-01 5.970597059705970433e-02 4.065406540654065148e-01 1.701170117011701066e-01 7.470747074707470570e-02 4.017401740174017521e-01 1.599159915991599235e-01 7.320732073207321389e-02
2.871287128712871062e-01 1.011101110111011087e-01 3.300330033003300023e-02 3.525352535253525321e-01 1.338133813381338078e-01 5.070507050705070490e-02 3.264326432643264164e-01 1.083108310831083082e-01 4.020402040204020672e-02 3.078307830783078569e-01 9.960996099609961685e-02 3.420342034203420478e-02
2.916291629162916510e-01 8.820882088208821525e-02 2.670267026702670410e-02 2.844284428442844237e-01 8.820882088208821525e-02 3.240324032403240490e-02 2.757275727572757185e-01 7.650765076507651252e-02 2.640264026402640296e-02 2.709270927092709003e-01 8.100810081008100183e-02 2.220222022202220091e-02
2.382238223822382150e-01 6.060606060606060774e-02 1.860186018601860114e-02 2.337233723372337257e-01 5.550555055505550228e-02 1.650165016501650012e-02 2.148214821482148096e-01 5.220522052205220365e-02 9.300930093009300570e-03 2.235223522352235148e-01 5.940594059405940319e-02 1.650165016501650012e-02
2.070207020702070078e-01 5.790579057905790444e-02 1.560156015601560191e-02 1.851185118511851080e-01 3.030303030303030387e-02 7.200720072007200413e-03 2.040204020402040241e-01 3.990399039903990558e-02 7.200720072007200413e-03 2.007200720072007116e-01 4.410441044104410763e-02 1.020102010201020051e-02
1.926192619261926087e-01 3.960396039603960444e-02 1.050105010501050165e-02 1.971197119711971257e-01 3.540354035403540239e-02 9.600960096009601707e-03 1.818181818181818232e-01 3.900390039003900217e-02 6.600660066006600740e-03 1.617161716171617025e-01 2.760276027602760404e-02 5.700570057005700797e-03
1.407140714071407062e-01 2.310231023102310086e-02 2.100210021002100157e-03 1.668166816681668219e-01 3.600360036003600467e-02 6.600660066006600740e-03 1.641164116411641116e-01 3.330333033303330137e-02 4.200420042004200313e-03 1.398139813981398027e-01 1.710171017101710239e-02 2.400240024002400427e-03
1.473147314731473034e-01 2.370237023702370313e-02 3.900390039003900477e-03 1.212121212121212155e-01 1.590159015901590131e-02 6.000600060006001067e-04 1.092109210921092116e-01 1.500150015001500137e-02 2.400240024002400427e-03 1.266126612661266082e-01 2.010201020102010336e-02 3.000300030003000100e-03
1.062106210621062141e-01 1.560156015601560191e-02 2.700270027002700263e-03 1.053105310531053107e-01 1.290129012901290208e-02 1.500150015001500050e-03 1.146114611461146182e-01 1.350135013501350088e-02 9.000900090009000517e-04 9.810981098109811116e-02 1.410141014101410142e-02 1.500150015001500050e-03
1.206120612061206132e-01 1.860186018601860114e-02 2.700270027002700263e-03 8.430843084308431434e-02 6.300630063006300470e-03 6.000600060006001067e-04 7.980798079807981116e-02 6.600660066006600740e-03 6.000600060006001067e-04 8.310831083108310979e-02 8.100810081008101224e-03 6.000600060006001067e-04
7.440744074407440456e-02 6.600660066006600740e-03 3.000300030003000534e-04 7.410741074107410342e-02 1.020102010201020051e-02 3.000300030003000534e-04 7.770777077707770319e-02 7.800780078007800954e-03 9.000900090009000517e-04 7.080708070807080479e-02 3.000300030003000100e-03 1.500150015001500050e-03
7.650765076507651252e-02 7.200720072007200413e-03 0.000000000000000000e+00 6.960696069606960024e-02 5.700570057005700797e-03 3.000300030003000534e-04 5.100510051005100604e-02 3.600360036003600207e-03 6.000600060006001067e-04 7.140714071407140706e-02 7.200720072007200413e-03 1.800180018001800103e-03
5.730573057305730911e-02 3.300330033003300370e-03 0.000000000000000000e+00 5.760576057605760331e-02 3.900390039003900477e-03 0.000000000000000000e+00 6.060606060606060774e-02 4.200420042004200313e-03 0.000000000000000000e+00 5.550555055505550228e-02 3.900390039003900477e-03 6.000600060006001067e-04
4.440444044404440183e-02 1.500150015001500050e-03 0.000000000000000000e+00 3.930393039303930330e-02 4.200420042004200313e-03 3.000300030003000534e-04 5.820582058205820558e-02 2.400240024002400427e-03 3.000300030003000534e-04 5.850585058505850672e-02 3.600360036003600207e-03 1.200120012001200213e-03
4.200420042004200660e-02 1.800180018001800103e-03 3.000300030003000534e-04 4.320432043204320421e-02 9.000900090009000517e-04 0.000000000000000000e+00 4.050405040504050092e-02 2.400240024002400427e-03 3.000300030003000534e-04 3.930393039303930330e-02 1.200120012001200213e-03 0.000000000000000000e+00
3.960396039603960444e-02 3.000300030003000100e-03 0.000000000000000000e+00 3.480348034803480012e-02 1.800180018001800103e-03 0.000000000000000000e+00 3.630363036303630581e-02 1.200120012001200213e-03 0.000000000000000000e+00 4.380438043804380649e-02 1.200120012001200213e-03 3.000300030003000534e-04
3.030303030303030387e-02 1.200120012001200213e-03 0.000000000000000000e+00 2.310231023102310086e-02 0.000000000000000000e+00 0.000000000000000000e+00 3.000300030003000273e-02 1.800180018001800103e-03 0.000000000000000000e+00 3.420342034203420478e-02 1.200120012001200213e-03 0.000000000000000000e+00
2.340234023402340199e-02 0.000000000000000000e+00 3.000300030003000534e-04 2.700270027002700177e-02 3.000300030003000534e-04 0.000000000000000000e+00 2.130213021302130097e-02 1.500150015001500050e-03 0.000000000000000000e+00 2.430243024302430194e-02 0.000000000000000000e+00 3.000300030003000534e-04
1.890189018901890228e-02 1.200120012001200213e-03 0.000000000000000000e+00 1.920192019201920341e-02 9.000900090009000517e-04 0.000000000000000000e+00 2.010201020102010336e-02 3.000300030003000534e-04 0.000000000000000000e+00 2.160216021602160211e-02 6.000600060006001067e-04 0.000000000000000000e+00
