1.190000000000000000e+02 1.150000000000000000e+02 1.090000000000000000e+02 1.210000000000000000e+02
2.150000000000000000e+02 2.230000000000000000e+02 2.090000000000000000e+02 2.170000000000000000e+02
2.890000000000000000e+02 2.870000000000000000e+02 2.990000000000000000e+02 2.870000000000000000e+02
4.030000000000000000e+02 3.850000000000000000e+02 3.670000000000000000e+02 3.910000000000000000e+02
4.670000000000000000e+02 4.790000000000000000e+02 4.670000000000000000e+02 4.850000000000000000e+02
5.770000000000000000e+02 5.450000000000000000e+02 5.430000000000000000e+02 5.530000000000000000e+02
6.610000000000000000e+02 6.250000000000000000e+02 6.050000000000000000e+02 6.230000000000000000e+02
7.350000000000000000e+02 7.510000000000000000e+02 7.390000000000000000e+02 7.270000000000000000e+02
7.970000000000000000e+02 8.150000000000000000e+02 8.170000000000000000e+02 8.310000000000000000e+02
8.750000000000000000e+02 8.910000000000000000e+02 9.290000000000000000e+02 8.930000000000000000e+02
9.370000000000000000e+02 9.570000000000000000e+02 9.850000000000000000e+02 1.021000000000000000e+03
1.083000000000000000e+03 1.119000000000000000e+03 1.107000000000000000e+03 1.087000000000000000e+03
1.189000000000000000e+03 1.171000000000000000e+03 1.153000000000000000e+03 1.135000000000000000e+03
1.235000000000000000e+03 1.241000000000000000e+03 1.261000000000000000e+03 1.233000000000000000e+03
1.323000000000000000e+03 1.369000000000000000e+03 1.333000000000000000e+03 1.291000000000000000e+03
1.503000000000000000e+03 1.445000000000000000e+03 1.445000000000000000e+03 1.417000000000000000e+03
1.543000000000000000e+03 1.539000000000000000e+03 1.515000000000000000e+03 1.465000000000000000e+03
1.631000000000000000e+03 1.597000000000000000e+03 1.635000000000000000e+03 1.637000000000000000e+03
1.659000000000000000e+03 1.611000000000000000e+03 1.703000000000000000e+03 1.675000000000000000e+03
1.763000000000000000e+03 1.765000000000000000e+03 1.773000000000000000e+03 1.829000000000000000e+03
1.883000000000000000e+03 1.889000000000000000e+03 1.887000000000000000e+03 1.849000000000000000e+03
1.943000000000000000e+03 1.891000000000000000e+03 1.963000000000000000e+03 1.931000000000000000e+03
1.987000000000000000e+03 2.023000000000000000e+03 2.125000000000000000e+03 2.005000000000000000e+03
2.131000000000000000e+03 2.143000000000000000e+03 2.129000000000000000e+03 2.115000000000000000e+03
2.191000000000000000e+03 2.247000000000000000e+03 2.155000000000000000e+03 2.235000000000000000e+03
