9.087908790879074550e-01 9.474947494749461629e-01 9.462946294629449584e-01 9.591959195919589343e-01
9.360936093609359965e-01 9.219921992199219263e-01 9.906990699069905260e-01 1.006600660066006236e+00
9.456945694569451888e-01 9.078907890789076340e-01 9.189918991899183043e-01 9.840984098409841785e-01
9.675967596759672551e-01 9.171917191719172191e-01 8.466846684668466461e-01 9.093909390939088899e-01
8.964896489648966904e-01 8.532853285328532156e-01 8.445844584458446214e-01 8.235823582358232642e-01
8.241824182418243661e-01 7.953795379537951238e-01 8.208820882088211368e-01 8.148814881488150030e-01
7.422742274227424053e-01 7.608760876087611313e-01 7.839783978397841802e-01 7.986798679867992412e-01
5.910591059105914091e-01 7.068706870687072596e-01 6.945694569456948297e-01 6.588658865886590776e-01
6.369636963696370113e-01 6.210621062106211898e-01 6.240624062406243677e-01 5.919591959195922293e-01
5.514551455145516590e-01 5.511551155115517187e-01 4.971497149714973474e-01 5.088508850885089529e-01
4.629462946294630732e-01 4.716471647164718894e-01 4.995499549954997565e-01 4.800480048004802103e-01
4.695469546954698092e-01 4.947494749474951603e-01 4.350435043504352617e-01 4.080408040804082703e-01
3.549354935493551633e-01 3.990399039903992362e-01 3.966396639663969381e-01 3.705370537053708224e-01
3.747374737473750383e-01 3.165316531653168952e-01 2.850285028502852480e-01 3.225322532253228625e-01
2.745274527452747360e-01 2.787278727872788964e-01 3.042304230423043543e-01 2.535253525352536008e-01
3.087308730873090101e-01 2.346234623462347124e-01 2.202220222022204243e-01 2.256225622562257616e-01
2.037203720372038340e-01 1.920192019201921729e-01 2.106210621062107602e-01 2.049204920492051218e-01
2.079207920792080222e-01 1.920192019201921452e-01 1.428142814281429251e-01 1.944194419441945265e-01
1.620162016201621424e-01 1.611161116111612390e-01 1.692169216921693975e-01 1.554155415541555452e-01
1.287128712871288272e-01 1.056105610561056674e-01 1.677167716771679196e-01 1.659165916591660572e-01
1.209120912091209837e-01 1.269126912691269371e-01 1.146114611461147154e-01 1.143114311431144003e-01
1.098109810981098972e-01 9.900990099009908396e-02 1.053105310531054495e-01 1.281128112811281694e-01
8.730873087308739511e-02 6.930693069306936849e-02 8.460846084608467099e-02 9.900990099009908396e-02
7.050705070507054528e-02 8.010801080108016781e-02 5.940594059405944483e-02 7.320732073207326940e-02
5.310531053105315563e-02 5.490549054905495552e-02 5.940594059405944483e-02 6.300630063006304460e-02
