9.300930093009291966e-01 9.513951395139507161e-01 9.777977797779767721e-01 9.906990699069916362e-01
9.960996099609955579e-01 9.705970597059700999e-01 9.795979597959794116e-01 9.693969396939691174e-01
9.801980198019802915e-01 9.789978997899789759e-01 9.369936993699361505e-01 9.498949894989494602e-01
9.768976897689760630e-01 9.861986198619863142e-01 1.011101110111011225e+00 9.603960396039593617e-01
9.555955595559556537e-01 1.009000900090009090e+00 8.994899489948990912e-01 9.696969696969691688e-01
9.105910591059099835e-01 9.834983498349825215e-01 9.366936693669367653e-01 9.933993399339935415e-01
9.543954395439540050e-01 9.636963696369643673e-01 9.525952595259514766e-01 9.462946294629458466e-01
9.384938493849379615e-01 9.240924092409243951e-01 1.016801680168016198e+00 9.300930093009298627e-01
9.357935793579351680e-01 9.288928892889288802e-01 9.447944794479450348e-01 9.123912391239122899e-01
8.790879087908785028e-01 9.078907890789085222e-01 9.303930393039302471e-01 9.294929492949294270e-01
9.393939393939394478e-01 9.591959195919596004e-01 9.696969696969685026e-01 8.670867086708671234e-01
9.183918391839184237e-01 9.492949294929502457e-01 8.802880288028807065e-01 9.234923492349240703e-01
8.775877587758782461e-01 9.018901890189024995e-01 9.078907890789073010e-01 9.108910891089107009e-01
9.084908490849087359e-01 9.351935193519357314e-01 8.562856285628560604e-01 9.141914191419148183e-01
8.697869786978694728e-01 8.709870987098711215e-01 9.132913291329142202e-01 7.836783678367841288e-01
8.805880588058809799e-01 8.952895289528959299e-01 8.184818481848190608e-01 8.559855985598568973e-01
8.019801980198019153e-01 7.983798379837989678e-01 8.652865286528663713e-01 8.658865886588665850e-01
8.247824782478248018e-01 8.106810681068107316e-01 8.205820582058209745e-01 8.574857485748580421e-01
8.367836783678366253e-01 8.025802580258032393e-01 7.587758775877592177e-01 8.091809180918091426e-01
7.740774077407740483e-01 7.476747674767482144e-01 7.125712571257128980e-01 7.479747974797480436e-01
8.202820282028209231e-01 7.836783678367840178e-01 7.449744974497454209e-01 6.933693369336936252e-01
7.215721572157216546e-01 7.959795979597964477e-01 8.535853585358541551e-01 7.257725772577258150e-01
7.971797179717979853e-01 7.740774077407748255e-01 7.443744374437445410e-01 7.395739573957399449e-01
7.212721272127220473e-01 6.564656465646564465e-01 7.122712271227130687e-01 6.882688268826884226e-01
7.620762076207622249e-01 6.885688568856885849e-01 6.438643864386436322e-01 6.990699069906991525e-01
7.749774977497750905e-01 7.116711671167120778e-01 7.074707470747081395e-01 7.551755175517557150e-01
7.011701170117016213e-01 7.098709870987104376e-01 7.557755775577560398e-01 6.798679867986805458e-01
6.369636963696374554e-01 7.158715871587162383e-01 5.949594959495954072e-01 6.450645064506459470e-01
6.138613861386140735e-01 6.447644764476452295e-01 6.597659765976600088e-01 6.483648364836486211e-01
6.090609060906092553e-01 5.814581458145815507e-01 6.399639963996401892e-01 6.732673267326738653e-01
6.531653165316536613e-01 6.030603060306035657e-01 5.577557755775579551e-01 6.885688568856890290e-01
6.414641464146418892e-01 5.772577257725770572e-01 6.114611461146119975e-01 5.700570057005700519e-01
6.696669666966703627e-01 5.340534053405339154e-01 5.907590759075906917e-01 6.504650465046507568e-01
6.015601560156019767e-01 5.922592259225925027e-01 6.462646264626469295e-01 5.904590459045906403e-01
6.168616861686172514e-01 6.450645064506457249e-01 6.222622262226228385e-01 5.142514251425144289e-01
5.373537353735373667e-01 5.223522352235225874e-01 5.685568556855689071e-01 4.905490549054905558e-01
5.502550255025507875e-01 5.148514851485148647e-01 4.728472847284731495e-01 5.148514851485148647e-01
4.926492649264925250e-01 5.016501650165021697e-01 5.535553555355537947e-01 4.827482748274826707e-01
5.442544254425445427e-01 5.577557755775578441e-01 3.996399639963993389e-01 5.142514251425145400e-01
5.622562256225626109e-01 4.734473447344738073e-01 4.956495649564955919e-01 5.286528652865289946e-01
5.631563156315635421e-01 5.358535853585361108e-01 5.178517851785182646e-01 5.715571557155715299e-01
4.338433843384342237e-01 5.295529552955297037e-01 4.665466546654667979e-01 4.395439543954393624e-01
5.157515751575161289e-01 4.575457545754577082e-01 3.945394539453950244e-01 3.855385538553855462e-01
5.049504950495050659e-01 4.584458445844586394e-01 5.004500450045007431e-01 3.774377437743772212e-01
4.482448244824484007e-01 4.725472547254725986e-01 4.746474647464752339e-01 4.149414941494152242e-01
4.971497149714970143e-01 5.031503150315036477e-01 4.236423642364238185e-01 4.269426942694268812e-01
3.876387638763879595e-01 4.260426042604260055e-01 4.389438943894388712e-01 4.563456345634563371e-01
3.897389738973899287e-01 3.939393939393941446e-01 4.398439843984398578e-01 3.954395439543956225e-01
4.284428442844284701e-01 5.166516651665170601e-01 4.149414941494148912e-01 3.834383438343837991e-01
4.530453045304529969e-01 4.641464146414640557e-01 4.107410741074106753e-01 4.845484548454848106e-01
3.471347134713468341e-01 4.245424542454247496e-01 4.338433843384338351e-01 4.311431143114313191e-01
4.287428742874287990e-01 3.972397239723970963e-01 3.717371737173713608e-01 4.179417941794176805e-01
3.894389438943894888e-01 3.873387338733877416e-01 4.404440444044410707e-01 4.869486948694870532e-01
4.251425142514252409e-01 4.584458445844584173e-01 4.233423342334233785e-01 4.416441644164414981e-01
3.162316231623159002e-01 4.374437443744377263e-01 4.071407140714073947e-01 4.221422142214222850e-01
3.990399039903992362e-01 3.294329432943292613e-01 3.879387938793877333e-01 3.861386138613863150e-01
4.113411341134112220e-01 3.195319531953193515e-01 3.648364836483649065e-01 4.167416741674171421e-01
4.011401140114012609e-01 3.387338733873388463e-01 3.714371437143718646e-01 4.593459345934590154e-01
4.200420042004203158e-01 3.150315031503150842e-01 3.966396639663967161e-01 3.897389738973899287e-01
3.375337533753376973e-01 3.096309630963093862e-01 3.339333933393338616e-01 3.138313831383136021e-01
4.035403540354035590e-01 3.921392139213920047e-01 3.384338433843382954e-01 3.666366636663668799e-01
3.636363636363634244e-01 3.405340534053405421e-01 3.276327632763273434e-01 3.528352835283528610e-01
2.820282028202816815e-01 3.243324332433244472e-01 2.727272727272725961e-01 3.522352235223519812e-01
3.369336933693365954e-01 2.985298529852986049e-01 2.562256225622556727e-01 3.195319531953189629e-01
3.333333333333333148e-01 3.384338433843385729e-01 3.645364536453642446e-01 3.603360336033603617e-01
3.855385538553856573e-01 3.531353135313530789e-01 3.138313831383137131e-01 3.105310531053107614e-01
3.585358535853583328e-01 3.327332733273327681e-01 3.498349834983501827e-01 3.102310231023100995e-01
3.207320732073208336e-01 3.666366636663664913e-01 4.098409840984100216e-01 3.444344434443443737e-01
3.198319831983202355e-01 3.237323732373234009e-01 3.027302730273027653e-01 3.585358535853582773e-01
3.426342634263430109e-01 2.856285628562857948e-01 2.811281128112811944e-01 2.553255325532552966e-01
3.369336933693369840e-01 3.495349534953490211e-01 3.249324932493249385e-01 2.391239123912387576e-01
2.754275427542751120e-01 3.789378937893791988e-01 3.609360936093607974e-01 2.580258025802577015e-01
3.453345334533453048e-01 2.853285328532849663e-01 2.796279627962792724e-01 2.751275127512748941e-01
3.333333333333333148e-01 3.078307830783078014e-01 3.393339333933394486e-01 3.501350135013499565e-01
3.000300030003000273e-01 3.009300930093007920e-01 3.102310231023101550e-01 2.037203720372030291e-01
3.420342034203421311e-01 3.525352535253523656e-01 2.775277527752773032e-01 3.249324932493250495e-01
2.004200420042001329e-01 3.459345934593458516e-01 2.820282028202819036e-01 3.198319831983199024e-01
3.495349534953495207e-01 3.456345634563454117e-01 2.328232823282324060e-01 3.333333333333330928e-01
2.670267026702669022e-01 3.396339633963396110e-01 3.306330633063305768e-01 2.868286828682865552e-01
3.306330633063306879e-01 3.609360936093611860e-01 2.931293129312929624e-01 2.835283528352834370e-01
