9.408999999999999586e-01 9.335999999999999854e-01 9.386999999999999789e-01 9.346999999999999753e-01
8.444000000000000394e-01 8.325000000000000178e-01 8.528999999999999915e-01 8.709000000000000075e-01
7.499000000000000110e-01 8.062000000000000277e-01 8.044999999999999929e-01 7.804999999999999716e-01
7.315000000000000391e-01 7.227999999999999980e-01 7.016000000000000014e-01 7.107999999999999874e-01
6.996999999999999886e-01 6.531000000000000139e-01 6.686999999999999611e-01 6.443999999999999728e-01
6.404999999999999583e-01 6.229999999999999982e-01 5.855000000000000204e-01 5.923000000000000487e-01
5.825000000000000178e-01 5.783000000000000362e-01 5.737999999999999767e-01 5.485999999999999766e-01
4.864999999999999880e-01 4.703999999999999848e-01 5.402000000000000135e-01 4.910999999999999810e-01
4.499000000000000221e-01 4.606999999999999984e-01 4.686000000000000165e-01 4.555000000000000160e-01
3.988999999999999768e-01 4.414000000000000146e-01 4.333000000000000185e-01 4.123999999999999888e-01
4.152000000000000135e-01 3.598000000000000087e-01 3.731999999999999762e-01 3.738000000000000211e-01
3.065999999999999837e-01 3.398999999999999799e-01 3.570999999999999730e-01 3.232999999999999763e-01
3.060999999999999832e-01 3.089000000000000079e-01 3.015999999999999792e-01 2.822999999999999954e-01
2.853999999999999870e-01 2.812000000000000055e-01 2.898000000000000020e-01 3.009000000000000008e-01
2.346000000000000030e-01 2.670000000000000151e-01 2.629000000000000226e-01 2.747999999999999887e-01
2.793999999999999817e-01 2.288000000000000034e-01 2.520999999999999908e-01 2.170999999999999874e-01
2.030000000000000138e-01 2.036999999999999922e-01 2.479000000000000092e-01 1.985999999999999988e-01
1.922999999999999987e-01 1.953999999999999904e-01 1.895999999999999908e-01 1.721999999999999920e-01
1.696999999999999897e-01 1.763000000000000123e-01 1.640000000000000069e-01 1.726000000000000034e-01
1.607999999999999985e-01 1.579000000000000126e-01 1.489999999999999936e-01 1.497999999999999887e-01
1.270999999999999908e-01 1.408999999999999975e-01 1.381000000000000005e-01 1.524999999999999967e-01
1.199000000000000066e-01 1.307999999999999996e-01 1.482999999999999874e-01 1.366999999999999882e-01
9.919999999999999651e-02 1.105000000000000010e-01 1.184000000000000052e-01 1.247999999999999943e-01
1.091000000000000025e-01 1.015999999999999959e-01 1.033000000000000029e-01 1.033000000000000029e-01
1.042000000000000010e-01 8.920000000000000151e-02 9.210000000000000131e-02 8.369999999999999662e-02
8.050000000000000211e-02 8.250000000000000389e-02 9.479999999999999538e-02 8.459999999999999465e-02
7.760000000000000231e-02 8.240000000000000102e-02 6.969999999999999807e-02 8.100000000000000255e-02
6.990000000000000380e-02 6.619999999999999496e-02 8.089999999999999969e-02 6.270000000000000573e-02
6.629999999999999782e-02 6.199999999999999956e-02 6.329999999999999516e-02 6.450000000000000178e-02
6.189999999999999669e-02 5.890000000000000097e-02 5.460000000000000270e-02 6.010000000000000064e-02
5.979999999999999899e-02 4.750000000000000056e-02 4.989999999999999991e-02 6.600000000000000311e-02
4.130000000000000338e-02 4.340000000000000108e-02 5.249999999999999806e-02 5.120000000000000245e-02
5.079999999999999793e-02 4.610000000000000209e-02 3.830000000000000071e-02 4.019999999999999962e-02
4.229999999999999732e-02 3.729999999999999982e-02 4.009999999999999676e-02 3.509999999999999926e-02
3.679999999999999938e-02 3.529999999999999805e-02 3.769999999999999740e-02 3.350000000000000200e-02
3.309999999999999748e-02 3.729999999999999982e-02 3.699999999999999817e-02 3.230000000000000232e-02
2.779999999999999832e-02 2.920000000000000026e-02 3.549999999999999684e-02 2.580000000000000002e-02
2.479999999999999913e-02 2.529999999999999957e-02 2.149999999999999828e-02 2.690000000000000030e-02
2.220000000000000098e-02 1.890000000000000013e-02 2.570000000000000062e-02 2.570000000000000062e-02
2.479999999999999913e-02 2.019999999999999921e-02 2.149999999999999828e-02 1.980000000000000163e-02
1.660000000000000017e-02 1.940000000000000058e-02 1.930000000000000118e-02 1.770000000000000046e-02
1.919999999999999832e-02 2.069999999999999965e-02 1.669999999999999957e-02 1.640000000000000138e-02
1.770000000000000046e-02 1.590000000000000094e-02 1.549999999999999989e-02 1.679999999999999896e-02
1.739999999999999880e-02 1.450000000000000074e-02 1.700000000000000122e-02 1.519999999999999997e-02
1.420000000000000082e-02 1.739999999999999880e-02 1.510000000000000057e-02 1.340000000000000045e-02
