9.381938193819382432e-01 9.228922892289228574e-01 8.691869186918691481e-01 9.333933393339334250e-01 9.027902790279027645e-01 8.541854185418541467e-01 9.387938793879387900e-01 8.889888988898889677e-01 8.625862586258625786e-01 9.318931893189319471e-01 9.063906390639063781e-01 8.463846384638463727e-01
8.592859285928592383e-01 7.407740774077408163e-01 6.516651665166516283e-01 8.334833483348335070e-01 7.560756075607560911e-01 6.255625562556255126e-01 8.487848784878487818e-01 7.335733573357335890e-01 6.438643864386438542e-01 8.748874887488748975e-01 7.755775577557755263e-01 6.843684368436843135e-01
7.620762076207621138e-01 5.895589558955895981e-01 4.407440744074407335e-01 8.151815181518151654e-01 6.429642964296429231e-01 5.400540054005400492e-01 8.004800480048004374e-01 6.564656465646564465e-01 5.505550555055505058e-01 7.956795679567957302e-01 6.462646264626462633e-01 5.163516351635163426e-01
7.335733573357335890e-01 5.235523552355235699e-01 4.047404740474047635e-01 7.278727872787278397e-01 5.364536453645364356e-01 4.089408940894089239e-01 7.026702670267026551e-01 4.920492049204920337e-01 3.630363036303630442e-01 7.065706570657065422e-01 5.277527752775277303e-01 3.846384638463846151e-01
7.038703870387038597e-01 4.926492649264926360e-01 3.474347434743474405e-01 6.459645964596459899e-01 4.248424842484248565e-01 2.901290129012901176e-01 6.648664866486648783e-01 4.653465346534653713e-01 3.060306030603060501e-01 6.516651665166516283e-01 4.104410441044104574e-01 2.916291629162916510e-01
6.429642964296429231e-01 4.218421842184218451e-01 2.985298529852985494e-01 6.108610861086108956e-01 3.894389438943894333e-01 2.673267326732673421e-01 5.949594959495949631e-01 3.438343834383438269e-01 2.187218721872187244e-01 5.988598859885988501e-01 3.990399039903990142e-01 2.235223522352235148e-01
5.670567056705670961e-01 3.429342934293429512e-01 2.010201020102010128e-01 5.733573357335733922e-01 3.483348334833483162e-01 1.959195919591959212e-01 5.727572757275727344e-01 3.627362736273627153e-01 2.097209720972097180e-01 5.484548454845484811e-01 3.111311131113111417e-01 1.776177617761776073e-01
5.142514251425142069e-01 2.481248124812481248e-01 1.308130813081308241e-01 4.683468346834683271e-01 2.148214821482148096e-01 1.170117011701170134e-01 5.235523552355235699e-01 2.964296429642964137e-01 1.785178517851785107e-01 5.031503150315032036e-01 2.772277227722772519e-01 1.362136213621362169e-01
4.542454245424542569e-01 2.331233123312331235e-01 9.540954095409541480e-02 4.563456345634563371e-01 2.097209720972097180e-01 1.134113411341134137e-01 4.791479147914791681e-01 2.097209720972097180e-01 1.110111011101110046e-01 4.566456645664566660e-01 2.169216921692169175e-01 1.053105310531053107e-01
4.074407440744074460e-01 1.629162916291629071e-01 6.600660066006600046e-02 4.446444644464446205e-01 1.962196219621962223e-01 9.210921092109210229e-02 4.227422742274227208e-01 2.043204320432043253e-01 9.660966096609660547e-02 4.113411341134113330e-01 1.848184818481848068e-01 8.790879087908791412e-02
4.113411341134113330e-01 1.854185418541854091e-01 8.220822082208220638e-02 3.540354035403540101e-01 1.374137413741374214e-01 5.130513051305130717e-02 3.477347734773477139e-01 1.521152115211521216e-01 5.190519051905190251e-02 3.828382838283828637e-01 1.494149414941494114e-01 5.550555055505550228e-02
3.246324632463246096e-01 9.780978097809781002e-02 3.450345034503450592e-02 3.177317731773177112e-01 1.089108910891089105e-01 4.080408040804080205e-02 3.642364236423642487e-01 1.536153615361536273e-01 6.120612061206120308e-02 3.213321332133213248e-01 9.870987098709871344e-02 3.690369036903690114e-02
3.162316231623162333e-01 1.008100810081008075e-01 4.140414041404140433e-02 3.027302730273027098e-01 9.210921092109210229e-02 3.420342034203420478e-02 2.976297629762976182e-01 9.660966096609660547e-02 2.640264026402640296e-02 2.808280828082808100e-01 9.360936093609360797e-02 2.940294029402940393e-02
2.811281128112811389e-01 8.730873087308731184e-02 2.670267026702670410e-02 2.784278427842784009e-01 7.560756075607560911e-02 2.610261026102610182e-02 2.901290129012901176e-01 8.910891089108910479e-02 2.850285028502850398e-02 2.913291329132913221e-01 9.390939093909390911e-02 3.480348034803480012e-02
2.232223222322232137e-01 5.550555055505550228e-02 1.530153015301530077e-02 2.496249624962496305e-01 7.590759075907591025e-02 2.610261026102610182e-02 2.640264026402640019e-01 7.350735073507350115e-02 2.220222022202220091e-02 2.775277527752775253e-01 7.650765076507651252e-02 2.490249024902490421e-02
2.799279927992799344e-01 7.860786078607860661e-02 3.120312031203120381e-02 2.289228922892289353e-01 5.310531053105310706e-02 1.830183018301830347e-02 2.496249624962496305e-01 7.530753075307530797e-02 2.370237023702370313e-02 2.061206120612061321e-01 4.920492049204920615e-02 9.600960096009601707e-03
2.076207620762076100e-01 5.550555055505550228e-02 1.440144014401440083e-02 1.932193219321932109e-01 4.770477047704770740e-02 1.590159015901590131e-02 2.463246324632463180e-01 7.050705070507050365e-02 2.400240024002400080e-02 1.998199819981998082e-01 4.350435043504350535e-02 8.400840084008400627e-03
1.869186918691869148e-01 4.470447044704470296e-02 1.080108010801080105e-02 1.770177017701770050e-01 3.960396039603960444e-02 5.700570057005700797e-03 1.881188118811881194e-01 4.200420042004200660e-02 1.140114011401140159e-02 1.731173117311731180e-01 4.020402040204020672e-02 7.800780078007800954e-03
1.674167416741674241e-01 2.970297029702970160e-02 8.100810081008101224e-03 1.647164716471647139e-01 3.090309030903090268e-02 8.700870087008700030e-03 1.560156015601560087e-01 2.880288028802880165e-02 6.300630063006300470e-03 1.674167416741674241e-01 2.910291029102910279e-02 7.200720072007200413e-03
1.644164416441644128e-01 2.670267026702670410e-02 6.000600060006000200e-03 1.548154815481548041e-01 2.790279027902790171e-02 6.300630063006300470e-03 1.452145214521452232e-01 2.490249024902490421e-02 4.800480048004800854e-03 1.437143714371437175e-01 2.100210021002100330e-02 7.500750075007500683e-03
1.344134413441344100e-01 2.250225022502250205e-02 3.600360036003600207e-03 1.338133813381338078e-01 2.070207020702070216e-02 1.500150015001500050e-03 1.359135913591359157e-01 2.100210021002100330e-02 3.000300030003000100e-03 1.440144014401440187e-01 2.070207020702070216e-02 5.400540054005400527e-03
1.266126612661266082e-01 1.440144014401440083e-02 2.700270027002700263e-03 1.239123912391239118e-01 1.440144014401440083e-02 3.900390039003900477e-03 1.536153615361536273e-01 2.730273027302730290e-02 5.700570057005700797e-03 1.497149714971497125e-01 2.040204020402040103e-02 4.200420042004200313e-03
1.017101710171017109e-01 1.290129012901290208e-02 2.100210021002100157e-03 1.170117011701170134e-01 1.260126012601260094e-02 2.400240024002400427e-03 1.275127512751275116e-01 1.410141014101410142e-02 4.800480048004800854e-03 1.125112511251125103e-01 2.010201020102010336e-02 3.300330033003300370e-03
1.035103510351035039e-01 1.620162016201620245e-02 2.700270027002700263e-03 1.038103810381038050e-01 1.410141014101410142e-02 2.100210021002100157e-03 9.660966096609660547e-02 1.170117011701170100e-02 3.000300030003000100e-03 1.122112211221122091e-01 1.260126012601260094e-02 3.600360036003600207e-03
1.062106210621062141e-01 1.200120012001200040e-02 1.800180018001800103e-03 1.035103510351035039e-01 1.230123012301230154e-02 2.400240024002400427e-03 9.150915091509151389e-02 1.410141014101410142e-02 2.100210021002100157e-03 8.280828082808280866e-02 7.500750075007500683e-03 1.800180018001800103e-03
7.680768076807681366e-02 8.400840084008400627e-03 3.000300030003000534e-04 7.800780078007800433e-02 7.200720072007200413e-03 2.700270027002700263e-03 8.880888088808880365e-02 7.800780078007800954e-03 2.100210021002100157e-03 8.160816081608160411e-02 1.050105010501050165e-02 9.000900090009000517e-04
8.250825082508250752e-02 8.700870087008700030e-03 1.800180018001800103e-03 8.730873087308731184e-02 9.900990099009901110e-03 9.000900090009000517e-04 7.500750075007500683e-02 6.300630063006300470e-03 1.200120012001200213e-03 7.680768076807681366e-02 9.600960096009601707e-03 9.000900090009000517e-04
7.530753075307530797e-02 6.600660066006600740e-03 1.200120012001200213e-03 6.330633063306330410e-02 5.100510051005100257e-03 1.500150015001500050e-03 7.890789078907890775e-02 7.800780078007800954e-03 9.000900090009000517e-04 6.390639063906390638e-02 4.800480048004800854e-03 6.000600060006001067e-04
6.810681068106810843e-02 5.400540054005400527e-03 1.800180018001800103e-03 5.820582058205820558e-02 4.800480048004800854e-03 9.000900090009000517e-04 7.380738073807380228e-02 5.400540054005400527e-03 6.000600060006001067e-04 6.840684068406840956e-02 5.400540054005400527e-03 1.200120012001200213e-03
6.510651065106511093e-02 5.100510051005100257e-03 2.400240024002400427e-03 6.750675067506750615e-02 5.100510051005100257e-03 6.000600060006001067e-04 5.370537053705370240e-02 4.200420042004200313e-03 6.000600060006001067e-04 5.310531053105310706e-02 4.800480048004800854e-03 6.000600060006001067e-04
5.910591059105910899e-02 3.600360036003600207e-03 9.000900090009000517e-04 3.990399039903990558e-02 3.000300030003000100e-03 9.000900090009000517e-04 4.980498049804980842e-02 4.200420042004200313e-03 3.000300030003000534e-04 6.060606060606060774e-02 7.200720072007200413e-03 0.000000000000000000e+00
4.170417041704170547e-02 2.400240024002400427e-03 9.000900090009000517e-04 4.800480048004800160e-02 2.700270027002700263e-03 9.000900090009000517e-04 5.460546054605460581e-02 4.500450045004500584e-03 6.000600060006001067e-04 4.560456045604560638e-02 2.400240024002400427e-03 0.000000000000000000e+00
5.190519051905190251e-02 3.900390039003900477e-03 1.200120012001200213e-03 4.770477047704770740e-02 2.700270027002700263e-03 3.000300030003000534e-04 4.170417041704170547e-02 3.000300030003000100e-03 1.200120012001200213e-03 4.260426042604260194e-02 3.900390039003900477e-03 6.000600060006001067e-04
3.660366036603660694e-02 4.800480048004800854e-03 3.000300030003000534e-04 4.230423042304230080e-02 1.800180018001800103e-03 3.000300030003000534e-04 3.390339033903390364e-02 1.500150015001500050e-03 3.000300030003000534e-04 2.910291029102910279e-02 3.900390039003900477e-03 9.000900090009000517e-04
3.180318031803180262e-02 2.100210021002100157e-03 9.000900090009000517e-04 3.690369036903690114e-02 2.100210021002100157e-03 6.000600060006001067e-04 3.360336033603360251e-02 2.400240024002400427e-03 9.000900090009000517e-04 2.940294029402940393e-02 6.000600060006001067e-04 9.000900090009000517e-04
3.210321032103210376e-02 1.800180018001800103e-03 9.000900090009000517e-04 4.320432043204320421e-02 1.500150015001500050e-03 0.000000000000000000e+00 4.290429042904290308e-02 2.100210021002100157e-03 3.000300030003000534e-04 2.940294029402940393e-02 1.500150015001500050e-03 3.000300030003000534e-04
2.640264026402640296e-02 1.800180018001800103e-03 3.000300030003000534e-04 3.390339033903390364e-02 1.200120012001200213e-03 1.200120012001200213e-03 3.360336033603360251e-02 1.500150015001500050e-03 0.000000000000000000e+00 2.610261026102610182e-02 9.000900090009000517e-04 6.000600060006001067e-04
2.520252025202520188e-02 1.500150015001500050e-03 9.000900090009000517e-04 2.520252025202520188e-02 9.000900090009000517e-04 6.000600060006001067e-04 1.920192019201920341e-02 1.200120012001200213e-03 0.000000000000000000e+00 3.150315031503150148e-02 9.000900090009000517e-04 9.000900090009000517e-04
2.490249024902490421e-02 1.200120012001200213e-03 3.000300030003000534e-04 1.950195019501950108e-02 9.000900090009000517e-04 3.000300030003000534e-04 2.760276027602760404e-02 9.000900090009000517e-04 0.000000000000000000e+00 2.760276027602760404e-02 2.100210021002100157e-03 3.000300030003000534e-04
2.550255025502550302e-02 1.200120012001200213e-03 1.200120012001200213e-03 1.980198019801980222e-02 1.500150015001500050e-03 3.000300030003000534e-04 2.400240024002400080e-02 9.000900090009000517e-04 6.000600060006001067e-04 1.770177017701770120e-02 1.200120012001200213e-03 0.000000000000000000e+00
2.040204020402040103e-02 0.000000000000000000e+00 3.000300030003000534e-04 1.350135013501350088e-02 1.500150015001500050e-03 3.000300030003000534e-04 2.640264026402640296e-02 3.000300030003000534e-04 6.000600060006001067e-04 1.890189018901890228e-02 3.000300030003000534e-04 3.000300030003000534e-04
1.770177017701770120e-02 2.400240024002400427e-03 3.000300030003000534e-04 1.560156015601560191e-02 1.200120012001200213e-03 3.000300030003000534e-04 1.620162016201620245e-02 1.500150015001500050e-03 3.000300030003000534e-04 1.800180018001800233e-02 0.000000000000000000e+00 3.000300030003000534e-04
1.410141014101410142e-02 6.000600060006001067e-04 6.000600060006001067e-04 1.380138013801380202e-02 3.000300030003000534e-04 0.000000000000000000e+00 1.110111011101110046e-02 1.500150015001500050e-03 3.000300030003000534e-04 1.530153015301530077e-02 9.000900090009000517e-04 0.000000000000000000e+00
1.590159015901590131e-02 9.000900090009000517e-04 9.000900090009000517e-04 1.380138013801380202e-02 1.200120012001200213e-03 3.000300030003000534e-04 1.680168016801680125e-02 3.000300030003000534e-04 3.000300030003000534e-04 2.310231023102310086e-02 9.000900090009000517e-04 6.000600060006001067e-04
1.470147014701470196e-02 3.000300030003000534e-04 0.000000000000000000e+00 1.590159015901590131e-02 9.000900090009000517e-04 3.000300030003000534e-04 1.380138013801380202e-02 1.500150015001500050e-03 3.000300030003000534e-04 1.320132013201320148e-02 9.000900090009000517e-04 3.000300030003000534e-04
