9.150915091509144172e-01 9.459945994599462393e-01 1.012001200120011823e+00 9.228922892289225244e-01
1.007200720072006339e+00 8.577857785778558730e-01 9.894989498949882112e-01 9.822982298229817610e-01
9.582958295829580031e-01 1.056705670567056554e+00 9.825982598259823675e-01 9.645964596459650764e-01
1.034803480348035709e+00 9.831983198319831363e-01 9.948994899489953525e-01 9.210921092109199959e-01
9.810981098109805565e-01 9.534953495349528518e-01 9.045904590459040717e-01 1.015301530153015053e+00
9.618961896189620608e-01 9.315931593159316737e-01 9.720972097209731322e-01 8.229822982298233836e-01
8.733873387338737526e-01 8.709870987098715656e-01 8.397839783978401362e-01 8.895889588958902916e-01
9.291929192919294866e-01 8.775877587758783571e-01 8.598859885988604512e-01 8.139813981398141829e-01
7.587758775877586626e-01 8.532853285328536597e-01 9.192919291929201320e-01 8.244824482448249725e-01
7.995799579958002834e-01 8.373837383738379492e-01 7.518751875187520417e-01 7.674767476747681449e-01
7.599759975997602002e-01 7.011701170117018433e-01 6.387638763876394288e-01 7.557755775577570390e-01
7.149714971497159732e-01 6.672667266726680646e-01 6.930693069306934628e-01 7.047704770477054570e-01
6.876687668766886530e-01 6.660666066606668601e-01 6.294629462946302878e-01 5.910591059105916312e-01
6.081608160816088793e-01 6.345634563456351573e-01 6.315631563156322015e-01 6.270627062706278787e-01
5.184518451845191445e-01 5.472547254725478316e-01 5.937593759375945357e-01 6.279627962796289209e-01
6.351635163516357041e-01 5.457545754575463537e-01 5.466546654665475069e-01 4.803480348034812053e-01
4.707470747074714579e-01 4.524452445244530607e-01 5.514551455145522141e-01 4.773477347734779164e-01
4.374437443744380039e-01 4.179417941794185687e-01 4.497449744974503782e-01 4.065406540654071810e-01
4.212421242124219090e-01 4.101410141014108501e-01 3.879387938793885660e-01 4.221422142214227291e-01
4.191419141914197177e-01 3.870387038703875793e-01 3.657365736573662818e-01 3.756375637563762471e-01
3.393339333933396706e-01 3.408340834083413706e-01 3.477347734773482135e-01 3.753375337533760292e-01
3.393339333933399482e-01 3.324332433243331608e-01 3.846384638463851702e-01 3.921392139213927819e-01
2.685268526852689908e-01 3.156315631563161861e-01 3.450345034503456421e-01 2.805280528052808697e-01
2.646264626462649927e-01 2.712271227122716732e-01 2.577257725772580943e-01 3.024302430243029360e-01
2.844284428442849233e-01 2.760276027602764914e-01 2.343234323432346888e-01 2.277227722772281471e-01
2.055205520552058351e-01 2.151215121512155548e-01 2.451245124512455575e-01 2.142214221422145404e-01
2.232223222322236300e-01 2.331233123312335676e-01 2.073207320732075865e-01 2.025202520252028793e-01
2.073207320732075865e-01 1.761176117611764624e-01 2.142214221422146514e-01 1.779177917791781027e-01
1.899189918991902315e-01 1.611161116111614056e-01 2.058205820582061085e-01 1.902190219021905604e-01
1.824182418241826753e-01 1.878187818781880958e-01 1.491149114911493601e-01 1.455145514551457742e-01
1.674167416741677294e-01 1.116111611161118011e-01 1.371137113711373423e-01 1.602160216021603911e-01
1.188118811881190146e-01 1.368136813681370689e-01 1.509150915091511669e-01 1.296129612961298416e-01
1.452145214521454453e-01 1.353135313531355632e-01 1.173117311731175227e-01 1.167116711671169066e-01
9.570957095709585472e-02 1.218121812181219982e-01 9.750975097509768930e-02 7.650765076507660967e-02
9.000900090009017473e-02 1.050105010501051761e-01 9.450945094509466404e-02 8.730873087308746450e-02
9.180918091809198156e-02 1.251125112511253523e-01 1.227122712271228738e-01 8.400840084008415198e-02
7.410741074107424220e-02 9.930993099309946837e-02 9.630963096309645699e-02 7.620762076207635016e-02
7.200720072007213424e-02 7.350735073507363992e-02 5.400540054005405904e-02 9.270927092709285722e-02
7.140714071407153196e-02 5.610561056105620170e-02 8.010801080108023720e-02 7.680768076807693856e-02
7.410741074107422832e-02 5.520552055205529829e-02 6.990699069907002627e-02 4.950495049504959749e-02
6.150615061506163606e-02 3.630363036303636132e-02 7.890789078907904652e-02 5.610561056105620170e-02
4.620462046204627110e-02 4.350435043504358862e-02 4.440444044404446428e-02 5.430543054305441569e-02
4.110411041104117258e-02 4.050405040504057030e-02 2.910291029102913402e-02 4.320432043204328748e-02
4.590459045904597690e-02 3.810381038103818202e-02 4.980498049804989863e-02 6.720672067206731604e-02
4.320432043204330830e-02 4.530453045304538157e-02 3.720372037203727167e-02 3.720372037203726473e-02
