8.787878787878787845e-01 8.394839483948395298e-01 7.956795679567957302e-01 9.003900390039003554e-01 8.571857185718572136e-01 8.070807080708071179e-01 8.937893789378937859e-01 8.262826282628262797e-01 8.115811581158115517e-01 8.685868586858686013e-01 8.499849984998499863e-01 7.986798679867986861e-01
7.842784278427842315e-01 6.942694269426942233e-01 5.979597959795979190e-01 8.298829882988298934e-01 7.503750375037503417e-01 6.390639063906390360e-01 8.241824182418241440e-01 6.777677767776777440e-01 6.033603360336033949e-01 8.385838583858385986e-01 7.548754875487548865e-01 6.846684668466846979e-01
7.944794479447945257e-01 6.411641164116411717e-01 5.580558055805580064e-01 7.458745874587459079e-01 5.979597959795979190e-01 4.878487848784878733e-01 7.656765676567657275e-01 6.390639063906390360e-01 5.277527752775277303e-01 7.962796279627962770e-01 6.489648964896489458e-01 5.637563756375637558e-01
7.134713471347134961e-01 5.172517251725172738e-01 4.038403840384038324e-01 7.152715271527152474e-01 5.820582058205820974e-01 4.527452745274527235e-01 6.960696069606960856e-01 5.412541254125412538e-01 3.951395139513951271e-01 7.167716771677167253e-01 5.520552055205520947e-01 4.416441644164416647e-01
6.693669366936693121e-01 4.827482748274827262e-01 3.516351635163516565e-01 6.489648964896489458e-01 4.329432943294329594e-01 3.351335133513351217e-01 6.507650765076508081e-01 4.491449144914491654e-01 3.423342334233423490e-01 6.414641464146414451e-01 4.317431743174317549e-01 3.342334233423342460e-01
6.180618061806180119e-01 3.621362136213621130e-01 2.685268526852685467e-01 6.465646564656465367e-01 4.212421242124212428e-01 3.117311731173117439e-01 5.304530453045304128e-01 3.666366636663666578e-01 2.181218121812181221e-01 6.195619561956196009e-01 3.996399639963996164e-01 2.736273627362736383e-01
5.736573657365736656e-01 4.278427842784278679e-01 2.607260726072607171e-01 5.718571857185718033e-01 3.495349534953495207e-01 2.433243324332433344e-01 5.874587458745874624e-01 3.849384938493849440e-01 2.643264326432643307e-01 5.112511251125112510e-01 2.565256525652565012e-01 1.854185418541854091e-01
4.986498649864986588e-01 2.931293129312931289e-01 2.082208220822082123e-01 5.184518451845184783e-01 2.955295529552955380e-01 1.788178817881788119e-01 5.433543354335433895e-01 3.453345334533453603e-01 2.259225922592259239e-01 4.779477947794779635e-01 2.673267326732673421e-01 1.605160516051605257e-01
4.761476147614761567e-01 2.610261026102610460e-01 1.845184518451845057e-01 4.578457845784578706e-01 2.805280528052805367e-01 1.380138013801380237e-01 4.347434743474347663e-01 2.370237023702370105e-01 1.497149714971497125e-01 5.079507950795079108e-01 2.799279927992799344e-01 1.818181818181818232e-01
4.020402040204020255e-01 1.959195919591959212e-01 1.128112811281128114e-01 4.695469546954695317e-01 2.700270027002700246e-01 1.812181218121812210e-01 3.948394839483948537e-01 2.289228922892289353e-01 1.260126012601260059e-01 4.050405040504050369e-01 2.295229522952295098e-01 1.308130813081308241e-01
4.374437443744374487e-01 2.217221722172217357e-01 1.311131113111311253e-01 3.774377437743774433e-01 1.953195319531953189e-01 1.026102610261026143e-01 3.864386438643864219e-01 1.896189618961896250e-01 1.074107410741074048e-01 3.876387638763876264e-01 2.088208820882088146e-01 1.125112511251125103e-01
3.207320732073207226e-01 1.506150615061506159e-01 8.700870087008701070e-02 3.114311431143114151e-01 1.341134113411341089e-01 9.210921092109210229e-02 4.140414041404140155e-01 2.127212721272127294e-01 1.233123312331233096e-01 4.083408340834083217e-01 2.085208520852085134e-01 1.290129012901290173e-01
3.237323732373237339e-01 1.449144914491449221e-01 9.120912091209121275e-02 3.939393939393939226e-01 1.860186018601860114e-01 1.035103510351035039e-01 3.783378337833783189e-01 1.848184818481848068e-01 1.209120912091209143e-01 3.228322832283228583e-01 1.311131113111311253e-01 8.610861086108610729e-02
3.177317731773177112e-01 1.350135013501350123e-01 8.970897089708970706e-02 3.138313831383138242e-01 1.449144914491449221e-01 8.580858085808580615e-02 3.234323432343234050e-01 1.608160816081608269e-01 9.690969096909690661e-02 3.708370837083708182e-01 1.695169516951695043e-01 1.071107110711071175e-01
2.946294629462946069e-01 1.353135313531353134e-01 8.460846084608460160e-02 3.201320132013201203e-01 1.377137713771377225e-01 8.760876087608761298e-02 3.084308430843084037e-01 1.515151515151515194e-01 1.002100210021002052e-01 3.054305430543054478e-01 1.443144314431443198e-01 9.480948094809481252e-02
2.826282628262826169e-01 1.044104410441044073e-01 7.890789078907890775e-02 2.832283228322832191e-01 1.299129912991299207e-01 8.610861086108610729e-02 2.835283528352835480e-01 1.161116111611161100e-01 7.710771077107710092e-02 2.844284428442844237e-01 1.299129912991299207e-01 7.380738073807380228e-02
2.700270027002700246e-01 9.450945094509451139e-02 7.590759075907591025e-02 2.376237623762376128e-01 1.044104410441044073e-01 7.500750075007500683e-02 2.388238823882388173e-01 1.044104410441044073e-01 7.290729072907291275e-02 2.394239423942394196e-01 9.990999099909990411e-02 6.900690069006901184e-02
2.538253825382538187e-01 1.056105610561056118e-01 7.320732073207321389e-02 2.196219621962196278e-01 1.134113411341134137e-01 7.560756075607560911e-02 2.652265226522652064e-01 1.101110111011101150e-01 6.900690069006901184e-02 3.003300330033003562e-01 1.251125112511251025e-01 8.670867086708670957e-02
2.004200420042004105e-01 8.850885088508850251e-02 5.790579057905790444e-02 2.268226822682268273e-01 9.930993099309931571e-02 7.020702070207020251e-02 2.589258925892589103e-01 9.630963096309630433e-02 6.210621062106210649e-02 2.028202820282028196e-01 8.250825082508250752e-02 7.050705070507050365e-02
2.004200420042004105e-01 8.610861086108610729e-02 6.240624062406240763e-02 2.085208520852085134e-01 8.730873087308731184e-02 7.470747074707470570e-02 2.616261626162616483e-01 1.257125712571257048e-01 7.440744074407440456e-02 2.109210921092109225e-01 8.430843084308431434e-02 6.780678067806780729e-02
1.680168016801680264e-01 7.620762076207621138e-02 5.460546054605460581e-02 1.797179717971797153e-01 7.470747074707470570e-02 6.270627062706270183e-02 1.902190219021902273e-01 7.050705070507050365e-02 7.080708070807080479e-02 1.815181518151815221e-01 7.890789078907890775e-02 6.900690069006901184e-02
2.232223222322232137e-01 1.119111911191119080e-01 7.710771077107710092e-02 1.755175517551755271e-01 8.250825082508250752e-02 7.200720072007200934e-02 1.854185418541854091e-01 7.500750075007500683e-02 7.110711071107110592e-02 1.827182718271827266e-01 8.130813081308130297e-02 6.270627062706270183e-02
1.686168616861686287e-01 7.620762076207621138e-02 6.690669066906690388e-02 1.497149714971497125e-01 7.890789078907890775e-02 6.600660066006600046e-02 1.881188118811881194e-01 8.970897089708970706e-02 6.750675067506750615e-02 1.623162316231623048e-01 7.380738073807380228e-02 6.660666066606660274e-02
1.395139513951395016e-01 7.080708070807080479e-02 6.240624062406240763e-02 1.710171017101710100e-01 8.160816081608160411e-02 6.990699069906990137e-02 1.632163216321632082e-01 7.800780078007800433e-02 5.910591059105910899e-02 1.578157815781578155e-01 6.780678067806780729e-02 6.360636063606360524e-02
1.530153015301530250e-01 6.960696069606960024e-02 6.480648064806480979e-02 1.434143414341434164e-01 7.320732073207321389e-02 6.660666066606660274e-02 1.536153615361536273e-01 7.410741074107410342e-02 6.660666066606660274e-02 1.533153315331533262e-01 8.250825082508250752e-02 5.940594059405940319e-02
1.290129012901290173e-01 7.170717071707170820e-02 6.960696069606960024e-02 1.383138313831383248e-01 6.300630063006300297e-02 5.940594059405940319e-02 1.632163216321632082e-01 7.230723072307231047e-02 5.970597059705970433e-02 1.704170417041704078e-01 7.890789078907890775e-02 6.780678067806780729e-02
1.695169516951695043e-01 7.470747074707470570e-02 7.020702070207020251e-02 1.383138313831383248e-01 7.050705070507050365e-02 6.180618061806180535e-02 1.287128712871287162e-01 5.550555055505550228e-02 5.820582058205820558e-02 1.434143414341434164e-01 7.260726072607261161e-02 6.720672067206720501e-02
1.200120012001200109e-01 6.390639063906390638e-02 5.940594059405940319e-02 1.356135613561356146e-01 6.630663066306630160e-02 5.970597059705970433e-02 1.314131413141314264e-01 7.110711071107110592e-02 6.060606060606060774e-02 1.314131413141314264e-01 6.990699069906990137e-02 6.120612061206120308e-02
1.233123312331233096e-01 6.900690069006901184e-02 6.300630063006300297e-02 1.152115211521152066e-01 6.900690069006901184e-02 6.240624062406240763e-02 1.176117611761176157e-01 7.320732073207321389e-02 6.150615061506150422e-02 1.104110411041104162e-01 6.690669066906690388e-02 6.600660066006600046e-02
1.320132013201320009e-01 7.170717071707170820e-02 6.090609060906090888e-02 1.107110711071107173e-01 6.150615061506150422e-02 5.760576057605760331e-02 1.350135013501350123e-01 6.660666066606660274e-02 5.850585058505850672e-02 1.389138913891389271e-01 7.050705070507050365e-02 6.540654065406541207e-02
9.810981098109811116e-02 6.870687068706871070e-02 6.240624062406240763e-02 1.119111911191119080e-01 6.990699069906990137e-02 5.310531053105310706e-02 9.840984098409841230e-02 6.360636063606360524e-02 6.480648064806480979e-02 1.179117911791179169e-01 7.050705070507050365e-02 5.670567056705670683e-02
1.074107410741074048e-01 6.450645064506450865e-02 6.300630063006300297e-02 1.035103510351035039e-01 6.630663066306630160e-02 6.120612061206120308e-02 1.104110411041104162e-01 6.360636063606360524e-02 6.750675067506750615e-02 1.227122712271227073e-01 7.320732073207321389e-02 6.690669066906690388e-02
1.059105910591059130e-01 6.420642064206420752e-02 5.490549054905490695e-02 1.107110711071107173e-01 6.930693069306931298e-02 6.810681068106810843e-02 1.029102910291029155e-01 6.930693069306931298e-02 6.480648064806480979e-02 1.023102310231023132e-01 6.960696069606960024e-02 6.120612061206120308e-02
1.014101410141014098e-01 6.300630063006300297e-02 5.730573057305730911e-02 1.155115511551155077e-01 6.510651065106511093e-02 6.060606060606060774e-02 1.239123912391239118e-01 6.480648064806480979e-02 6.150615061506150422e-02 9.060906090609061048e-02 7.230723072307231047e-02 6.420642064206420752e-02
8.670867086708670957e-02 5.880588058805880786e-02 5.550555055505550228e-02 1.011101110111011087e-01 6.660666066606660274e-02 5.670567056705670683e-02 9.930993099309931571e-02 6.630663066306630160e-02 5.640564056405640569e-02 9.870987098709871344e-02 6.000600060006000547e-02 6.750675067506750615e-02
9.510951095109511366e-02 6.720672067206720501e-02 6.270627062706270183e-02 1.149114911491149055e-01 6.600660066006600046e-02 6.390639063906390638e-02 9.120912091209121275e-02 6.210621062106210649e-02 6.210621062106210649e-02 8.340834083408341093e-02 6.210621062106210649e-02 6.720672067206720501e-02
8.220822082208220638e-02 6.450645064506450865e-02 6.870687068706871070e-02 1.266126612661266082e-01 7.530753075307530797e-02 6.990699069906990137e-02 9.690969096909690661e-02 6.180618061806180535e-02 7.320732073207321389e-02 9.120912091209121275e-02 6.180618061806180535e-02 5.580558055805580342e-02
9.720972097209720775e-02 7.350735073507350115e-02 6.480648064806480979e-02 8.430843084308431434e-02 5.880588058805880786e-02 5.760576057605760331e-02 8.370837083708371207e-02 5.400540054005400353e-02 6.870687068706871070e-02 8.760876087608761298e-02 6.210621062106210649e-02 6.510651065106511093e-02
9.900990099009901457e-02 6.180618061806180535e-02 5.910591059105910899e-02 7.950795079507951002e-02 6.000600060006000547e-02 6.390639063906390638e-02 8.610861086108610729e-02 6.030603060306030661e-02 6.270627062706270183e-02 1.011101110111011087e-01 6.990699069906990137e-02 7.020702070207020251e-02
9.030903090309030934e-02 5.520552055205520808e-02 6.900690069006901184e-02 7.830783078307830547e-02 5.910591059105910899e-02 6.420642064206420752e-02 9.930993099309931571e-02 5.790579057905790444e-02 6.780678067806780729e-02 7.800780078007800433e-02 6.720672067206720501e-02 6.120612061206120308e-02
8.910891089108910479e-02 6.150615061506150422e-02 6.000600060006000547e-02 8.250825082508250752e-02 6.180618061806180535e-02 5.820582058205820558e-02 8.850885088508850251e-02 6.390639063906390638e-02 6.690669066906690388e-02 8.640864086408640843e-02 6.330633063306330410e-02 6.060606060606060774e-02
7.890789078907890775e-02 6.330633063306330410e-02 6.060606060606060774e-02 8.760876087608761298e-02 6.660666066606660274e-02 6.720672067206720501e-02 7.410741074107410342e-02 6.150615061506150422e-02 5.820582058205820558e-02 9.060906090609061048e-02 6.390639063906390638e-02 6.510651065106511093e-02
7.590759075907591025e-02 6.720672067206720501e-02 6.000600060006000547e-02 7.410741074107410342e-02 5.760576057605760331e-02 6.450645064506450865e-02 7.740774077407740206e-02 6.540654065406541207e-02 6.450645064506450865e-02 7.290729072907291275e-02 5.850585058505850672e-02 6.270627062706270183e-02
6.480648064806480979e-02 6.660666066606660274e-02 6.870687068706871070e-02 7.530753075307530797e-02 6.030603060306030661e-02 5.490549054905490695e-02 7.260726072607261161e-02 6.330633063306330410e-02 6.630663066306630160e-02 7.950795079507951002e-02 5.790579057905790444e-02 6.810681068106810843e-02
8.130813081308130297e-02 6.300630063006300297e-02 6.540654065406541207e-02 6.990699069906990137e-02 6.660666066606660274e-02 5.700570057005700797e-02 7.170717071707170820e-02 5.880588058805880786e-02 6.870687068706871070e-02 7.200720072007200934e-02 6.180618061806180535e-02 5.850585058505850672e-02
7.230723072307231047e-02 6.750675067506750615e-02 5.760576057605760331e-02 7.590759075907591025e-02 6.930693069306931298e-02 6.000600060006000547e-02 7.140714071407140706e-02 6.030603060306030661e-02 6.210621062106210649e-02 9.360936093609360797e-02 6.900690069006901184e-02 6.450645064506450865e-02
7.200720072007200934e-02 6.240624062406240763e-02 6.750675067506750615e-02 7.740774077407740206e-02 6.120612061206120308e-02 6.600660066006600046e-02 7.650765076507651252e-02 6.600660066006600046e-02 6.360636063606360524e-02 7.080708070807080479e-02 6.300630063006300297e-02 5.970597059705970433e-02
6.780678067806780729e-02 5.820582058205820558e-02 5.820582058205820558e-02 7.080708070807080479e-02 6.480648064806480979e-02 6.750675067506750615e-02 6.720672067206720501e-02 5.670567056705670683e-02 7.080708070807080479e-02 6.810681068106810843e-02 5.940594059405940319e-02 5.790579057905790444e-02
6.540654065406541207e-02 6.270627062706270183e-02 7.200720072007200934e-02 6.720672067206720501e-02 6.330633063306330410e-02 6.540654065406541207e-02 7.800780078007800433e-02 6.120612061206120308e-02 6.870687068706871070e-02 7.080708070807080479e-02 7.170717071707170820e-02 6.810681068106810843e-02
6.630663066306630160e-02 6.510651065106511093e-02 5.790579057905790444e-02 6.300630063006300297e-02 6.480648064806480979e-02 6.180618061806180535e-02 6.510651065106511093e-02 6.690669066906690388e-02 7.080708070807080479e-02 6.690669066906690388e-02 6.030603060306030661e-02 5.910591059105910899e-02
7.140714071407140706e-02 5.760576057605760331e-02 6.270627062706270183e-02 7.500750075007500683e-02 6.030603060306030661e-02 5.970597059705970433e-02 7.530753075307530797e-02 5.730573057305730911e-02 6.420642064206420752e-02 7.440744074407440456e-02 7.020702070207020251e-02 6.210621062106210649e-02
6.150615061506150422e-02 6.990699069906990137e-02 6.390639063906390638e-02 6.780678067806780729e-02 6.690669066906690388e-02 6.300630063006300297e-02 6.420642064206420752e-02 6.000600060006000547e-02 5.220522052205220365e-02 7.530753075307530797e-02 6.330633063306330410e-02 6.900690069006901184e-02
7.320732073207321389e-02 6.090609060906090888e-02 6.150615061506150422e-02 7.800780078007800433e-02 7.500750075007500683e-02 6.480648064806480979e-02 7.470747074707470570e-02 6.810681068106810843e-02 6.630663066306630160e-02 6.330633063306330410e-02 6.570657065706571320e-02 5.730573057305730911e-02
7.020702070207020251e-02 6.390639063906390638e-02 6.570657065706571320e-02 8.070807080708071457e-02 5.970597059705970433e-02 6.510651065106511093e-02 6.810681068106810843e-02 6.420642064206420752e-02 5.940594059405940319e-02 6.510651065106511093e-02 5.670567056705670683e-02 6.150615061506150422e-02
7.650765076507651252e-02 6.840684068406840956e-02 5.850585058505850672e-02 6.300630063006300297e-02 6.210621062106210649e-02 6.450645064506450865e-02 6.810681068106810843e-02 6.570657065706571320e-02 6.840684068406840956e-02 6.240624062406240763e-02 5.460546054605460581e-02 5.910591059105910899e-02
7.500750075007500683e-02 6.510651065106511093e-02 7.050705070507050365e-02 6.150615061506150422e-02 5.610561056105610456e-02 6.210621062106210649e-02 7.500750075007500683e-02 6.840684068406840956e-02 7.230723072307231047e-02 6.840684068406840956e-02 5.910591059105910899e-02 5.760576057605760331e-02
6.180618061806180535e-02 7.050705070507050365e-02 6.120612061206120308e-02 7.260726072607261161e-02 6.720672067206720501e-02 5.880588058805880786e-02 5.850585058505850672e-02 6.030603060306030661e-02 6.150615061506150422e-02 6.780678067806780729e-02 5.610561056105610456e-02 6.360636063606360524e-02
7.410741074107410342e-02 5.640564056405640569e-02 6.690669066906690388e-02 6.030603060306030661e-02 5.670567056705670683e-02 5.640564056405640569e-02 6.810681068106810843e-02 6.420642064206420752e-02 5.370537053705370240e-02 6.180618061806180535e-02 6.270627062706270183e-02 6.090609060906090888e-02
6.930693069306931298e-02 7.410741074107410342e-02 6.360636063606360524e-02 6.330633063306330410e-02 5.640564056405640569e-02 5.730573057305730911e-02 6.150615061506150422e-02 6.150615061506150422e-02 6.390639063906390638e-02 6.990699069906990137e-02 6.000600060006000547e-02 6.510651065106511093e-02
7.050705070507050365e-02 6.510651065106511093e-02 6.810681068106810843e-02 7.440744074407440456e-02 5.910591059105910899e-02 6.450645064506450865e-02 6.690669066906690388e-02 5.880588058805880786e-02 5.790579057905790444e-02 6.270627062706270183e-02 6.720672067206720501e-02 5.730573057305730911e-02
6.120612061206120308e-02 5.910591059105910899e-02 6.060606060606060774e-02 7.320732073207321389e-02 6.300630063006300297e-02 6.330633063306330410e-02 7.050705070507050365e-02 5.340534053405340820e-02 5.550555055505550228e-02 6.090609060906090888e-02 5.520552055205520808e-02 5.760576057605760331e-02
5.760576057605760331e-02 6.540654065406541207e-02 6.000600060006000547e-02 6.090609060906090888e-02 6.270627062706270183e-02 6.300630063006300297e-02 7.050705070507050365e-02 6.030603060306030661e-02 6.510651065106511093e-02 6.690669066906690388e-02 6.210621062106210649e-02 6.600660066006600046e-02
6.750675067506750615e-02 7.200720072007200934e-02 6.270627062706270183e-02 6.480648064806480979e-02 5.940594059405940319e-02 5.910591059105910899e-02 6.450645064506450865e-02 6.360636063606360524e-02 5.520552055205520808e-02 7.170717071707170820e-02 6.150615061506150422e-02 5.910591059105910899e-02
7.140714071407140706e-02 6.180618061806180535e-02 7.020702070207020251e-02 6.150615061506150422e-02 6.240624062406240763e-02 6.510651065106511093e-02 6.510651065106511093e-02 5.970597059705970433e-02 6.540654065406541207e-02 6.690669066906690388e-02 6.120612061206120308e-02 6.300630063006300297e-02
5.970597059705970433e-02 5.310531053105310706e-02 6.570657065706571320e-02 7.170717071707170820e-02 5.790579057905790444e-02 6.390639063906390638e-02 7.020702070207020251e-02 6.150615061506150422e-02 7.020702070207020251e-02 8.010801080108011230e-02 6.720672067206720501e-02 6.510651065106511093e-02
6.390639063906390638e-02 5.760576057605760331e-02 6.180618061806180535e-02 5.820582058205820558e-02 6.270627062706270183e-02 6.240624062406240763e-02 5.910591059105910899e-02 6.030603060306030661e-02 6.210621062106210649e-02 6.240624062406240763e-02 6.510651065106511093e-02 6.150615061506150422e-02
5.850585058505850672e-02 6.630663066306630160e-02 6.990699069906990137e-02 6.420642064206420752e-02 5.070507050705070490e-02 6.150615061506150422e-02 6.180618061806180535e-02 5.880588058805880786e-02 5.970597059705970433e-02 6.780678067806780729e-02 5.880588058805880786e-02 6.630663066306630160e-02
5.760576057605760331e-02 6.690669066906690388e-02 5.730573057305730911e-02 6.420642064206420752e-02 6.000600060006000547e-02 5.880588058805880786e-02 6.270627062706270183e-02 5.580558055805580342e-02 6.150615061506150422e-02 6.030603060306030661e-02 6.540654065406541207e-02 6.030603060306030661e-02
6.570657065706571320e-02 6.210621062106210649e-02 5.700570057005700797e-02 5.940594059405940319e-02 6.150615061506150422e-02 6.090609060906090888e-02 6.360636063606360524e-02 6.870687068706871070e-02 5.550555055505550228e-02 6.600660066006600046e-02 6.480648064806480979e-02 6.540654065406541207e-02
6.930693069306931298e-02 5.670567056705670683e-02 5.970597059705970433e-02 7.020702070207020251e-02 6.690669066906690388e-02 7.110711071107110592e-02 5.730573057305730911e-02 7.200720072007200934e-02 5.400540054005400353e-02 6.480648064806480979e-02 6.270627062706270183e-02 6.690669066906690388e-02
