8.770000000000000018e-01 8.972999999999999865e-01 8.867000000000000437e-01 8.809000000000000163e-01
8.045999999999999819e-01 8.265000000000000124e-01 8.224000000000000199e-01 8.377000000000000002e-01
7.953999999999999959e-01 7.459999999999999964e-01 7.742999999999999883e-01 7.865999999999999659e-01
6.907999999999999696e-01 7.177999999999999936e-01 6.944000000000000172e-01 7.166000000000000147e-01
6.743999999999999995e-01 6.552000000000000046e-01 6.572999999999999954e-01 6.506999999999999451e-01
6.100999999999999757e-01 6.341999999999999860e-01 5.382000000000000117e-01 6.055000000000000382e-01
5.782000000000000473e-01 5.752000000000000446e-01 5.986000000000000210e-01 5.131999999999999895e-01
5.100000000000000089e-01 5.053999999999999604e-01 5.462000000000000188e-01 4.857000000000000206e-01
4.892000000000000237e-01 4.507999999999999785e-01 4.419000000000000150e-01 4.963000000000000189e-01
3.895000000000000129e-01 4.940999999999999837e-01 4.077000000000000068e-01 4.243999999999999995e-01
4.240999999999999770e-01 3.799000000000000155e-01 3.936999999999999944e-01 3.905000000000000138e-01
3.235999999999999988e-01 3.190000000000000058e-01 4.076000000000000179e-01 4.067000000000000060e-01
3.149000000000000132e-01 3.847999999999999754e-01 3.936000000000000054e-01 3.111999999999999766e-01
3.049000000000000044e-01 3.034000000000000030e-01 3.318999999999999728e-01 3.684000000000000052e-01
2.948000000000000065e-01 3.231999999999999873e-01 3.126999999999999780e-01 2.998999999999999999e-01
2.816000000000000170e-01 2.837000000000000077e-01 2.932000000000000162e-01 2.750000000000000222e-01
2.489999999999999991e-01 2.394999999999999907e-01 2.441000000000000114e-01 2.535000000000000031e-01
2.437999999999999889e-01 2.280999999999999972e-01 2.539000000000000146e-01 2.894999999999999796e-01
1.917999999999999983e-01 2.218999999999999861e-01 2.393000000000000127e-01 2.086999999999999966e-01
1.996999999999999886e-01 2.139000000000000068e-01 2.447999999999999898e-01 2.025000000000000133e-01
1.676999999999999880e-01 1.842000000000000026e-01 1.849000000000000088e-01 1.907999999999999974e-01
2.363000000000000100e-01 1.935000000000000053e-01 1.847999999999999921e-01 1.862999999999999934e-01
1.678999999999999937e-01 1.501000000000000112e-01 1.857000000000000040e-01 1.723999999999999977e-01
1.378999999999999948e-01 1.582000000000000073e-01 1.637000000000000122e-01 1.519000000000000072e-01
1.358999999999999930e-01 1.494000000000000050e-01 1.595999999999999919e-01 1.615000000000000047e-01
1.375000000000000111e-01 1.317000000000000115e-01 1.630999999999999950e-01 1.622000000000000108e-01
1.681999999999999884e-01 1.342000000000000137e-01 1.234999999999999987e-01 1.469000000000000028e-01
1.207000000000000017e-01 1.310999999999999943e-01 1.376000000000000001e-01 1.287000000000000088e-01
1.346999999999999864e-01 1.218000000000000055e-01 1.184000000000000052e-01 1.210999999999999993e-01
1.242000000000000048e-01 1.187000000000000000e-01 1.446000000000000063e-01 1.345999999999999974e-01
1.044999999999999957e-01 1.170999999999999958e-01 1.015000000000000069e-01 1.213999999999999940e-01
1.049999999999999961e-01 1.083999999999999964e-01 1.107999999999999957e-01 1.145999999999999935e-01
9.929999999999999938e-02 1.082999999999999935e-01 1.066000000000000003e-01 9.769999999999999518e-02
9.690000000000000002e-02 1.063999999999999946e-01 1.178000000000000019e-01 1.011999999999999983e-01
9.149999999999999800e-02 9.560000000000000442e-02 1.038000000000000034e-01 9.669999999999999429e-02
9.270000000000000462e-02 1.218999999999999945e-01 9.579999999999999627e-02 9.389999999999999736e-02
8.569999999999999840e-02 1.183000000000000024e-01 9.719999999999999474e-02 8.770000000000000018e-02
1.016999999999999987e-01 8.999999999999999667e-02 7.760000000000000231e-02 8.820000000000000062e-02
8.970000000000000195e-02 8.110000000000000542e-02 9.039999999999999425e-02 1.004000000000000031e-01
8.039999999999999925e-02 7.409999999999999920e-02 8.469999999999999751e-02 8.119999999999999440e-02
8.659999999999999643e-02 8.240000000000000102e-02 8.859999999999999820e-02 7.459999999999999964e-02
7.929999999999999549e-02 8.100000000000000255e-02 8.169999999999999485e-02 8.859999999999999820e-02
8.069999999999999396e-02 7.309999999999999831e-02 7.670000000000000429e-02 7.580000000000000626e-02
7.119999999999999940e-02 7.610000000000000098e-02 7.439999999999999392e-02 7.760000000000000231e-02
8.140000000000000013e-02 7.069999999999999896e-02 7.620000000000000384e-02 8.260000000000000675e-02
7.549999999999999767e-02 7.099999999999999367e-02 7.459999999999999964e-02 8.179999999999999771e-02
7.439999999999999392e-02 7.710000000000000187e-02 7.009999999999999565e-02 7.169999999999999984e-02
7.080000000000000182e-02 7.649999999999999856e-02 7.510000000000000009e-02 7.679999999999999327e-02
7.030000000000000138e-02 7.000000000000000666e-02 7.359999999999999876e-02 7.240000000000000602e-02
6.930000000000000049e-02 6.729999999999999871e-02 7.480000000000000537e-02 7.069999999999999896e-02
7.309999999999999831e-02 6.909999999999999476e-02 6.790000000000000202e-02 7.810000000000000275e-02
6.539999999999999980e-02 6.199999999999999956e-02 6.669999999999999540e-02 7.389999999999999347e-02
6.919999999999999762e-02 6.669999999999999540e-02 7.220000000000000029e-02 6.410000000000000420e-02
7.080000000000000182e-02 7.320000000000000118e-02 6.700000000000000400e-02 6.569999999999999452e-02
6.640000000000000069e-02 6.710000000000000686e-02 6.909999999999999476e-02 6.360000000000000375e-02
6.769999999999999629e-02 6.350000000000000089e-02 6.729999999999999871e-02 7.040000000000000424e-02
6.890000000000000291e-02 6.909999999999999476e-02 6.710000000000000686e-02 6.400000000000000133e-02
6.239999999999999714e-02 6.660000000000000642e-02 6.090000000000000274e-02 7.240000000000000602e-02
6.310000000000000331e-02 6.270000000000000573e-02 6.840000000000000246e-02 6.890000000000000291e-02
6.890000000000000291e-02 6.619999999999999496e-02 6.539999999999999980e-02 6.579999999999999738e-02
6.270000000000000573e-02 6.940000000000000335e-02 6.619999999999999496e-02 6.389999999999999847e-02
6.189999999999999669e-02 6.149999999999999911e-02 6.759999999999999343e-02 6.950000000000000622e-02
7.140000000000000513e-02 6.339999999999999802e-02 6.479999999999999649e-02 7.080000000000000182e-02
7.000000000000000666e-02 7.370000000000000162e-02 6.640000000000000069e-02 6.940000000000000335e-02
6.360000000000000375e-02 6.439999999999999891e-02 6.600000000000000311e-02 7.109999999999999654e-02
6.339999999999999802e-02 6.769999999999999629e-02 5.829999999999999766e-02 6.339999999999999802e-02
6.640000000000000069e-02 6.669999999999999540e-02 6.740000000000000158e-02 6.169999999999999790e-02
6.329999999999999516e-02 6.260000000000000286e-02 6.279999999999999472e-02 6.310000000000000331e-02
6.560000000000000553e-02 5.949999999999999734e-02 6.850000000000000533e-02 6.650000000000000355e-02
6.389999999999999847e-02 6.180000000000000077e-02 6.650000000000000355e-02 6.640000000000000069e-02
