9.135913591359121622e-01 9.366936693669367653e-01 1.014101410141013071e+00 8.544854485448537540e-01
8.679867986798676105e-01 8.775877587758779130e-01 1.042604260426042595e+00 9.357935793579358341e-01
1.018001800180017069e+00 9.315931593159318957e-01 9.075907590759081378e-01 1.005700570057005860e+00
9.924992499249930544e-01 8.523852385238523954e-01 8.595859585958587346e-01 9.357935793579351680e-01
9.114911491149116918e-01 9.831983198319832473e-01 9.471947194719472218e-01 9.633963396339636498e-01
1.036303630363036632e+00 9.876987698769884583e-01 7.095709570957096091e-01 9.333933393339348683e-01
6.981698169816974442e-01 9.102910291029101542e-01 8.718871887188721637e-01 9.495949594959501860e-01
8.247824782478251349e-01 8.475847584758483544e-01 8.199819981998207608e-01 7.923792379237933892e-01
8.298829882988302264e-01 6.699669966996699699e-01 7.428742874287432851e-01 8.658865886588664740e-01
7.311731173117319571e-01 7.797779777977800197e-01 6.237623762376239833e-01 6.573657365736577107e-01
7.782778277827788749e-01 6.489648964896496119e-01 6.978697869786980590e-01 6.489648964896492789e-01
5.973597359735979273e-01 6.240624062406249228e-01 7.272727272727276260e-01 7.284728472847291636e-01
6.276627662766282034e-01 7.272727272727276260e-01 7.014701470147023388e-01 6.612661266126619308e-01
6.378637863786384976e-01 5.925592559255926650e-01 5.847584758475851130e-01 7.110711071107116421e-01
5.625562556255633284e-01 6.348634863486352087e-01 5.709570957095714272e-01 5.781578157815787655e-01
6.135613561356144663e-01 5.460546054605466271e-01 5.793579357935801921e-01 5.373537353735380329e-01
6.024602460246031299e-01 4.746474647464749563e-01 4.761476147614767673e-01 4.875487548754884881e-01
5.178517851785183757e-01 3.942394239423943625e-01 5.343534353435346329e-01 6.123612361236130397e-01
3.936393639363941488e-01 4.527452745274534451e-01 5.499549954995506251e-01 4.314431443144319811e-01
4.053405340534057544e-01 4.383438343834389905e-01 4.821482148214827346e-01 4.476447644764480760e-01
3.300330033003303631e-01 3.777377737773780497e-01 4.299429942994305032e-01 3.768376837683772851e-01
4.110411041104115037e-01 3.510351035103514428e-01 4.023402340234028540e-01 3.669366936693676529e-01
3.441344134413445444e-01 2.784278427842786785e-01 3.627362736273630484e-01 3.321332133213322768e-01
2.685268526852687687e-01 3.381338133813385216e-01 3.147314731473151439e-01 3.336333633363340323e-01
3.150315031503154173e-01 2.772277227722773629e-01 3.051305130513053410e-01 2.718271827182722200e-01
2.415241524152418051e-01 2.853285328532857990e-01 3.324332433243328278e-01 3.423342334233427930e-01
3.546354635463550564e-01 2.652265226522655395e-01 2.778277827782781872e-01 2.796279627962799386e-01
2.277227722772279250e-01 2.676267626762679486e-01 2.415241524152418606e-01 2.457245724572459933e-01
2.259225922592261737e-01 2.010201020102011515e-01 1.947194719471948554e-01 1.965196519651967177e-01
2.418241824182420230e-01 2.052205220522054230e-01 2.637263726372640615e-01 2.706270627062711265e-01
1.506150615061505882e-01 1.791179117911793350e-01 1.692169216921693975e-01 1.989198919891990713e-01
1.917191719171918718e-01 1.728172817281730389e-01 2.079207920792081610e-01 2.154215421542155784e-01
1.800180018001801274e-01 1.923192319231925018e-01 1.656165616561657838e-01 1.593159315931594322e-01
1.725172517251725990e-01 2.118211821182119370e-01 2.388238823882391504e-01 1.191119111911191630e-01
1.392139213921393670e-01 1.602160216021601968e-01 1.554155415541555452e-01 1.836183618361837966e-01
1.464146414641465943e-01 2.106210621062108990e-01 1.494149414941495502e-01 1.311131113111311530e-01
1.218121812181217622e-01 2.238223822382240658e-01 1.785178517851787050e-01 1.440144014401440742e-01
1.359135913591359157e-01 1.341134113411343032e-01 1.578157815781580930e-01 1.416141614161417761e-01
1.707170717071708477e-01 1.224122412241225033e-01 1.401140114011402149e-01 1.638163816381638105e-01
1.743174317431745446e-01 1.218121812181218178e-01 1.920192019201922562e-01 9.360936093609353859e-02
1.428142814281428696e-01 1.203120312031204231e-01 1.407140714071407894e-01 1.299129912991300040e-01
1.074107410741074603e-01 1.302130213021302219e-01 9.600960096009594769e-02 1.452145214521453065e-01
8.610861086108605178e-02 1.140114011401140853e-01 1.005100510051004786e-01 1.059105910591059685e-01
6.330633063306326247e-02 9.990999099909986247e-02 9.420942094209423801e-02 1.329132913291329876e-01
1.203120312031203676e-01 6.690669066906682061e-02 1.074107410741074742e-01 8.910891089108913254e-02
7.200720072007200934e-02 7.980798079807970014e-02 9.540954095409540092e-02 1.383138313831382971e-01
9.630963096309630433e-02 1.146114611461146043e-01 9.510951095109516917e-02 8.310831083108301265e-02
8.700870087008705234e-02 8.550855085508550502e-02 1.023102310231023548e-01 8.400840084008404096e-02
8.010801080108014005e-02 7.710771077107712868e-02 1.191119111911191769e-01 6.540654065406528717e-02
6.150615061506146952e-02 5.640564056405634324e-02 6.540654065406539819e-02 7.890789078907883836e-02
1.041104110411041478e-01 1.038103810381038189e-01 1.182118211821183290e-01 7.470747074707462243e-02
3.870387038703854837e-02 6.570657065706574096e-02 6.480648064806474040e-02 1.050105010501051067e-01
9.840984098409841230e-02 7.380738073807369126e-02 8.610861086108614892e-02 5.010501050104991527e-02
8.460846084608451834e-02 1.281128112811281972e-01 7.110711071107102266e-02 8.670867086708672344e-02
8.280828082808279478e-02 6.720672067206717726e-02 7.560756075607556748e-02 8.250825082508257691e-02
1.002100210021002746e-01 7.830783078307829159e-02 9.210921092109207453e-02 8.550855085508549114e-02
3.510351035103492778e-02 7.500750075007503459e-02 5.610561056105606292e-02 9.870987098709882446e-02
1.200120012001201636e-01 6.720672067206713562e-02 6.540654065406528717e-02 5.820582058205819170e-02
4.920492049204903268e-02 7.800780078007803209e-02 6.390639063906386474e-02 9.480948094809481252e-02
8.430843084308431434e-02 1.104110411041104994e-01 8.220822082208219250e-02 4.380438043804372322e-02
6.690669066906687612e-02 9.390939093909393687e-02 1.068106810681069690e-01 7.470747074707478896e-02
3.660366036603647510e-02 5.760576057605757555e-02 9.570957095709584084e-02 8.040804080408045507e-02
4.920492049204910207e-02 7.530753075307536348e-02 5.790579057905783505e-02 8.970897089708979033e-02
9.900990099009908396e-02 6.240624062406238681e-02 8.160816081608170125e-02 8.010801080108011230e-02
8.550855085508547726e-02 1.053105310531053940e-01 9.630963096309634597e-02 1.038103810381039438e-01
8.070807080708082559e-02 4.890489048904890501e-02 5.850585058505836100e-02 5.340534053405324860e-02
4.650465046504642652e-02 1.020102010201020953e-01 6.870687068706869682e-02 9.330933093309334847e-02
2.940294029402929984e-02 7.140714071407147645e-02 8.220822082208217862e-02 4.500450045004490002e-02
6.780678067806775178e-02 5.460546054605451560e-02 4.020402040204005406e-02 6.900690069006892857e-02
9.750975097509756440e-02 8.100810081008097407e-02 9.900990099009654780e-03 7.320732073207324164e-02
