9.699969996999699973e-01 9.465946594659465640e-01 9.411941194119411991e-01 9.753975397539753622e-01 9.531953195319532446e-01 9.273927392739274023e-01 9.639963996399639745e-01 9.597959795979598141e-01 9.240924092409240620e-01 9.636963696369637011e-01 9.615961596159615654e-01 9.345934593459346296e-01
9.285928592859286068e-01 8.631863186318632364e-01 8.280828082808280310e-01 9.345934593459346296e-01 8.898889888988898988e-01 8.460846084608460993e-01 9.336933693369336984e-01 8.877887788778877631e-01 8.376837683768376674e-01 9.384938493849385166e-01 8.964896489648964684e-01 8.739873987398739663e-01
9.171917191719172191e-01 8.673867386738673968e-01 7.956795679567957302e-01 9.036903690369036957e-01 8.085808580858085959e-01 7.692769276927692301e-01 9.108910891089109230e-01 8.439843984398439636e-01 8.055805580558055290e-01 9.180918091809180392e-01 8.661866186618661922e-01 7.905790579057905276e-01
8.613861386138613740e-01 7.704770477047704347e-01 6.897689768976897895e-01 9.045904590459046268e-01 8.403840384038403499e-01 7.752775277527752529e-01 8.616861686168616474e-01 7.641764176417641385e-01 6.717671767176717212e-01 8.919891989198920346e-01 7.779777977797779354e-01 7.146714671467147006e-01
8.466846684668466461e-01 7.056705670567057220e-01 6.528652865286528328e-01 8.091809180918091426e-01 6.993699369936993149e-01 6.045604560456045995e-01 8.517851785178517376e-01 7.305730573057305222e-01 6.450645064506450588e-01 8.757875787578758287e-01 7.761776177617761840e-01 6.714671467146714479e-01
8.265826582658265531e-01 7.023702370237023818e-01 5.973597359735973722e-01 8.418841884188419389e-01 7.392739273927392274e-01 6.303630363036303308e-01 8.082808280828083225e-01 6.573657365736573777e-01 5.547554755475547772e-01 8.013801380138013686e-01 6.702670267026702433e-01 5.787578757875787572e-01
8.385838583858385986e-01 7.239723972397239526e-01 5.952595259525952365e-01 8.079807980798079381e-01 6.489648964896489458e-01 5.445544554455445940e-01 8.355835583558355317e-01 6.750675067506750615e-01 5.937593759375937585e-01 7.689768976897689567e-01 6.168616861686168074e-01 4.740474047404740210e-01
7.875787578757875718e-01 6.159615961596159872e-01 5.196519651965196829e-01 7.605760576057605249e-01 5.850585058505850533e-01 4.644464446444644401e-01 7.893789378937894341e-01 6.621662166216621959e-01 5.595559555955595954e-01 7.620762076207621138e-01 5.418541854185418005e-01 4.464446444644464274e-01
7.566756675667566379e-01 5.916591659165916228e-01 4.548454845484548592e-01 7.497749774977497950e-01 5.505550555055505058e-01 4.356435643564356419e-01 7.149714971497149740e-01 5.427542754275427317e-01 4.119411941194119353e-01 7.782778277827783198e-01 5.964596459645964410e-01 4.791479147914791681e-01
6.996699669966996993e-01 5.112511251125112510e-01 3.534353435343534078e-01 7.725772577257725704e-01 6.099609960996099645e-01 4.815481548154815217e-01 7.155715571557155208e-01 4.968496849684968519e-01 3.915391539153915135e-01 7.134713471347134961e-01 5.100510051005100465e-01 3.690369036903690114e-01
6.786678667866786752e-01 5.073507350735073640e-01 3.699369936993699426e-01 6.738673867386738570e-01 4.818481848184818506e-01 3.396339633963396110e-01 7.002700270027002460e-01 5.055505550555055017e-01 3.660366036603660556e-01 6.957695769576958122e-01 4.743474347434743499e-01 3.315331533153315080e-01
6.498649864986498770e-01 4.101410141014101285e-01 2.829282928292829458e-01 6.321632163216321931e-01 4.062406240624062415e-01 2.703270327032703535e-01 7.101710171017101558e-01 5.451545154515451408e-01 3.984398439843984674e-01 6.993699369936993149e-01 4.917491749174917604e-01 3.669366936693669312e-01
6.237623762376237613e-01 4.086408640864086506e-01 2.805280528052805367e-01 6.789678967896789485e-01 4.971497149714971253e-01 3.588358835883588283e-01 6.888688868886888583e-01 4.815481548154815217e-01 3.792379237923792501e-01 6.207620762076208054e-01 3.825382538253825349e-01 2.490249024902490282e-01
6.210621062106210788e-01 4.086408640864086506e-01 2.736273627362736383e-01 6.354635463546354224e-01 4.155415541554155490e-01 2.937293729372937312e-01 6.558655865586558997e-01 4.326432643264326305e-01 3.201320132013201203e-01 6.573657365736573777e-01 4.698469846984698606e-01 3.462346234623462360e-01
6.201620162016201476e-01 3.819381938193819326e-01 2.811281128112811389e-01 6.147614761476147827e-01 4.347434743474347663e-01 2.922292229222922533e-01 6.327632763276327399e-01 4.194419441944194360e-01 2.907290729072907198e-01 6.222622262226222833e-01 4.203420342034203672e-01 2.859285928592859016e-01
5.907590759075908027e-01 3.717371737173717494e-01 2.487248724872487271e-01 6.189618961896189431e-01 3.498349834983498496e-01 2.619261926192619216e-01 6.393639363936393094e-01 4.080408040804080483e-01 2.712271227122712292e-01 5.841584158415841221e-01 3.801380138013801258e-01 2.382238223822382150e-01
5.562556255625562551e-01 3.357335733573357239e-01 2.064206420642064332e-01 5.598559855985598688e-01 3.399339933993399399e-01 2.028202820282028196e-01 5.529552955295529149e-01 3.435343534353435535e-01 2.082208220822082123e-01 5.259525952595259790e-01 3.144314431443144264e-01 1.953195319531953189e-01
5.394539453945395024e-01 3.264326432643264164e-01 1.914191419141914319e-01 5.112511251125112510e-01 2.967296729672967426e-01 1.833183318331833289e-01 5.619561956195620045e-01 3.552355235523552146e-01 2.241224122412241171e-01 5.943594359435943053e-01 3.990399039903990142e-01 2.457245724572457157e-01
5.115511551155115244e-01 2.598259825982598414e-01 1.623162316231623048e-01 5.097509750975097731e-01 2.685268526852685467e-01 1.737173717371737203e-01 5.613561356135613467e-01 3.150315031503150287e-01 1.980198019801980291e-01 5.169516951695170004e-01 2.691269126912691489e-01 1.647164716471647139e-01
4.902490249024902269e-01 2.895289528952895153e-01 1.596159615961596223e-01 5.151515151515151381e-01 2.880288028802880373e-01 1.995199519951995071e-01 5.532553255325532993e-01 3.264326432643264164e-01 2.094209420942094169e-01 4.983498349834983299e-01 2.547254725472547499e-01 1.803180318031803175e-01
4.746474647464746233e-01 2.193219321932193266e-01 1.377137713771377225e-01 4.803480348034803726e-01 2.268226822682268273e-01 1.554155415541554064e-01 5.013501350135013412e-01 2.859285928592859016e-01 1.650165016501650150e-01 4.749474947494749522e-01 2.262226222622262251e-01 1.611161116111611280e-01
5.172517251725172738e-01 2.925292529252925267e-01 1.626162616261626059e-01 4.725472547254725431e-01 2.526252625262526141e-01 1.536153615361536273e-01 4.836483648364836574e-01 2.637263726372637285e-01 1.527152715271527239e-01 4.935493549354935672e-01 2.619261926192619216e-01 1.635163516351635093e-01
4.395439543954395289e-01 2.130213021302130305e-01 1.341134113411341089e-01 4.260426042604260610e-01 2.187218721872187244e-01 1.248124812481248153e-01 4.524452445244524501e-01 2.247224722472247194e-01 1.380138013801380237e-01 4.638463846384638378e-01 2.559255925592558989e-01 1.560156015601560087e-01
4.080408040804080483e-01 2.007200720072007116e-01 1.101110111011101150e-01 4.443444344434443471e-01 2.133213321332133316e-01 1.272127212721272105e-01 4.491449144914491654e-01 2.271227122712271285e-01 1.332133213321332055e-01 4.182418241824182314e-01 2.040204020402040241e-01 1.146114611461146182e-01
4.224422442244224474e-01 2.007200720072007116e-01 1.149114911491149055e-01 4.131413141314131399e-01 2.130213021302130305e-01 1.419141914191419107e-01 4.326432643264326305e-01 2.118211821182118260e-01 1.266126612661266082e-01 4.506450645064506433e-01 2.391239123912391185e-01 1.299129912991299207e-01
3.999399939993999453e-01 1.650165016501650150e-01 9.270927092709270456e-02 4.077407740774077194e-01 1.884188418841884205e-01 1.104110411041104162e-01 4.665466546654665203e-01 2.556255625562556255e-01 1.395139513951395016e-01 4.671467146714671226e-01 2.229222922292229125e-01 1.461146114611461266e-01
4.401440144014401312e-01 2.136213621362136328e-01 1.260126012601260059e-01 3.939393939393939226e-01 1.878187818781878182e-01 1.074107410741074048e-01 3.705370537053705449e-01 1.731173117311731180e-01 1.008100810081008075e-01 4.218421842184218451e-01 2.052205220522052287e-01 1.152115211521152066e-01
3.651365136513651244e-01 1.797179717971797153e-01 1.011101110111011087e-01 3.732373237323732273e-01 1.722172217221722146e-01 9.450945094509451139e-02 4.254425442544254587e-01 2.052205220522052287e-01 1.236123612361236107e-01 3.756375637563756364e-01 1.752175217521752260e-01 1.017101710171017109e-01
3.741374137413741585e-01 1.581158115811581166e-01 1.062106210621062141e-01 3.612361236123612374e-01 1.461146114611461266e-01 9.720972097209720775e-02 3.399339933993399399e-01 1.446144614461446209e-01 9.450945094509451139e-02 3.672367236723672601e-01 1.740174017401740214e-01 9.540954095409541480e-02
4.137413741374137421e-01 1.836183618361836301e-01 1.227122712271227073e-01 3.723372337233723517e-01 1.626162616261626059e-01 9.600960096009600320e-02 4.086408640864086506e-01 2.178217821782178210e-01 1.104110411041104162e-01 3.900390039003900355e-01 1.869186918691869148e-01 1.116111611161116068e-01
3.558355835583558169e-01 1.440144014401440187e-01 7.860786078607860661e-02 3.384338433843384064e-01 1.512151215121512182e-01 9.240924092409240342e-02 3.162316231623162333e-01 1.467146714671467012e-01 8.100810081008100183e-02 3.813381338133813303e-01 1.983198319831983303e-01 1.029102910291029155e-01
3.327332733273327126e-01 1.473147314731473034e-01 8.250825082508250752e-02 3.477347734773477139e-01 1.371137113711371203e-01 9.120912091209121275e-02 3.426342634263426223e-01 1.566156615661566109e-01 9.450945094509451139e-02 3.549354935493549412e-01 1.641164116411641116e-01 8.760876087608761298e-02
3.093309330933093348e-01 1.224122412241224062e-01 9.810981098109811116e-02 3.378337833783378596e-01 1.410141014101410073e-01 8.280828082808280866e-02 3.279327932793279499e-01 1.362136213621362169e-01 7.980798079807981116e-02 3.180318031803180401e-01 1.374137413741374214e-01 9.690969096909690661e-02
3.342334233423342460e-01 1.380138013801380237e-01 8.640864086408640843e-02 3.633363336333633176e-01 1.419141914191419107e-01 9.480948094809481252e-02 3.828382838283828637e-01 1.890189018901890228e-01 1.146114611461146182e-01 3.087308730873087326e-01 1.347134713471347112e-01 8.820882088208821525e-02
3.084308430843084037e-01 1.377137713771377225e-01 8.010801080108011230e-02 2.964296429642964137e-01 1.350135013501350123e-01 7.710771077107710092e-02 3.132313231323132219e-01 1.320132013201320009e-01 8.280828082808280866e-02 2.934293429342934023e-01 1.152115211521152066e-01 8.010801080108011230e-02
3.081308130813081303e-01 1.119111911191119080e-01 7.890789078907890775e-02 3.483348334833483162e-01 1.608160816081608269e-01 1.026102610261026143e-01 2.967296729672967426e-01 1.173117311731173146e-01 7.560756075607560911e-02 2.805280528052805367e-01 1.080108010801080071e-01 7.650765076507651252e-02
2.919291929192919244e-01 1.224122412241224062e-01 7.050705070507050365e-02 3.726372637263726251e-01 1.710171017101710100e-01 1.041104110411041062e-01 3.105310531053105394e-01 1.248124812481248153e-01 7.710771077107710092e-02 2.892289228922892419e-01 1.275127512751275116e-01 8.160816081608160411e-02
3.525352535253525321e-01 1.764176417641764305e-01 1.161116111611161100e-01 2.682268226822682178e-01 1.092109210921092116e-01 6.870687068706871070e-02 2.574257425742574323e-01 9.870987098709871344e-02 6.810681068106810843e-02 2.727272727272727071e-01 1.167116711671167123e-01 7.260726072607261161e-02
3.039303930393039144e-01 1.287128712871287162e-01 8.730873087308731184e-02 2.670267026702670132e-01 1.233123312331233096e-01 7.770777077707770319e-02 2.937293729372937312e-01 1.326132613261326032e-01 8.520852085208520388e-02 3.174317431743174378e-01 1.542154215421542018e-01 8.820882088208821525e-02
2.775277527752775253e-01 1.191119111911191075e-01 7.980798079807981116e-02 2.466246624662466191e-01 9.330933093309330684e-02 6.630663066306630160e-02 2.757275727572757185e-01 1.287128712871287162e-01 7.680768076807681366e-02 2.733273327332733094e-01 1.146114611461146182e-01 6.930693069306931298e-02
2.631263126312631262e-01 9.870987098709871344e-02 7.500750075007500683e-02 2.634263426342633996e-01 1.047104710471047084e-01 7.320732073207321389e-02 2.745274527452745139e-01 1.194119411941194087e-01 7.500750075007500683e-02 2.451245124512451135e-01 1.068106810681068164e-01 6.900690069006901184e-02
2.619261926192619216e-01 1.065106510651065153e-01 7.170717071707170820e-02 2.691269126912691489e-01 1.125112511251125103e-01 6.180618061806180535e-02 2.418241824182418287e-01 9.870987098709871344e-02 6.810681068106810843e-02 2.652265226522652064e-01 9.540954095409541480e-02 7.920792079207920888e-02
2.370237023702370105e-01 1.095109510951095128e-01 6.870687068706871070e-02 2.199219921992199289e-01 9.330933093309330684e-02 6.420642064206420752e-02 2.325232523252325212e-01 1.038103810381038050e-01 6.540654065406541207e-02 2.067206720672067344e-01 9.720972097209720775e-02 7.290729072907291275e-02
2.100210021002100191e-01 9.690969096909690661e-02 6.780678067806780729e-02 2.547254725472547499e-01 1.161116111611161100e-01 7.590759075907591025e-02 2.211221122112211335e-01 9.030903090309030934e-02 6.270627062706270183e-02 2.325232523252325212e-01 9.180918091809181503e-02 7.560756075607560911e-02
2.715271527152715025e-01 1.134113411341134137e-01 7.560756075607560911e-02 2.058205820582058310e-01 9.090909090909091161e-02 6.720672067206720501e-02 2.145214521452145084e-01 8.760876087608761298e-02 6.960696069606960024e-02 2.403240324032403230e-01 9.540954095409541480e-02 6.930693069306931298e-02
2.133213321332133316e-01 8.790879087908791412e-02 6.570657065706571320e-02 2.136213621362136328e-01 8.160816081608160411e-02 6.870687068706871070e-02 1.998199819981998082e-01 8.550855085508550502e-02 7.590759075907591025e-02 2.349234923492349303e-01 1.023102310231023132e-01 7.260726072607261161e-02
2.202220222022202301e-01 9.510951095109511366e-02 7.350735073507350115e-02 2.100210021002100191e-01 8.820882088208821525e-02 7.380738073807380228e-02 2.055205520552055298e-01 9.450945094509451139e-02 6.870687068706871070e-02 2.292229222922292364e-01 9.870987098709871344e-02 7.590759075907591025e-02
2.076207620762076100e-01 7.980798079807981116e-02 7.260726072607261161e-02 2.097209720972097180e-01 8.730873087308731184e-02 7.050705070507050365e-02 2.379237923792379139e-01 1.005100510051005064e-01 7.800780078007800433e-02 2.004200420042004105e-01 8.040804080408041343e-02 6.900690069006901184e-02
2.028202820282028196e-01 7.980798079807981116e-02 6.270627062706270183e-02 2.145214521452145084e-01 7.980798079807981116e-02 6.060606060606060774e-02 2.208220822082208323e-01 9.360936093609360797e-02 6.210621062106210649e-02 1.890189018901890228e-01 9.120912091209121275e-02 6.510651065106511093e-02
1.965196519651965235e-01 7.290729072907291275e-02 5.610561056105610456e-02 1.824182418241824255e-01 7.740774077407740206e-02 6.990699069906990137e-02 2.013201320132013139e-01 8.280828082808280866e-02 6.720672067206720501e-02 1.887188718871887216e-01 7.020702070207020251e-02 6.660666066606660274e-02
2.199219921992199289e-01 1.065106510651065153e-01 6.450645064506450865e-02 1.842184218421842046e-01 8.220822082208220638e-02 6.870687068706871070e-02 1.848184818481848068e-01 7.800780078007800433e-02 6.990699069906990137e-02 2.070207020702070078e-01 8.310831083108310979e-02 7.110711071107110592e-02
1.584158415841584178e-01 7.830783078307830547e-02 6.510651065106511093e-02 1.734173417341734191e-01 8.070807080708071457e-02 6.600660066006600046e-02 2.016201620162016150e-01 8.370837083708371207e-02 7.440744074407440456e-02 1.923192319231923075e-01 9.420942094209421025e-02 8.670867086708670957e-02
1.953195319531953189e-01 7.680768076807681366e-02 6.030603060306030661e-02 1.731173117311731180e-01 8.070807080708071457e-02 6.930693069306931298e-02 1.926192619261926087e-01 8.280828082808280866e-02 5.940594059405940319e-02 1.800180018001800164e-01 7.440744074407440456e-02 5.490549054905490695e-02
1.740174017401740214e-01 7.200720072007200934e-02 6.660666066606660274e-02 2.457245724572457157e-01 1.011101110111011087e-01 7.020702070207020251e-02 1.839183918391839312e-01 8.430843084308431434e-02 6.810681068106810843e-02 1.866186618661866137e-01 7.260726072607261161e-02 6.150615061506150422e-02
1.797179717971797153e-01 7.140714071407140706e-02 6.060606060606060774e-02 1.809180918091809198e-01 7.710771077107710092e-02 6.090609060906090888e-02 2.001200120012001094e-01 7.080708070807080479e-02 6.240624062406240763e-02 1.554155415541554064e-01 6.750675067506750615e-02 5.910591059105910899e-02
1.773177317731773062e-01 7.740774077407740206e-02 6.330633063306330410e-02 1.602160216021602246e-01 7.260726072607261161e-02 5.910591059105910899e-02 1.614161416141614291e-01 7.320732073207321389e-02 6.540654065406541207e-02 1.632163216321632082e-01 7.830783078307830547e-02 6.480648064806480979e-02
1.644164416441644128e-01 7.470747074707470570e-02 6.180618061806180535e-02 1.851185118511851080e-01 7.740774077407740206e-02 6.960696069606960024e-02 1.743174317431743225e-01 7.770777077707770319e-02 6.870687068706871070e-02 1.704170417041704078e-01 8.370837083708371207e-02 6.870687068706871070e-02
1.533153315331533262e-01 6.960696069606960024e-02 6.930693069306931298e-02 1.578157815781578155e-01 7.290729072907291275e-02 5.880588058805880786e-02 1.527152715271527239e-01 6.390639063906390638e-02 6.780678067806780729e-02 1.752175217521752260e-01 8.040804080408041343e-02 6.120612061206120308e-02
1.665166516651665207e-01 7.530753075307530797e-02 6.450645064506450865e-02 1.479147914791479057e-01 7.260726072607261161e-02 6.630663066306630160e-02 1.476147614761476046e-01 6.840684068406840956e-02 6.300630063006300297e-02 1.659165916591659184e-01 7.380738073807380228e-02 6.180618061806180535e-02
1.530153015301530250e-01 6.570657065706571320e-02 6.000600060006000547e-02 1.734173417341734191e-01 7.170717071707170820e-02 6.600660066006600046e-02 1.761176117611761294e-01 7.200720072007200934e-02 7.110711071107110592e-02 1.509150915091509171e-01 6.990699069906990137e-02 6.030603060306030661e-02
1.758175817581758282e-01 8.070807080708071457e-02 6.480648064806480979e-02 1.512151215121512182e-01 6.660666066606660274e-02 5.910591059105910899e-02 1.698169816981698055e-01 6.960696069606960024e-02 6.630663066306630160e-02 1.740174017401740214e-01 8.070807080708071457e-02 6.750675067506750615e-02
1.335133513351335066e-01 6.420642064206420752e-02 6.840684068406840956e-02 1.521152115211521216e-01 7.140714071407140706e-02 7.110711071107110592e-02 1.320132013201320009e-01 6.660666066606660274e-02 6.330633063306330410e-02 1.590159015901590200e-01 7.740774077407740206e-02 5.670567056705670683e-02
1.419141914191419107e-01 6.810681068106810843e-02 6.000600060006000547e-02 1.743174317431743225e-01 7.650765076507651252e-02 6.840684068406840956e-02 1.566156615661566109e-01 7.200720072007200934e-02 5.760576057605760331e-02 1.425142514251425130e-01 7.290729072907291275e-02 7.230723072307231047e-02
1.338133813381338078e-01 7.020702070207020251e-02 5.910591059105910899e-02 1.617161716171617025e-01 7.440744074407440456e-02 6.000600060006000547e-02 1.566156615661566109e-01 6.810681068106810843e-02 6.030603060306030661e-02 1.602160216021602246e-01 8.040804080408041343e-02 7.050705070507050365e-02
1.392139213921392005e-01 5.880588058805880786e-02 5.850585058505850672e-02 1.410141014101410073e-01 6.780678067806780729e-02 5.040504050405040376e-02 1.320132013201320009e-01 7.680768076807681366e-02 5.010501050105010262e-02 1.494149414941494114e-01 6.510651065106511093e-02 5.400540054005400353e-02
1.494149414941494114e-01 7.710771077107710092e-02 6.180618061806180535e-02 1.380138013801380237e-01 6.750675067506750615e-02 7.590759075907591025e-02 1.317131713171316998e-01 7.200720072007200934e-02 5.700570057005700797e-02 1.356135613561356146e-01 7.530753075307530797e-02 6.090609060906090888e-02
1.446144614461446209e-01 7.110711071107110592e-02 6.330633063306330410e-02 1.527152715271527239e-01 7.830783078307830547e-02 6.960696069606960024e-02 1.221122112211221189e-01 7.050705070507050365e-02 7.440744074407440456e-02 1.356135613561356146e-01 6.870687068706871070e-02 5.880588058805880786e-02
1.272127212721272105e-01 6.660666066606660274e-02 6.660666066606660274e-02 1.461146114611461266e-01 7.140714071407140706e-02 6.180618061806180535e-02 1.251125112511251025e-01 6.570657065706571320e-02 5.910591059105910899e-02 1.311131113111311253e-01 6.540654065406541207e-02 6.390639063906390638e-02
1.389138913891389271e-01 7.920792079207920888e-02 7.680768076807681366e-02 1.170117011701170134e-01 6.810681068106810843e-02 5.760576057605760331e-02 1.269126912691269093e-01 6.510651065106511093e-02 6.570657065706571320e-02 1.158115811581158089e-01 6.720672067206720501e-02 6.240624062406240763e-02
1.275127512751275116e-01 7.170717071707170820e-02 6.720672067206720501e-02 1.164116411641164112e-01 5.700570057005700797e-02 5.940594059405940319e-02 1.110111011101110046e-01 7.080708070807080479e-02 6.270627062706270183e-02 1.119111911191119080e-01 6.450645064506450865e-02 6.390639063906390638e-02
1.323132313231323021e-01 7.380738073807380228e-02 6.030603060306030661e-02 1.227122712271227073e-01 6.600660066006600046e-02 5.490549054905490695e-02 1.179117911791179169e-01 6.150615061506150422e-02 6.390639063906390638e-02 1.203120312031203121e-01 6.660666066606660274e-02 6.720672067206720501e-02
1.218121812181218178e-01 6.570657065706571320e-02 5.970597059705970433e-02 1.104110411041104162e-01 6.060606060606060774e-02 6.240624062406240763e-02 1.230123012301230084e-01 6.840684068406840956e-02 5.820582058205820558e-02 1.191119111911191075e-01 6.900690069006901184e-02 6.630663066306630160e-02
1.215121512151215166e-01 6.270627062706270183e-02 6.150615061506150422e-02 1.272127212721272105e-01 6.090609060906090888e-02 5.970597059705970433e-02 1.158115811581158089e-01 6.840684068406840956e-02 5.550555055505550228e-02 1.173117311731173146e-01 6.840684068406840956e-02 7.170717071707170820e-02
1.086108610861086093e-01 7.320732073207321389e-02 6.570657065706571320e-02 1.068106810681068164e-01 6.570657065706571320e-02 6.000600060006000547e-02 1.194119411941194087e-01 7.230723072307231047e-02 6.840684068406840956e-02 1.101110111011101150e-01 7.080708070807080479e-02 6.690669066906690388e-02
1.218121812181218178e-01 6.240624062406240763e-02 5.880588058805880786e-02 1.143114311431143171e-01 7.470747074707470570e-02 7.080708070807080479e-02 1.212121212121212155e-01 6.240624062406240763e-02 6.300630063006300297e-02 1.143114311431143171e-01 6.930693069306931298e-02 5.700570057005700797e-02
1.125112511251125103e-01 7.020702070207020251e-02 7.200720072007200934e-02 1.167116711671167123e-01 6.570657065706571320e-02 6.000600060006000547e-02 1.137113711371137148e-01 6.240624062406240763e-02 6.990699069906990137e-02 1.041104110411041062e-01 6.450645064506450865e-02 5.490549054905490695e-02
1.281128112811281139e-01 6.480648064806480979e-02 6.480648064806480979e-02 9.450945094509451139e-02 6.330633063306330410e-02 6.030603060306030661e-02 1.209120912091209143e-01 6.030603060306030661e-02 5.670567056705670683e-02 1.056105610561056118e-01 6.210621062106210649e-02 5.910591059105910899e-02
1.050105010501050096e-01 6.480648064806480979e-02 6.720672067206720501e-02 1.089108910891089105e-01 7.020702070207020251e-02 6.150615061506150422e-02 1.038103810381038050e-01 6.390639063906390638e-02 5.760576057605760331e-02 1.122112211221122091e-01 6.720672067206720501e-02 5.970597059705970433e-02
1.026102610261026143e-01 6.450645064506450865e-02 6.000600060006000547e-02 1.074107410741074048e-01 5.670567056705670683e-02 6.060606060606060774e-02 1.056105610561056118e-01 7.350735073507350115e-02 6.900690069006901184e-02 1.131113111311131125e-01 7.170717071707170820e-02 6.330633063306330410e-02
9.960996099609961685e-02 5.850585058505850672e-02 5.940594059405940319e-02 1.071107110711071175e-01 6.090609060906090888e-02 5.640564056405640569e-02 9.900990099009901457e-02 6.210621062106210649e-02 6.600660066006600046e-02 1.002100210021002052e-01 7.170717071707170820e-02 6.570657065706571320e-02
1.116111611161116068e-01 7.110711071107110592e-02 5.580558055805580342e-02 1.005100510051005064e-01 6.690669066906690388e-02 5.340534053405340820e-02 1.047104710471047084e-01 5.910591059105910899e-02 6.750675067506750615e-02 1.044104410441044073e-01 6.180618061806180535e-02 5.940594059405940319e-02
1.026102610261026143e-01 7.050705070507050365e-02 6.030603060306030661e-02 9.960996099609961685e-02 6.210621062106210649e-02 6.060606060606060774e-02 9.420942094209421025e-02 6.000600060006000547e-02 5.940594059405940319e-02 9.210921092109210229e-02 6.480648064806480979e-02 6.720672067206720501e-02
1.191119111911191075e-01 6.900690069006901184e-02 6.360636063606360524e-02 1.083108310831083082e-01 5.730573057305730911e-02 5.970597059705970433e-02 9.900990099009901457e-02 6.210621062106210649e-02 4.800480048004800160e-02 1.071107110711071175e-01 6.450645064506450865e-02 7.140714071407140706e-02
1.179117911791179169e-01 6.630663066306630160e-02 7.470747074707470570e-02 9.360936093609360797e-02 6.090609060906090888e-02 5.370537053705370240e-02 9.240924092409240342e-02 6.360636063606360524e-02 6.570657065706571320e-02 9.810981098109811116e-02 6.900690069006901184e-02 6.810681068106810843e-02
9.210921092109210229e-02 6.510651065106511093e-02 5.820582058205820558e-02 9.450945094509451139e-02 6.330633063306330410e-02 6.360636063606360524e-02 9.180918091809181503e-02 6.270627062706270183e-02 7.170717071707170820e-02 8.850885088508850251e-02 6.300630063006300297e-02 6.480648064806480979e-02
9.990999099909990411e-02 5.610561056105610456e-02 6.600660066006600046e-02 1.062106210621062141e-01 6.420642064206420752e-02 6.210621062106210649e-02 9.210921092109210229e-02 6.570657065706571320e-02 5.820582058205820558e-02 9.510951095109511366e-02 6.180618061806180535e-02 5.460546054605460581e-02
1.038103810381038050e-01 6.150615061506150422e-02 6.360636063606360524e-02 9.330933093309330684e-02 6.600660066006600046e-02 5.850585058505850672e-02 1.002100210021002052e-01 6.600660066006600046e-02 6.540654065406541207e-02 9.840984098409841230e-02 6.210621062106210649e-02 5.730573057305730911e-02
1.050105010501050096e-01 6.900690069006901184e-02 6.270627062706270183e-02 9.300930093009300570e-02 6.420642064206420752e-02 5.760576057605760331e-02 9.390939093909390911e-02 6.540654065406541207e-02 6.330633063306330410e-02 9.870987098709871344e-02 5.640564056405640569e-02 6.450645064506450865e-02
9.300930093009300570e-02 6.690669066906690388e-02 6.150615061506150422e-02 8.790879087908791412e-02 5.550555055505550228e-02 6.750675067506750615e-02 9.600960096009600320e-02 6.180618061806180535e-02 5.580558055805580342e-02 9.390939093909390911e-02 5.880588058805880786e-02 6.390639063906390638e-02
8.520852085208520388e-02 6.480648064806480979e-02 6.000600060006000547e-02 8.910891089108910479e-02 6.000600060006000547e-02 5.550555055505550228e-02 8.820882088208821525e-02 6.030603060306030661e-02 6.630663066306630160e-02 9.870987098709871344e-02 6.420642064206420752e-02 6.600660066006600046e-02
8.190819081908190524e-02 7.410741074107410342e-02 5.760576057605760331e-02 8.340834083408341093e-02 6.270627062706270183e-02 6.120612061206120308e-02 9.300930093009300570e-02 6.630663066306630160e-02 6.840684068406840956e-02 8.970897089708970706e-02 6.450645064506450865e-02 5.220522052205220365e-02
9.690969096909690661e-02 6.270627062706270183e-02 6.840684068406840956e-02 8.550855085508550502e-02 6.450645064506450865e-02 6.960696069606960024e-02 9.810981098109811116e-02 6.420642064206420752e-02 5.790579057905790444e-02 8.310831083108310979e-02 5.430543054305430467e-02 5.880588058805880786e-02
9.240924092409240342e-02 6.570657065706571320e-02 6.390639063906390638e-02 9.480948094809481252e-02 7.080708070807080479e-02 6.180618061806180535e-02 8.370837083708371207e-02 6.210621062106210649e-02 6.180618061806180535e-02 8.430843084308431434e-02 5.820582058205820558e-02 5.850585058505850672e-02
1.005100510051005064e-01 6.330633063306330410e-02 5.460546054605460581e-02 8.340834083408341093e-02 5.820582058205820558e-02 6.480648064806480979e-02 9.030903090309030934e-02 6.270627062706270183e-02 6.420642064206420752e-02 9.570957095709571594e-02 5.880588058805880786e-02 5.490549054905490695e-02
7.920792079207920888e-02 6.960696069606960024e-02 6.330633063306330410e-02 8.520852085208520388e-02 6.840684068406840956e-02 6.180618061806180535e-02 7.620762076207621138e-02 6.780678067806780729e-02 6.390639063906390638e-02 8.130813081308130297e-02 5.610561056105610456e-02 6.180618061806180535e-02
8.340834083408341093e-02 5.610561056105610456e-02 6.270627062706270183e-02 9.000900090009000820e-02 6.450645064506450865e-02 6.510651065106511093e-02 8.940894089408940593e-02 6.210621062106210649e-02 6.990699069906990137e-02 7.230723072307231047e-02 6.780678067806780729e-02 6.060606060606060774e-02
7.500750075007500683e-02 6.240624062406240763e-02 6.720672067206720501e-02 8.670867086708670957e-02 5.880588058805880786e-02 6.210621062106210649e-02 8.490849084908490274e-02 6.210621062106210649e-02 5.580558055805580342e-02 7.710771077107710092e-02 7.080708070807080479e-02 6.600660066006600046e-02
8.190819081908190524e-02 5.520552055205520808e-02 5.370537053705370240e-02 9.150915091509151389e-02 6.540654065406541207e-02 6.990699069906990137e-02 8.790879087908791412e-02 6.300630063006300297e-02 5.880588058805880786e-02 8.340834083408341093e-02 6.150615061506150422e-02 6.360636063606360524e-02
7.530753075307530797e-02 6.090609060906090888e-02 6.180618061806180535e-02 8.160816081608160411e-02 5.730573057305730911e-02 5.850585058505850672e-02 7.860786078607860661e-02 6.210621062106210649e-02 6.810681068106810843e-02 7.920792079207920888e-02 6.630663066306630160e-02 6.630663066306630160e-02
8.670867086708670957e-02 6.090609060906090888e-02 6.030603060306030661e-02 7.620762076207621138e-02 6.210621062106210649e-02 5.790579057905790444e-02 8.280828082808280866e-02 6.660666066606660274e-02 6.690669066906690388e-02 7.500750075007500683e-02 6.390639063906390638e-02 6.870687068706871070e-02
8.340834083408341093e-02 6.600660066006600046e-02 6.570657065706571320e-02 7.830783078307830547e-02 5.970597059705970433e-02 6.180618061806180535e-02 8.940894089408940593e-02 6.450645064506450865e-02 6.420642064206420752e-02 8.190819081908190524e-02 6.090609060906090888e-02 6.030603060306030661e-02
8.460846084608460160e-02 6.240624062406240763e-02 6.390639063906390638e-02 8.760876087608761298e-02 6.300630063006300297e-02 6.420642064206420752e-02 8.160816081608160411e-02 6.540654065406541207e-02 6.840684068406840956e-02 8.490849084908490274e-02 5.940594059405940319e-02 5.850585058505850672e-02
7.980798079807981116e-02 6.210621062106210649e-02 6.750675067506750615e-02 7.350735073507350115e-02 6.300630063006300297e-02 6.210621062106210649e-02 8.520852085208520388e-02 6.480648064806480979e-02 6.480648064806480979e-02 7.560756075607560911e-02 6.450645064506450865e-02 6.480648064806480979e-02
7.680768076807681366e-02 7.320732073207321389e-02 6.000600060006000547e-02 8.370837083708371207e-02 5.100510051005100604e-02 7.800780078007800433e-02 8.220822082208220638e-02 6.900690069006901184e-02 5.520552055205520808e-02 7.950795079507951002e-02 5.040504050405040376e-02 5.850585058505850672e-02
7.830783078307830547e-02 6.480648064806480979e-02 6.480648064806480979e-02 7.770777077707770319e-02 5.880588058805880786e-02 6.270627062706270183e-02 8.340834083408341093e-02 6.450645064506450865e-02 6.840684068406840956e-02 8.430843084308431434e-02 6.510651065106511093e-02 5.550555055505550228e-02
7.230723072307231047e-02 6.390639063906390638e-02 6.120612061206120308e-02 8.220822082208220638e-02 6.660666066606660274e-02 6.630663066306630160e-02 8.940894089408940593e-02 6.630663066306630160e-02 6.660666066606660274e-02 8.460846084608460160e-02 6.930693069306931298e-02 6.540654065406541207e-02
7.830783078307830547e-02 6.300630063006300297e-02 6.150615061506150422e-02 7.680768076807681366e-02 5.790579057905790444e-02 6.540654065406541207e-02 7.470747074707470570e-02 6.630663066306630160e-02 6.540654065406541207e-02 7.680768076807681366e-02 7.050705070507050365e-02 6.180618061806180535e-02
7.560756075607560911e-02 5.670567056705670683e-02 6.990699069906990137e-02 7.470747074707470570e-02 6.390639063906390638e-02 6.060606060606060774e-02 7.260726072607261161e-02 6.240624062406240763e-02 5.940594059405940319e-02 7.830783078307830547e-02 6.930693069306931298e-02 5.970597059705970433e-02
7.680768076807681366e-02 5.670567056705670683e-02 6.600660066006600046e-02 8.520852085208520388e-02 6.840684068406840956e-02 6.210621062106210649e-02 6.840684068406840956e-02 6.390639063906390638e-02 5.640564056405640569e-02 7.920792079207920888e-02 6.450645064506450865e-02 6.540654065406541207e-02
6.870687068706871070e-02 6.540654065406541207e-02 5.580558055805580342e-02 7.290729072907291275e-02 6.540654065406541207e-02 6.210621062106210649e-02 6.720672067206720501e-02 6.000600060006000547e-02 6.390639063906390638e-02 6.810681068106810843e-02 6.840684068406840956e-02 6.480648064806480979e-02
7.680768076807681366e-02 5.280528052805280592e-02 5.550555055505550228e-02 7.050705070507050365e-02 6.450645064506450865e-02 6.840684068406840956e-02 7.290729072907291275e-02 5.820582058205820558e-02 7.140714071407140706e-02 7.830783078307830547e-02 6.150615061506150422e-02 6.690669066906690388e-02
8.460846084608460160e-02 6.390639063906390638e-02 6.600660066006600046e-02 7.230723072307231047e-02 7.470747074707470570e-02 6.600660066006600046e-02 7.890789078907890775e-02 6.240624062406240763e-02 6.060606060606060774e-02 8.010801080108011230e-02 6.240624062406240763e-02 6.030603060306030661e-02
7.170717071707170820e-02 6.360636063606360524e-02 6.060606060606060774e-02 8.130813081308130297e-02 7.050705070507050365e-02 6.180618061806180535e-02 8.130813081308130297e-02 6.300630063006300297e-02 6.000600060006000547e-02 7.380738073807380228e-02 6.270627062706270183e-02 5.820582058205820558e-02
6.750675067506750615e-02 6.360636063606360524e-02 5.580558055805580342e-02 7.890789078907890775e-02 6.150615061506150422e-02 5.820582058205820558e-02 7.590759075907591025e-02 6.300630063006300297e-02 6.240624062406240763e-02 7.350735073507350115e-02 6.210621062106210649e-02 6.810681068106810843e-02
5.970597059705970433e-02 5.820582058205820558e-02 5.190519051905190251e-02 7.530753075307530797e-02 5.850585058505850672e-02 5.640564056405640569e-02 6.990699069906990137e-02 6.540654065406541207e-02 6.930693069306931298e-02 6.420642064206420752e-02 5.610561056105610456e-02 6.480648064806480979e-02
