9.688999999999999835e-01 9.715000000000000302e-01 9.680999999999999606e-01 9.689999999999999725e-01
9.243000000000000105e-01 9.354999999999999982e-01 9.312000000000000277e-01 9.448999999999999622e-01
9.216999999999999638e-01 9.078000000000000513e-01 9.185999999999999721e-01 9.161000000000000254e-01
8.709000000000000075e-01 9.040000000000000258e-01 8.650999999999999801e-01 8.891999999999999904e-01
8.467000000000000082e-01 8.273000000000000353e-01 8.587000000000000188e-01 8.668000000000000149e-01
8.266000000000000014e-01 8.461999999999999522e-01 8.045999999999999819e-01 8.173000000000000265e-01
8.320999999999999508e-01 8.012000000000000233e-01 8.228999999999999648e-01 7.685999999999999499e-01
7.861000000000000210e-01 7.661999999999999922e-01 7.856999999999999540e-01 7.521999999999999797e-01
7.617000000000000437e-01 7.402999999999999581e-01 7.282999999999999474e-01 7.682999999999999829e-01
6.995999999999999996e-01 7.665999999999999481e-01 7.234000000000000430e-01 7.063000000000000389e-01
7.012000000000000455e-01 6.671000000000000263e-01 6.982000000000000428e-01 6.965000000000000080e-01
6.389000000000000234e-01 6.294999999999999485e-01 7.167000000000000037e-01 6.917999999999999705e-01
6.189000000000000057e-01 6.845999999999999863e-01 6.913000000000000256e-01 6.132999999999999563e-01
6.294999999999999485e-01 6.350000000000000089e-01 6.514999999999999680e-01 6.649000000000000465e-01
6.289000000000000146e-01 6.350000000000000089e-01 6.229000000000000092e-01 6.230999999999999872e-01
5.929999999999999716e-01 6.062999999999999501e-01 6.308000000000000274e-01 5.802000000000000490e-01
5.656999999999999806e-01 5.547999999999999599e-01 5.634000000000000119e-01 5.486999999999999655e-01
5.370000000000000329e-01 5.159000000000000252e-01 5.714000000000000190e-01 5.955000000000000293e-01
4.999000000000000110e-01 5.110000000000000098e-01 5.570000000000000506e-01 5.128000000000000336e-01
5.001999999999999780e-01 5.213999999999999746e-01 5.464999999999999858e-01 4.996999999999999775e-01
4.631000000000000116e-01 4.744999999999999774e-01 4.889999999999999902e-01 4.742999999999999994e-01
5.114999999999999547e-01 4.612999999999999878e-01 4.778999999999999915e-01 4.959000000000000075e-01
4.435999999999999943e-01 4.295999999999999819e-01 4.658999999999999808e-01 4.677999999999999936e-01
4.148000000000000020e-01 4.496999999999999886e-01 4.391999999999999793e-01 4.354000000000000092e-01
4.222000000000000197e-01 4.228000000000000091e-01 4.335999999999999854e-01 4.485999999999999988e-01
3.924000000000000266e-01 4.063999999999999835e-01 4.648999999999999799e-01 4.727999999999999980e-01
4.310999999999999832e-01 3.976999999999999980e-01 3.877999999999999781e-01 4.192000000000000171e-01
3.791999999999999815e-01 3.733000000000000207e-01 4.126000000000000223e-01 3.831999999999999851e-01
3.715999999999999859e-01 3.759000000000000119e-01 3.513000000000000012e-01 3.556000000000000272e-01
3.924000000000000266e-01 3.561000000000000276e-01 4.171000000000000263e-01 3.794000000000000150e-01
3.484999999999999765e-01 3.410000000000000253e-01 3.125999999999999890e-01 3.911999999999999922e-01
3.291999999999999926e-01 3.497000000000000108e-01 3.346000000000000085e-01 3.594999999999999862e-01
3.247999999999999776e-01 3.200000000000000067e-01 3.155000000000000027e-01 3.280000000000000138e-01
3.271999999999999909e-01 3.491000000000000214e-01 3.925000000000000155e-01 3.155999999999999917e-01
3.034000000000000030e-01 2.867999999999999994e-01 3.160999999999999921e-01 3.105999999999999872e-01
2.999999999999999889e-01 3.544999999999999818e-01 2.997000000000000219e-01 2.757999999999999896e-01
2.853999999999999870e-01 3.476000000000000201e-01 3.094000000000000083e-01 2.867000000000000104e-01
3.517000000000000126e-01 2.726999999999999980e-01 2.595999999999999974e-01 2.736000000000000099e-01
3.069999999999999951e-01 2.801000000000000156e-01 2.939999999999999836e-01 3.328999999999999737e-01
2.848999999999999866e-01 2.416999999999999982e-01 2.859999999999999765e-01 2.737999999999999878e-01
2.605000000000000093e-01 2.558000000000000274e-01 2.711000000000000076e-01 2.341999999999999915e-01
2.631000000000000005e-01 2.647999999999999798e-01 2.457000000000000017e-01 2.682999999999999829e-01
2.419000000000000039e-01 2.230999999999999928e-01 2.283999999999999919e-01 2.305999999999999994e-01
2.053999999999999992e-01 2.601999999999999869e-01 2.250000000000000056e-01 2.265999999999999959e-01
2.667999999999999816e-01 2.127000000000000002e-01 2.182000000000000051e-01 2.331000000000000016e-01
2.235999999999999932e-01 2.096999999999999975e-01 2.112999999999999878e-01 2.506999999999999784e-01
2.131000000000000116e-01 2.180999999999999883e-01 2.069000000000000006e-01 2.207999999999999963e-01
2.104999999999999927e-01 2.121999999999999997e-01 2.477000000000000035e-01 2.144000000000000072e-01
1.980000000000000093e-01 2.059999999999999887e-01 2.200999999999999901e-01 1.859000000000000097e-01
1.905999999999999917e-01 2.033999999999999975e-01 1.968000000000000027e-01 1.839999999999999969e-01
2.132000000000000006e-01 1.852000000000000035e-01 1.935999999999999943e-01 2.099000000000000032e-01
1.668999999999999928e-01 1.744999999999999885e-01 2.106999999999999984e-01 2.061000000000000054e-01
1.872999999999999943e-01 1.884000000000000119e-01 1.910999999999999921e-01 1.784000000000000030e-01
1.852999999999999925e-01 2.338000000000000078e-01 1.819999999999999951e-01 1.831000000000000127e-01
1.670000000000000095e-01 1.710000000000000131e-01 1.905999999999999917e-01 1.655000000000000082e-01
1.784999999999999920e-01 1.701000000000000012e-01 1.665000000000000091e-01 1.774000000000000021e-01
1.610999999999999932e-01 1.884000000000000119e-01 1.696000000000000008e-01 1.754999999999999893e-01
1.554999999999999993e-01 1.675999999999999990e-01 1.681999999999999884e-01 1.794000000000000039e-01
1.575999999999999901e-01 1.607000000000000095e-01 1.620000000000000051e-01 1.746000000000000052e-01
1.661999999999999866e-01 1.718000000000000083e-01 1.653000000000000025e-01 1.501000000000000112e-01
1.529999999999999971e-01 1.529000000000000081e-01 1.653000000000000025e-01 1.693999999999999950e-01
1.405000000000000138e-01 1.476999999999999980e-01 1.441999999999999948e-01 1.545999999999999874e-01
1.386000000000000010e-01 1.691999999999999893e-01 1.529000000000000081e-01 1.350000000000000089e-01
1.267999999999999960e-01 1.600999999999999923e-01 1.429999999999999882e-01 1.587999999999999967e-01
1.426999999999999935e-01 1.461999999999999966e-01 1.275999999999999912e-01 1.527000000000000024e-01
1.491999999999999993e-01 1.466999999999999971e-01 1.350999999999999979e-01 1.333000000000000018e-01
1.355000000000000093e-01 1.550999999999999879e-01 1.226000000000000006e-01 1.285999999999999921e-01
1.227000000000000035e-01 1.459999999999999909e-01 1.282999999999999974e-01 1.150000000000000050e-01
1.487999999999999878e-01 1.203999999999999931e-01 1.233999999999999958e-01 1.223999999999999949e-01
1.257000000000000062e-01 1.197000000000000008e-01 1.227000000000000035e-01 1.173000000000000015e-01
1.267000000000000071e-01 1.207000000000000017e-01 1.137999999999999984e-01 1.213000000000000050e-01
1.205999999999999989e-01 1.120000000000000023e-01 1.192000000000000004e-01 1.171999999999999986e-01
1.198000000000000037e-01 1.280000000000000027e-01 1.140000000000000041e-01 1.193000000000000033e-01
1.149000000000000021e-01 1.159000000000000030e-01 1.203000000000000042e-01 1.110000000000000014e-01
1.221000000000000002e-01 1.204999999999999960e-01 1.135000000000000037e-01 1.142999999999999988e-01
1.171999999999999986e-01 1.136000000000000065e-01 1.107000000000000067e-01 1.122999999999999970e-01
1.160999999999999949e-01 1.093999999999999972e-01 1.131000000000000061e-01 1.131999999999999951e-01
1.034999999999999948e-01 1.021999999999999992e-01 1.078999999999999959e-01 1.121000000000000052e-01
9.650000000000000244e-02 1.082999999999999935e-01 1.103999999999999981e-01 1.117999999999999966e-01
9.829999999999999849e-02 9.900000000000000466e-02 9.929999999999999938e-02 1.040999999999999981e-01
1.136999999999999955e-01 1.068999999999999950e-01 1.010000000000000064e-01 9.850000000000000422e-02
1.053000000000000047e-01 1.058999999999999941e-01 1.024000000000000049e-01 1.009000000000000036e-01
1.078999999999999959e-01 9.909999999999999365e-02 1.096000000000000030e-01 1.025999999999999968e-01
1.103999999999999981e-01 9.110000000000000042e-02 1.052000000000000018e-01 9.710000000000000575e-02
9.289999999999999647e-02 9.800000000000000377e-02 8.830000000000000349e-02 9.009999999999999953e-02
9.320000000000000506e-02 1.023000000000000020e-01 1.015000000000000069e-01 9.360000000000000264e-02
9.600000000000000200e-02 9.639999999999999958e-02 9.450000000000000067e-02 1.015999999999999959e-01
1.053000000000000047e-01 9.089999999999999469e-02 1.005000000000000060e-01 9.869999999999999607e-02
9.039999999999999425e-02 9.070000000000000284e-02 9.460000000000000353e-02 9.420000000000000595e-02
8.920000000000000151e-02 9.829999999999999849e-02 8.949999999999999623e-02 9.589999999999999913e-02
8.530000000000000082e-02 8.519999999999999796e-02 9.410000000000000309e-02 8.619999999999999885e-02
8.790000000000000591e-02 8.530000000000000082e-02 9.829999999999999849e-02 8.809999999999999776e-02
8.809999999999999776e-02 9.370000000000000551e-02 8.119999999999999440e-02 8.719999999999999973e-02
9.740000000000000047e-02 7.910000000000000364e-02 8.480000000000000038e-02 8.759999999999999731e-02
8.559999999999999554e-02 9.039999999999999425e-02 8.150000000000000300e-02 7.710000000000000187e-02
8.029999999999999638e-02 9.600000000000000200e-02 8.870000000000000107e-02 7.950000000000000122e-02
8.480000000000000038e-02 8.630000000000000171e-02 8.200000000000000344e-02 8.240000000000000102e-02
8.150000000000000300e-02 9.249999999999999889e-02 8.290000000000000147e-02 8.240000000000000102e-02
7.720000000000000473e-02 8.450000000000000566e-02 8.669999999999999929e-02 8.719999999999999973e-02
8.379999999999999949e-02 8.069999999999999396e-02 8.019999999999999352e-02 8.250000000000000389e-02
8.219999999999999529e-02 8.079999999999999682e-02 7.760000000000000231e-02 7.889999999999999791e-02
8.219999999999999529e-02 7.739999999999999658e-02 8.450000000000000566e-02 8.409999999999999420e-02
8.400000000000000522e-02 7.720000000000000473e-02 8.300000000000000433e-02 7.979999999999999594e-02
7.770000000000000517e-02 8.019999999999999352e-02 8.010000000000000453e-02 7.729999999999999372e-02
7.510000000000000009e-02 8.000000000000000167e-02 7.710000000000000187e-02 7.409999999999999920e-02
7.249999999999999500e-02 7.889999999999999791e-02 8.480000000000000038e-02 8.419999999999999707e-02
7.889999999999999791e-02 7.639999999999999569e-02 8.269999999999999574e-02 7.240000000000000602e-02
7.689999999999999614e-02 7.449999999999999678e-02 7.380000000000000449e-02 7.829999999999999460e-02
7.099999999999999367e-02 8.000000000000000167e-02 7.710000000000000187e-02 7.699999999999999900e-02
7.290000000000000646e-02 7.090000000000000469e-02 7.359999999999999876e-02 7.589999999999999525e-02
7.580000000000000626e-02 7.610000000000000098e-02 7.839999999999999747e-02 7.649999999999999856e-02
7.630000000000000671e-02 7.330000000000000404e-02 7.439999999999999392e-02 7.639999999999999569e-02
7.209999999999999742e-02 7.879999999999999505e-02 7.109999999999999654e-02 7.080000000000000182e-02
6.729999999999999871e-02 7.630000000000000671e-02 7.299999999999999545e-02 6.969999999999999807e-02
7.449999999999999678e-02 7.439999999999999392e-02 7.549999999999999767e-02 7.169999999999999984e-02
