2.800000000000000000e+01 2.000000000000000000e+01 2.600000000000000000e+01 2.400000000000000000e+01
4.600000000000000000e+01 5.200000000000000000e+01 4.600000000000000000e+01 6.000000000000000000e+01
7.600000000000000000e+01 6.400000000000000000e+01 7.200000000000000000e+01 7.800000000000000000e+01
9.600000000000000000e+01 9.400000000000000000e+01 8.600000000000000000e+01 8.400000000000000000e+01
1.220000000000000000e+02 1.080000000000000000e+02 1.060000000000000000e+02 9.400000000000000000e+01
1.520000000000000000e+02 1.360000000000000000e+02 1.120000000000000000e+02 1.460000000000000000e+02
1.480000000000000000e+02 1.380000000000000000e+02 1.640000000000000000e+02 1.500000000000000000e+02
1.580000000000000000e+02 1.860000000000000000e+02 1.680000000000000000e+02 1.920000000000000000e+02
1.960000000000000000e+02 1.760000000000000000e+02 1.920000000000000000e+02 2.080000000000000000e+02
1.940000000000000000e+02 2.380000000000000000e+02 2.120000000000000000e+02 2.180000000000000000e+02
2.520000000000000000e+02 2.300000000000000000e+02 2.300000000000000000e+02 2.480000000000000000e+02
2.560000000000000000e+02 2.180000000000000000e+02 2.640000000000000000e+02 2.640000000000000000e+02
2.380000000000000000e+02 2.860000000000000000e+02 2.960000000000000000e+02 2.860000000000000000e+02
2.780000000000000000e+02 3.000000000000000000e+02 2.640000000000000000e+02 2.780000000000000000e+02
3.180000000000000000e+02 3.500000000000000000e+02 3.000000000000000000e+02 2.840000000000000000e+02
3.500000000000000000e+02 3.240000000000000000e+02 3.200000000000000000e+02 3.180000000000000000e+02
3.540000000000000000e+02 3.800000000000000000e+02 3.680000000000000000e+02 3.660000000000000000e+02
3.480000000000000000e+02 3.660000000000000000e+02 4.280000000000000000e+02 4.100000000000000000e+02
4.000000000000000000e+02 4.380000000000000000e+02 4.280000000000000000e+02 4.180000000000000000e+02
4.560000000000000000e+02 4.500000000000000000e+02 4.160000000000000000e+02 4.280000000000000000e+02
4.460000000000000000e+02 4.680000000000000000e+02 4.400000000000000000e+02 4.380000000000000000e+02
4.460000000000000000e+02 4.580000000000000000e+02 5.000000000000000000e+02 4.840000000000000000e+02
4.620000000000000000e+02 4.740000000000000000e+02 4.980000000000000000e+02 4.660000000000000000e+02
4.860000000000000000e+02 5.460000000000000000e+02 5.260000000000000000e+02 5.100000000000000000e+02
5.800000000000000000e+02 5.240000000000000000e+02 5.600000000000000000e+02 5.240000000000000000e+02
5.620000000000000000e+02 5.660000000000000000e+02 5.680000000000000000e+02 5.440000000000000000e+02
5.900000000000000000e+02 6.440000000000000000e+02 5.640000000000000000e+02 6.420000000000000000e+02
5.880000000000000000e+02 6.400000000000000000e+02 6.060000000000000000e+02 5.880000000000000000e+02
6.180000000000000000e+02 6.100000000000000000e+02 5.940000000000000000e+02 6.040000000000000000e+02
6.140000000000000000e+02 6.680000000000000000e+02 6.180000000000000000e+02 6.440000000000000000e+02
6.460000000000000000e+02 6.740000000000000000e+02 6.400000000000000000e+02 6.700000000000000000e+02
6.340000000000000000e+02 6.540000000000000000e+02 6.540000000000000000e+02 7.200000000000000000e+02
6.940000000000000000e+02 7.000000000000000000e+02 7.240000000000000000e+02 6.940000000000000000e+02
7.060000000000000000e+02 7.740000000000000000e+02 7.220000000000000000e+02 6.660000000000000000e+02
7.140000000000000000e+02 6.880000000000000000e+02 7.180000000000000000e+02 7.740000000000000000e+02
7.620000000000000000e+02 7.860000000000000000e+02 8.000000000000000000e+02 7.260000000000000000e+02
8.220000000000000000e+02 8.000000000000000000e+02 7.340000000000000000e+02 8.120000000000000000e+02
7.860000000000000000e+02 8.340000000000000000e+02 8.080000000000000000e+02 8.240000000000000000e+02
8.140000000000000000e+02 8.220000000000000000e+02 7.980000000000000000e+02 8.120000000000000000e+02
7.860000000000000000e+02 8.440000000000000000e+02 8.200000000000000000e+02 8.780000000000000000e+02
8.780000000000000000e+02 8.540000000000000000e+02 8.860000000000000000e+02 8.460000000000000000e+02
8.640000000000000000e+02 9.060000000000000000e+02 8.500000000000000000e+02 8.860000000000000000e+02
9.400000000000000000e+02 9.320000000000000000e+02 9.040000000000000000e+02 8.520000000000000000e+02
9.120000000000000000e+02 9.860000000000000000e+02 9.120000000000000000e+02 9.340000000000000000e+02
9.080000000000000000e+02 9.500000000000000000e+02 9.500000000000000000e+02 8.920000000000000000e+02
9.760000000000000000e+02 9.920000000000000000e+02 9.740000000000000000e+02 9.960000000000000000e+02
9.740000000000000000e+02 9.440000000000000000e+02 9.540000000000000000e+02 9.140000000000000000e+02
1.028000000000000000e+03 1.034000000000000000e+03 1.066000000000000000e+03 1.016000000000000000e+03
1.058000000000000000e+03 1.032000000000000000e+03 9.680000000000000000e+02 1.032000000000000000e+03
1.076000000000000000e+03 1.074000000000000000e+03 1.052000000000000000e+03 9.860000000000000000e+02
1.072000000000000000e+03 1.090000000000000000e+03 1.036000000000000000e+03 1.040000000000000000e+03
1.060000000000000000e+03 1.096000000000000000e+03 1.106000000000000000e+03 1.150000000000000000e+03
1.120000000000000000e+03 1.056000000000000000e+03 1.138000000000000000e+03 1.094000000000000000e+03
1.084000000000000000e+03 1.146000000000000000e+03 1.156000000000000000e+03 1.132000000000000000e+03
1.132000000000000000e+03 1.122000000000000000e+03 1.156000000000000000e+03 1.108000000000000000e+03
1.190000000000000000e+03 1.182000000000000000e+03 1.152000000000000000e+03 1.118000000000000000e+03
1.204000000000000000e+03 1.172000000000000000e+03 1.232000000000000000e+03 1.226000000000000000e+03
1.180000000000000000e+03 1.212000000000000000e+03 1.180000000000000000e+03 1.204000000000000000e+03
1.322000000000000000e+03 1.180000000000000000e+03 1.224000000000000000e+03 1.236000000000000000e+03
1.244000000000000000e+03 1.240000000000000000e+03 1.250000000000000000e+03 1.252000000000000000e+03
1.326000000000000000e+03 1.366000000000000000e+03 1.292000000000000000e+03 1.264000000000000000e+03
1.336000000000000000e+03 1.328000000000000000e+03 1.286000000000000000e+03 1.278000000000000000e+03
1.368000000000000000e+03 1.376000000000000000e+03 1.314000000000000000e+03 1.334000000000000000e+03
1.298000000000000000e+03 1.312000000000000000e+03 1.370000000000000000e+03 1.404000000000000000e+03
1.394000000000000000e+03 1.410000000000000000e+03 1.374000000000000000e+03 1.372000000000000000e+03
1.408000000000000000e+03 1.472000000000000000e+03 1.332000000000000000e+03 1.400000000000000000e+03
1.396000000000000000e+03 1.496000000000000000e+03 1.352000000000000000e+03 1.456000000000000000e+03
1.484000000000000000e+03 1.474000000000000000e+03 1.384000000000000000e+03 1.482000000000000000e+03
1.402000000000000000e+03 1.484000000000000000e+03 1.460000000000000000e+03 1.438000000000000000e+03
1.424000000000000000e+03 1.460000000000000000e+03 1.432000000000000000e+03 1.344000000000000000e+03
1.478000000000000000e+03 1.430000000000000000e+03 1.412000000000000000e+03 1.466000000000000000e+03
1.544000000000000000e+03 1.480000000000000000e+03 1.602000000000000000e+03 1.532000000000000000e+03
1.482000000000000000e+03 1.582000000000000000e+03 1.510000000000000000e+03 1.492000000000000000e+03
1.530000000000000000e+03 1.574000000000000000e+03 1.566000000000000000e+03 1.550000000000000000e+03
1.586000000000000000e+03 1.582000000000000000e+03 1.626000000000000000e+03 1.552000000000000000e+03
1.642000000000000000e+03 1.602000000000000000e+03 1.636000000000000000e+03 1.612000000000000000e+03
1.584000000000000000e+03 1.652000000000000000e+03 1.628000000000000000e+03 1.612000000000000000e+03
1.616000000000000000e+03 1.608000000000000000e+03 1.636000000000000000e+03 1.636000000000000000e+03
1.696000000000000000e+03 1.544000000000000000e+03 1.582000000000000000e+03 1.666000000000000000e+03
1.596000000000000000e+03 1.666000000000000000e+03 1.754000000000000000e+03 1.710000000000000000e+03
1.676000000000000000e+03 1.682000000000000000e+03 1.676000000000000000e+03 1.746000000000000000e+03
1.736000000000000000e+03 1.758000000000000000e+03 1.764000000000000000e+03 1.818000000000000000e+03
1.734000000000000000e+03 1.724000000000000000e+03 1.712000000000000000e+03 1.732000000000000000e+03
1.736000000000000000e+03 1.810000000000000000e+03 1.682000000000000000e+03 1.826000000000000000e+03
1.804000000000000000e+03 1.782000000000000000e+03 1.796000000000000000e+03 1.762000000000000000e+03
1.786000000000000000e+03 1.790000000000000000e+03 1.732000000000000000e+03 1.816000000000000000e+03
1.786000000000000000e+03 1.884000000000000000e+03 1.912000000000000000e+03 1.718000000000000000e+03
1.846000000000000000e+03 1.792000000000000000e+03 1.842000000000000000e+03 1.950000000000000000e+03
1.838000000000000000e+03 1.802000000000000000e+03 1.836000000000000000e+03 1.940000000000000000e+03
1.866000000000000000e+03 1.880000000000000000e+03 1.850000000000000000e+03 1.950000000000000000e+03
1.936000000000000000e+03 1.928000000000000000e+03 1.912000000000000000e+03 1.850000000000000000e+03
1.956000000000000000e+03 1.900000000000000000e+03 1.916000000000000000e+03 1.950000000000000000e+03
1.968000000000000000e+03 2.024000000000000000e+03 1.982000000000000000e+03 1.978000000000000000e+03
1.958000000000000000e+03 1.980000000000000000e+03 1.964000000000000000e+03 1.988000000000000000e+03
1.972000000000000000e+03 1.968000000000000000e+03 1.966000000000000000e+03 1.872000000000000000e+03
1.936000000000000000e+03 1.938000000000000000e+03 2.014000000000000000e+03 1.910000000000000000e+03
2.050000000000000000e+03 2.024000000000000000e+03 1.970000000000000000e+03 1.940000000000000000e+03
1.976000000000000000e+03 2.132000000000000000e+03 2.106000000000000000e+03 2.114000000000000000e+03
2.046000000000000000e+03 2.056000000000000000e+03 2.032000000000000000e+03 2.172000000000000000e+03
2.144000000000000000e+03 2.054000000000000000e+03 2.100000000000000000e+03 2.136000000000000000e+03
2.106000000000000000e+03 2.100000000000000000e+03 2.152000000000000000e+03 2.040000000000000000e+03
2.100000000000000000e+03 2.198000000000000000e+03 2.054000000000000000e+03 2.164000000000000000e+03
2.244000000000000000e+03 2.098000000000000000e+03 2.200000000000000000e+03 2.172000000000000000e+03
2.264000000000000000e+03 2.198000000000000000e+03 2.268000000000000000e+03 2.148000000000000000e+03
2.172000000000000000e+03 2.138000000000000000e+03 2.244000000000000000e+03 2.220000000000000000e+03
2.180000000000000000e+03 2.284000000000000000e+03 2.282000000000000000e+03 2.236000000000000000e+03
2.244000000000000000e+03 2.116000000000000000e+03 2.232000000000000000e+03 2.214000000000000000e+03
2.274000000000000000e+03 2.298000000000000000e+03 2.316000000000000000e+03 2.270000000000000000e+03
2.232000000000000000e+03 2.286000000000000000e+03 2.252000000000000000e+03 2.300000000000000000e+03
2.358000000000000000e+03 2.296000000000000000e+03 2.228000000000000000e+03 2.384000000000000000e+03
2.408000000000000000e+03 2.402000000000000000e+03 2.284000000000000000e+03 2.410000000000000000e+03
2.344000000000000000e+03 2.286000000000000000e+03 2.254000000000000000e+03 2.350000000000000000e+03
2.454000000000000000e+03 2.370000000000000000e+03 2.370000000000000000e+03 2.354000000000000000e+03
2.346000000000000000e+03 2.426000000000000000e+03 2.484000000000000000e+03 2.402000000000000000e+03
2.394000000000000000e+03 2.394000000000000000e+03 2.484000000000000000e+03 2.312000000000000000e+03
