1.011401140114011499e+00 9.939993999399935332e-01 9.366936693669352110e-01 9.408940894089402596e-01
1.024302430243023254e+00 9.801980198019809576e-01 9.753975397539750292e-01 9.999999999999986677e-01
9.450945094509441979e-01 1.054605460546053752e+00 1.006300630063005297e+00 9.462946294629446253e-01
9.624962496249616084e-01 9.678967896789673064e-01 9.642964296429631377e-01 1.056705670567057442e+00
1.075907590759075161e+00 9.339933993399328616e-01 1.008700870087008594e+00 9.702970297029701596e-01
9.699969996999694422e-01 9.381938193819381322e-01 1.007500750075007501e+00 9.720972097209717999e-01
9.390939093909387303e-01 1.021602160216021460e+00 1.075307530753074170e+00 9.303930393039308022e-01
1.034503450345034326e+00 9.909990999099903553e-01 9.411941194119407550e-01 1.107110711071107367e+00
9.498949894989499043e-01 1.033303330333034342e+00 9.285928592859288289e-01 1.024602460246025082e+00
9.186918691869185860e-01 9.693969396939688954e-01 1.047704770477047687e+00 9.792979297929786942e-01
8.838883888388849863e-01 9.156915691569148530e-01 9.501950195019502887e-01 9.957995799579962837e-01
1.002100210021002136e+00 9.480948094809483750e-01 8.934893489348922913e-01 9.897989798979900389e-01
9.258925892589262574e-01 9.042904290429034653e-01 1.001200120012001316e+00 9.636963696369642562e-01
9.108910891089117001e-01 9.534953495349534069e-01 9.897989798979900389e-01 9.087908790879088983e-01
9.957995799579959506e-01 8.322832283228327466e-01 9.306930693069301874e-01 8.916891689168918722e-01
9.057905790579063865e-01 1.069306930693069813e+00 9.651965196519665113e-01 8.502850285028504818e-01
8.679867986798684987e-01 8.625862586258628006e-01 8.364836483648366849e-01 8.298829882988304485e-01
8.304830483048311063e-01 8.268826882688272706e-01 8.442844284428449031e-01 8.316831683168314227e-01
9.174917491749180476e-01 8.973897389738979546e-01 9.369936993699377048e-01 9.081908190819091287e-01
7.617761776177618405e-01 8.808880888088812533e-01 8.898889888988905650e-01 9.111911191119119735e-01
9.036903690369046949e-01 9.159915991599167917e-01 8.112811281128116114e-01 9.072907290729080865e-01
8.367836783678374024e-01 8.133813381338139692e-01 8.124812481248131490e-01 8.583858385838589733e-01
8.136813681368139095e-01 7.467746774677476163e-01 8.211821182118216322e-01 7.797779777977805749e-01
7.320732073207323332e-01 8.202820282028205900e-01 7.992799279927997880e-01 7.572757275727579618e-01
7.800780078007812923e-01 7.422742274227428494e-01 7.890789078907894938e-01 7.644764476447648560e-01
7.974797479747983697e-01 7.683768376837689651e-01 7.722772277227721860e-01 8.787878787878797837e-01
8.055805580558061951e-01 7.257725772577261480e-01 6.930693069306935739e-01 7.650765076507656248e-01
6.573657365736577107e-01 6.975697569756983407e-01 7.842784278427846756e-01 7.029702970297035947e-01
7.542754275427551169e-01 7.425742574257430118e-01 6.804680468046813147e-01 6.750675067506756166e-01
8.130813081308138068e-01 7.251725172517258233e-01 6.828682868286838348e-01 7.209720972097219960e-01
7.140714071407147090e-01 6.540654065406549256e-01 5.895589558955900422e-01 6.519651965196527899e-01
6.387638763876394288e-01 7.230723072307237986e-01 6.525652565256533366e-01 6.600660066006608373e-01
6.588658865886596327e-01 6.732673267326739763e-01 6.549654965496558567e-01 6.387638763876396508e-01
6.750675067506760607e-01 7.590759075907598241e-01 6.960696069606965297e-01 6.102610261026107930e-01
5.922592259225927247e-01 5.613561356135620128e-01 6.264626462646272209e-01 6.147614761476156708e-01
6.675667566756685600e-01 6.651665166516661509e-01 6.138613861386146286e-01 5.940594059405948091e-01
5.790579057905800298e-01 7.089708970897099505e-01 6.342634263426352170e-01 5.667566756675677109e-01
6.444644464446446230e-01 5.457545754575463537e-01 5.442544254425447647e-01 5.406540654065411511e-01
6.129612961296135865e-01 5.088508850885096191e-01 5.685568556855691291e-01 5.778577857785782701e-01
5.550555055505557167e-01 5.262526252625268075e-01 5.178517851785180426e-01 5.454545454545460803e-01
5.682568256825690778e-01 5.493549354935498563e-01 5.403540354035410997e-01 4.839483948394842083e-01
5.379537953795385796e-01 5.316531653165322835e-01 4.974497449744978983e-01 5.886588658865890000e-01
4.512451245124515231e-01 4.440444044404445179e-01 4.515451545154520741e-01 4.014401440144018118e-01
4.071407140714076167e-01 4.917491749174921489e-01 4.551455145514557432e-01 4.977497749774984492e-01
5.499549954995506251e-01 4.119411941194124904e-01 4.503450345034508140e-01 5.040504050405046899e-01
4.419441944194425487e-01 4.647464746474654906e-01 4.188418841884193888e-01 4.704470447044710180e-01
4.488448844884494471e-01 4.392439243924398107e-01 4.017401740174019742e-01 4.674467446744678401e-01
4.560456045604566189e-01 4.377437743774382772e-01 4.902490249024907820e-01 4.290429042904295720e-01
4.317431743174321990e-01 4.647464746474653241e-01 4.437443744374441335e-01 3.585358535853587214e-01
4.269426942694274918e-01 3.849384938493852770e-01 4.227422742274233314e-01 4.221422142214226181e-01
4.047404740474051521e-01 3.747374737473750939e-01 3.903390339033909195e-01 4.428442844284432578e-01
3.054305430543057254e-01 3.441344134413446554e-01 4.281428142814286408e-01 3.810381038103814455e-01
4.158415841584163219e-01 3.465346534653469535e-01 3.888388838883893306e-01 3.717371737173721935e-01
3.726372637263732912e-01 5.040504050405044678e-01 3.669366936693675418e-01 4.035403540354042806e-01
3.855385538553861013e-01 3.723372337233729068e-01 4.503450345034508140e-01 3.228322832283232469e-01
3.630363036303635438e-01 3.219321932193222047e-01 3.300330033003303631e-01 3.195319531953199066e-01
3.309330933093312388e-01 3.927392739273931066e-01 3.585358535853589990e-01 3.288328832883291586e-01
3.204320432043207822e-01 3.135313531353138283e-01 3.342334233423344680e-01 3.456345634563461888e-01
3.381338133813386881e-01 2.922292229222925308e-01 3.006300630063009072e-01 3.381338133813385771e-01
3.219321932193222602e-01 3.711371137113714802e-01 3.834383438343840766e-01 3.033303330333035341e-01
3.501350135013504561e-01 3.129312931293133926e-01 3.669366936693675418e-01 3.474347434743478846e-01
2.763276327632765983e-01 3.132313231323135549e-01 2.595259525952597346e-01 3.015301530153018938e-01
2.814281428142818009e-01 3.618361836183623392e-01 3.114311431143116371e-01 2.811281128112814165e-01
2.499249924992502092e-01 3.219321932193222602e-01 3.258325832583260917e-01 3.099309930993099926e-01
2.997299729973000870e-01 2.700270027002703577e-01 2.157215721572158795e-01 3.069306930693073143e-01
2.787278727872790074e-01 2.874287428742878236e-01 2.361236123612363846e-01 2.418241824182420507e-01
2.838283828382841545e-01 2.928292829282932441e-01 2.292229222922295140e-01 2.595259525952598456e-01
2.484248424842487590e-01 2.859285928592861792e-01 2.373237323732375614e-01 2.610261026102613235e-01
2.559255925592563985e-01 2.043204320432045751e-01 2.511251125112514138e-01 2.082208220822084344e-01
2.346234623462347679e-01 2.376237623762378348e-01 1.833183318331834399e-01 2.061206120612063264e-01
2.358235823582359447e-01 2.250225022502252981e-01 2.331233123312335398e-01 2.283228322832286383e-01
2.280228022802282539e-01 2.118211821182119370e-01 2.220222022202223144e-01 2.166216621662168107e-01
2.379237923792380249e-01 2.586258625862589144e-01 1.977197719771978390e-01 2.184218421842187008e-01
1.719171917191718857e-01 1.833183318331833844e-01 2.097209720972100511e-01 1.848184818481850844e-01
2.370237023702372881e-01 1.896189618961898193e-01 2.394239423942397527e-01 1.920192019201921174e-01
1.989198919891990991e-01 2.130213021302132526e-01 2.238223822382241490e-01 1.737173717371738035e-01
2.547254725472549719e-01 1.539153915391541505e-01 2.385238523852387382e-01 1.896189618961898471e-01
1.878187818781879292e-01 1.776177617761776906e-01 1.773177317731773894e-01 1.947194719471948832e-01
1.743174317431744891e-01 2.127212721272129792e-01 1.653165316531655105e-01 1.875187518751875726e-01
1.827182718271827822e-01 1.950195019501952398e-01 1.767176717671769537e-01 1.512151215121513848e-01
1.773177317731775282e-01 1.542154215421542574e-01 2.043204320432044918e-01 1.872187218721875490e-01
1.566156615661567497e-01 1.731173117311733123e-01 1.620162016201621979e-01 1.491149114911491658e-01
2.139213921392141282e-01 2.127212721272128126e-01 1.587158715871587744e-01 1.992199219921995113e-01
2.295229522952298151e-01 1.518151815181518483e-01 1.521152115211522049e-01 1.554155415541555452e-01
1.392139213921392837e-01 1.572157215721573520e-01 1.590159015901591588e-01 1.413141314131413084e-01
1.974197419741977044e-01 1.881188118811882859e-01 1.374137413741374214e-01 1.545154515451546418e-01
1.905190519051908060e-01 1.404140414041404883e-01 1.680168016801681097e-01 1.662166216621664139e-01
1.707170717071708477e-01 1.440144014401441019e-01 1.488148814881488369e-01 1.914191419141916262e-01
1.398139813981398860e-01 1.647164716471650192e-01 1.584158415841585288e-01 1.692169216921693697e-01
1.212121212121212571e-01 1.428142814281428419e-01 1.500150015001501524e-01 1.695169516951695876e-01
8.100810081008101571e-02 1.233123312331233373e-01 1.485148514851487023e-01 1.278127812781279238e-01
1.710171017101711488e-01 1.326132613261326310e-01 1.596159615961597888e-01 1.452145214521453620e-01
1.440144014401440464e-01 1.338133813381338633e-01 1.266126612661266915e-01 1.368136813681368746e-01
1.662166216621664139e-01 1.404140414041405716e-01 1.470147014701470578e-01 1.656165616561658116e-01
9.210921092109206065e-02 1.122112211221121120e-01 8.910891089108913254e-02 1.374137413741375324e-01
1.446144614461447875e-01 1.416141614161417761e-01 1.518151815181519870e-01 7.410741074107404791e-02
1.050105010501049124e-01 1.458145814581458533e-01 1.242124212421242130e-01 8.490849084908487499e-02
1.338133813381338355e-01 1.482148214821483456e-01 1.335133513351336731e-01 1.293129312931292629e-01
1.050105010501050096e-01 1.314131413141314542e-01 1.176117611761175880e-01 1.050105010501050373e-01
1.377137713771377225e-01 1.002100210021001636e-01 1.155115511551155355e-01 1.020102010201020676e-01
1.179117911791179169e-01 1.176117611761175463e-01 1.389138913891389548e-01 1.233123312331232957e-01
1.305130513051306063e-01 1.380138013801381902e-01 1.170117011701170689e-01 1.350135013501351788e-01
1.206120612061207520e-01 9.360936093609366349e-02 1.260126012601261447e-01 9.810981098109815279e-02
7.080708070807074928e-02 1.761176117611764347e-01 9.480948094809479865e-02 1.458145814581459088e-01
1.053105310531053523e-01 1.194119411941194503e-01 1.251125112511251580e-01 1.131113111311131680e-01
8.640864086408635292e-02 1.131113111311132374e-01 1.359135913591359435e-01 1.113111311131113057e-01
1.074107410741073909e-01 1.221122112211222438e-01 9.060906090609059660e-02 8.070807080708068681e-02
1.266126612661267470e-01 9.300930093009289468e-02 9.000900090008995269e-02 8.670867086708658467e-02
1.263126312631263903e-01 1.125112511251124825e-01 6.990699069906985974e-02 1.095109510951095128e-01
6.570657065706553279e-02 8.460846084608461548e-02 8.550855085508546338e-02 6.390639063906380923e-02
1.275127512751277059e-01 8.640864086408635292e-02 1.155115511551156604e-01 1.173117311731173285e-01
1.281128112811282804e-01 5.880588058805868990e-02 1.101110111011102399e-01 1.134113411341134969e-01
8.490849084908494437e-02 9.420942094209415474e-02 1.149114911491149332e-01 9.150915091509150001e-02
6.750675067506735350e-02 1.104110411041105549e-01 1.011101110111011364e-01 1.023102310231023271e-01
5.640564056405632937e-02 1.068106810681068858e-01 8.280828082808269763e-02 8.910891089108916030e-02
