9.294000000000000039e-01 9.224999999999999867e-01 9.120000000000000329e-01 9.058000000000000496e-01
8.790000000000000036e-01 9.281000000000000361e-01 9.226999999999999647e-01 8.994999999999999662e-01
8.999000000000000332e-01 9.076999999999999513e-01 9.044999999999999707e-01 9.065999999999999615e-01
8.306000000000000050e-01 8.427999999999999936e-01 8.228999999999999648e-01 8.770999999999999908e-01
8.106999999999999762e-01 8.276000000000000023e-01 8.187999999999999723e-01 8.198999999999999622e-01
8.352000000000000535e-01 7.804999999999999716e-01 7.999000000000000554e-01 7.973999999999999977e-01
8.090000000000000524e-01 7.637000000000000455e-01 7.548000000000000265e-01 7.662999999999999812e-01
7.657000000000000473e-01 7.409000000000000030e-01 7.510999999999999899e-01 7.665999999999999481e-01
7.063000000000000389e-01 7.328999999999999959e-01 7.220999999999999641e-01 7.155000000000000249e-01
7.016999999999999904e-01 6.775999999999999801e-01 7.429999999999999938e-01 7.245000000000000329e-01
6.762000000000000233e-01 6.757999999999999563e-01 6.582000000000000073e-01 6.881000000000000449e-01
6.499000000000000332e-01 6.732000000000000206e-01 6.573999999999999844e-01 6.711000000000000298e-01
6.471000000000000085e-01 6.259000000000000119e-01 6.201999999999999735e-01 6.480000000000000204e-01
6.208000000000000185e-01 6.556999999999999496e-01 6.672000000000000153e-01 6.105000000000000426e-01
5.832000000000000517e-01 6.038000000000000034e-01 6.634999999999999787e-01 5.910999999999999588e-01
5.853000000000000425e-01 6.484999999999999654e-01 6.273999999999999577e-01 5.927000000000000046e-01
5.800999999999999490e-01 5.705999999999999961e-01 5.524000000000000021e-01 5.510000000000000453e-01
5.614999999999999991e-01 5.414999999999999813e-01 5.586999999999999744e-01 5.857999999999999874e-01
5.677999999999999714e-01 5.334999999999999742e-01 5.959999999999999742e-01 5.453000000000000069e-01
5.605999999999999872e-01 5.292000000000000037e-01 5.302999999999999936e-01 5.867999999999999883e-01
5.076000000000000512e-01 5.574000000000000066e-01 5.270000000000000240e-01 5.004999999999999449e-01
5.060000000000000053e-01 5.112999999999999767e-01 4.935999999999999832e-01 4.960999999999999854e-01
5.528999999999999471e-01 4.999000000000000110e-01 5.092999999999999750e-01 4.937000000000000277e-01
4.838000000000000078e-01 4.707000000000000073e-01 5.181999999999999940e-01 4.840999999999999748e-01
5.245999999999999552e-01 4.566999999999999948e-01 4.678999999999999826e-01 4.741000000000000214e-01
4.966999999999999749e-01 4.502999999999999781e-01 4.586000000000000076e-01 4.868000000000000105e-01
4.413000000000000256e-01 4.788000000000000034e-01 4.928000000000000158e-01 4.744999999999999774e-01
4.355999999999999872e-01 4.822000000000000175e-01 4.606000000000000094e-01 4.506999999999999895e-01
4.020000000000000240e-01 4.198999999999999955e-01 4.420000000000000040e-01 4.117999999999999994e-01
4.541000000000000036e-01 4.333000000000000185e-01 4.471999999999999864e-01 4.168999999999999928e-01
4.626000000000000112e-01 4.329999999999999960e-01 4.310999999999999832e-01 3.922999999999999821e-01
3.809000000000000163e-01 4.315999999999999837e-01 4.391999999999999793e-01 4.021000000000000130e-01
4.504000000000000226e-01 3.887999999999999790e-01 4.129999999999999782e-01 3.940000000000000169e-01
4.166000000000000258e-01 4.205999999999999739e-01 4.326999999999999735e-01 3.936999999999999944e-01
3.662000000000000255e-01 4.107000000000000095e-01 4.181000000000000272e-01 3.765999999999999903e-01
3.801999999999999824e-01 3.796999999999999820e-01 4.016000000000000125e-01 3.854000000000000203e-01
3.654000000000000026e-01 3.710999999999999854e-01 3.652000000000000246e-01 3.442999999999999949e-01
3.719999999999999973e-01 3.588000000000000078e-01 3.961000000000000076e-01 3.860999999999999988e-01
3.815999999999999948e-01 3.780999999999999917e-01 3.709999999999999964e-01 3.845999999999999974e-01
3.855000000000000093e-01 3.562000000000000166e-01 3.684000000000000052e-01 4.071000000000000174e-01
3.484999999999999765e-01 3.291999999999999926e-01 3.866999999999999882e-01 3.448999999999999844e-01
3.533999999999999919e-01 3.587000000000000188e-01 3.657000000000000250e-01 3.426000000000000156e-01
3.679000000000000048e-01 3.583000000000000074e-01 3.735999999999999877e-01 3.533000000000000029e-01
3.719000000000000083e-01 3.316999999999999948e-01 3.063000000000000167e-01 3.262999999999999790e-01
3.699999999999999956e-01 3.336000000000000076e-01 3.276000000000000023e-01 3.342999999999999861e-01
3.343999999999999750e-01 3.780999999999999917e-01 3.271999999999999909e-01 3.276000000000000023e-01
3.111999999999999766e-01 3.281000000000000028e-01 3.336999999999999966e-01 3.437999999999999945e-01
3.683000000000000163e-01 3.081999999999999740e-01 3.413999999999999813e-01 3.156999999999999806e-01
3.155999999999999917e-01 3.289000000000000257e-01 3.299000000000000266e-01 3.531000000000000250e-01
3.169000000000000150e-01 3.443999999999999839e-01 3.251999999999999891e-01 3.508000000000000007e-01
3.166999999999999815e-01 3.201999999999999846e-01 3.131999999999999784e-01 3.007000000000000228e-01
3.153000000000000247e-01 3.205000000000000071e-01 3.168000000000000260e-01 2.933000000000000052e-01
3.053000000000000158e-01 3.055999999999999828e-01 3.366000000000000103e-01 3.191999999999999837e-01
3.328999999999999737e-01 3.155999999999999917e-01 3.499999999999999778e-01 3.309000000000000274e-01
3.124000000000000110e-01 2.944999999999999840e-01 3.155999999999999917e-01 2.990999999999999770e-01
2.909999999999999809e-01 2.827999999999999958e-01 3.145999999999999908e-01 2.923000000000000043e-01
3.028000000000000136e-01 3.044000000000000039e-01 2.911000000000000254e-01 2.792000000000000037e-01
2.995999999999999774e-01 3.276000000000000023e-01 3.060999999999999832e-01 3.121999999999999775e-01
2.770000000000000240e-01 2.914999999999999813e-01 3.372999999999999887e-01 2.741000000000000103e-01
2.993000000000000105e-01 3.215000000000000080e-01 2.994999999999999885e-01 2.842000000000000082e-01
3.262999999999999790e-01 2.817999999999999949e-01 2.979999999999999871e-01 3.045999999999999819e-01
2.843999999999999861e-01 3.143000000000000238e-01 2.805000000000000271e-01 2.763999999999999790e-01
3.171999999999999820e-01 3.063000000000000167e-01 2.955999999999999739e-01 2.962000000000000188e-01
2.741000000000000103e-01 2.908999999999999919e-01 3.125000000000000000e-01 2.772999999999999909e-01
2.857999999999999985e-01 2.879999999999999782e-01 2.847999999999999976e-01 2.770000000000000240e-01
3.135999999999999899e-01 2.670000000000000151e-01 2.575999999999999956e-01 2.793999999999999817e-01
2.917000000000000148e-01 3.009999999999999898e-01 2.834999999999999742e-01 3.035999999999999810e-01
2.968000000000000083e-01 2.950999999999999734e-01 2.929999999999999827e-01 2.772999999999999909e-01
2.690000000000000169e-01 2.660000000000000142e-01 2.841000000000000192e-01 2.839999999999999747e-01
2.867000000000000104e-01 2.637999999999999790e-01 2.611999999999999877e-01 2.674000000000000266e-01
2.746000000000000107e-01 2.807000000000000051e-01 3.069999999999999951e-01 2.909999999999999809e-01
2.948999999999999955e-01 2.948000000000000065e-01 2.702999999999999847e-01 2.824999999999999734e-01
2.849999999999999756e-01 2.661000000000000032e-01 2.839999999999999747e-01 2.732999999999999874e-01
2.992000000000000215e-01 2.567999999999999727e-01 2.790000000000000258e-01 2.679000000000000270e-01
2.807999999999999940e-01 2.927000000000000157e-01 2.581999999999999851e-01 2.670000000000000151e-01
