9.549954995499534416e-01 9.495949594959489648e-01 9.000900090008984167e-01 9.234923492349231822e-01
8.781878187818774606e-01 1.019501950195019546e+00 9.996999699970000597e-01 9.705970597059693228e-01
1.028802880288028909e+00 9.906990699069908590e-01 1.002700270027001794e+00 9.780978097809780447e-01
8.976897689768972288e-01 9.927992799279918845e-01 1.009600960096009636e+00 1.059105910591058741e+00
9.660966096609661102e-01 1.035403540354036700e+00 9.762976297629755162e-01 9.465946594659461200e-01
9.642964296429640259e-01 9.216921692169212088e-01 9.423942394239427367e-01 9.177917791779170997e-01
9.345934593459344075e-01 9.336933693369338094e-01 9.657965796579657258e-01 8.958895889588962547e-01
9.624962496249622745e-01 8.928892889288919665e-01 8.850885088508851917e-01 9.705970597059707661e-01
8.754875487548754442e-01 9.813981398139811629e-01 9.045904590459051819e-01 9.252925292529254886e-01
8.877887788778880962e-01 8.397839783978392481e-01 8.799879987998801001e-01 9.348934893489344589e-01
8.508850885088514726e-01 9.228922892289237456e-01 8.484848484848485084e-01 9.027902790279032086e-01
9.696969696969701680e-01 8.877887788778880962e-01 8.730873087308734792e-01 9.669966996699674855e-01
8.391839183918390344e-01 8.898889888988892327e-01 8.904890489048910007e-01 9.279927992799287262e-01
8.718871887188721637e-01 9.426942694269423439e-01 8.928892889288930768e-01 8.115811581158119958e-01
7.899789978997909801e-01 8.859885988598869000e-01 9.141914191419148183e-01 8.433843384338436389e-01
8.391839183918402556e-01 8.697869786978690287e-01 8.325832583258321318e-01 9.177917791779174328e-01
8.463846384638468168e-01 7.482748274827483170e-01 7.662766276627661632e-01 8.250825082508257413e-01
7.689768976897688457e-01 8.442844284428446811e-01 8.181818181818184543e-01 9.411941194119420873e-01
8.697869786978703610e-01 7.974797479747982587e-01 8.961896189618964170e-01 8.109810981098115601e-01
8.685868586858689344e-01 8.736873687368738040e-01 8.586858685868594687e-01 8.226822682268225551e-01
7.905790579057909717e-01 8.097809780978095784e-01 8.175817581758181296e-01 7.380738073807382449e-01
7.929792979297939359e-01 7.551755175517552710e-01 7.983798379837986348e-01 7.998799879988002237e-01
8.214821482148213505e-01 7.560756075607565352e-01 7.239723972397241747e-01 7.806780678067810619e-01
7.506750675067511702e-01 7.515751575157524345e-01 7.659765976597666670e-01 7.497749774977502391e-01
7.596759675967595937e-01 6.600660066006601712e-01 8.256825682568266211e-01 7.098709870987097714e-01
7.821782178217824288e-01 6.303630363036304418e-01 7.470747074707476676e-01 7.317731773177316157e-01
6.921692169216925317e-01 7.869786978697876911e-01 7.101710171017104889e-01 7.125712571257122319e-01
6.957695769576957012e-01 6.801680168016807082e-01 6.873687368736878245e-01 6.492649264926501074e-01
6.231623162316232145e-01 6.582658265826585309e-01 6.603660366036606666e-01 7.233723372337240720e-01
7.248724872487253279e-01 7.002700270027004681e-01 7.284728472847284975e-01 6.312631263126314840e-01
6.870687068706876621e-01 6.573657365736577107e-01 6.915691569156922069e-01 6.885688568856891401e-01
6.096609660966101352e-01 7.008700870087009038e-01 6.873687368736878245e-01 6.294629462946296217e-01
6.651665166516650407e-01 6.360636063606363022e-01 6.594659465946596244e-01 5.913591359135916825e-01
6.600660066006603932e-01 6.435643564356435808e-01 6.507650765076510302e-01 6.012601260126010372e-01
5.709570957095713162e-01 6.180618061806184560e-01 6.477647764776481853e-01 5.655565556555660622e-01
5.616561656165617311e-01 6.075607560756082215e-01 6.501650165016502614e-01 6.549654965496556347e-01
5.361536153615363842e-01 5.571557155715572973e-01 5.700570057005703850e-01 5.160516051605162913e-01
5.613561356135617908e-01 5.853585358535858818e-01 5.805580558055811746e-01 5.595559555955597064e-01
5.205520552055210581e-01 5.670567056705668740e-01 6.042604260426049922e-01 5.832583258325835240e-01
5.772577257725776123e-01 5.031503150315033146e-01 6.135613561356140222e-01 6.012601260126018143e-01
5.346534653465350173e-01 4.482448244824486783e-01 6.282628262826288612e-01 6.024602460246030189e-01
5.496549654965500187e-01 5.163516351635165647e-01 4.653465346534653713e-01 4.455445544554452186e-01
5.394539453945393914e-01 6.000600060006003877e-01 5.169516951695172224e-01 5.133513351335132757e-01
5.475547554755477719e-01 4.776477647764775791e-01 4.815481548154814107e-01 5.073507350735074750e-01
6.144614461446146203e-01 4.461446144614463760e-01 4.158415841584158223e-01 4.029402940294026791e-01
5.235523552355242360e-01 6.186618661866188917e-01 4.689468946894689849e-01 4.809480948094810304e-01
3.951395139513952381e-01 4.713471347134717271e-01 5.355535553555360595e-01 5.214521452145218783e-01
4.944494449444943318e-01 4.872487248724872710e-01 4.152415241524151091e-01 3.501350135013502896e-01
4.002400240024001632e-01 5.007500750075012386e-01 4.242424242424240877e-01 5.004500450045006321e-01
4.431443144314434202e-01 4.263426342634265565e-01 4.128412841284126999e-01 4.770477047704768658e-01
4.149414941494146136e-01 4.572457245724578789e-01 4.476447644764477429e-01 4.368436843684371240e-01
4.671467146714671226e-01 4.446444644464451201e-01 4.167416741674164760e-01 3.750375037503747566e-01
4.473447344734477471e-01 4.149414941494149467e-01 5.145514551455147023e-01 4.596459645964598995e-01
4.833483348334833840e-01 4.542454245424544235e-01 5.175517551755178802e-01 4.485448544854485076e-01
3.999399939994000008e-01 3.588358835883588838e-01 4.098409840984100216e-01 3.609360936093608530e-01
3.768376837683770075e-01 3.738373837383737741e-01 3.957395739573955074e-01 4.206420642064210846e-01
4.107410741074106197e-01 3.864386438643864219e-01 3.864386438643865329e-01 3.756375637563758030e-01
3.693369336933689517e-01 4.242424242424241987e-01 3.918391839183920089e-01 4.878487848784882619e-01
3.708370837083707627e-01 3.972397239723974849e-01 4.134413441344136353e-01 3.831383138313834147e-01
3.669366936693669312e-01 3.906390639063906378e-01 3.501350135013501230e-01 3.387338733873388463e-01
4.254425442544260139e-01 3.699369936993698871e-01 4.194419441944195470e-01 3.813381338133813858e-01
3.708370837083711513e-01 4.335433543354336172e-01 3.390339033903391752e-01 3.324332433243322171e-01
4.185418541854185048e-01 3.738373837383742182e-01 3.573357335733571283e-01 3.936393639363934827e-01
2.658265826582655866e-01 3.660366036603661666e-01 3.975397539753974807e-01 2.577257725772576502e-01
3.006300630063005186e-01 3.756375637563758585e-01 3.687368736873690711e-01 3.513351335133511055e-01
3.585358535853584439e-01 3.612361236123612374e-01 3.618361836183617841e-01 3.060306030603062166e-01
3.294329432943292058e-01 4.299429942994300591e-01 3.234323432343231830e-01 3.051305130513048414e-01
3.219321932193218161e-01 3.849384938493847774e-01 3.564356435643566412e-01 3.609360936093609085e-01
3.720372037203719673e-01 2.523252325232523408e-01 3.063306330633064900e-01 2.778277827782775211e-01
4.083408340834083772e-01 3.036303630363033634e-01 3.936393639363941488e-01 2.967296729672969091e-01
2.928292829282924115e-01 3.192319231923188005e-01 3.633363336333633731e-01 3.693369336933696734e-01
3.651365136513651244e-01 3.750375037503749787e-01 3.072307230723069771e-01 3.420342034203418535e-01
3.165316531653162291e-01 3.729372937293729540e-01 3.144314431443141489e-01 2.721272127212718273e-01
4.389438943894389267e-01 2.838283828382837659e-01 3.510351035103509432e-01 3.063306330633059904e-01
3.264326432643266940e-01 3.231323132313229096e-01 3.537353735373538477e-01 3.669366936693669312e-01
