8.000000000000000000e+00 8.000000000000000000e+00 8.000000000000000000e+00 8.000000000000000000e+00
2.400000000000000000e+01 2.600000000000000000e+01 2.400000000000000000e+01 2.400000000000000000e+01
4.000000000000000000e+01 4.000000000000000000e+01 4.400000000000000000e+01 4.000000000000000000e+01
5.800000000000000000e+01 5.800000000000000000e+01 6.000000000000000000e+01 5.800000000000000000e+01
7.800000000000000000e+01 8.000000000000000000e+01 7.600000000000000000e+01 7.400000000000000000e+01
9.000000000000000000e+01 9.200000000000000000e+01 9.200000000000000000e+01 9.000000000000000000e+01
1.100000000000000000e+02 1.080000000000000000e+02 1.080000000000000000e+02 1.060000000000000000e+02
1.260000000000000000e+02 1.300000000000000000e+02 1.240000000000000000e+02 1.240000000000000000e+02
1.420000000000000000e+02 1.480000000000000000e+02 1.440000000000000000e+02 1.480000000000000000e+02
1.560000000000000000e+02 1.600000000000000000e+02 1.560000000000000000e+02 1.620000000000000000e+02
1.780000000000000000e+02 1.820000000000000000e+02 1.780000000000000000e+02 1.760000000000000000e+02
1.860000000000000000e+02 1.980000000000000000e+02 1.940000000000000000e+02 1.920000000000000000e+02
2.100000000000000000e+02 2.140000000000000000e+02 2.100000000000000000e+02 2.120000000000000000e+02
2.240000000000000000e+02 2.220000000000000000e+02 2.240000000000000000e+02 2.220000000000000000e+02
2.460000000000000000e+02 2.400000000000000000e+02 2.400000000000000000e+02 2.400000000000000000e+02
2.560000000000000000e+02 2.560000000000000000e+02 2.560000000000000000e+02 2.580000000000000000e+02
2.740000000000000000e+02 2.780000000000000000e+02 2.880000000000000000e+02 2.760000000000000000e+02
2.920000000000000000e+02 2.940000000000000000e+02 2.940000000000000000e+02 2.900000000000000000e+02
3.180000000000000000e+02 3.120000000000000000e+02 3.120000000000000000e+02 3.200000000000000000e+02
3.260000000000000000e+02 3.260000000000000000e+02 3.280000000000000000e+02 3.300000000000000000e+02
3.440000000000000000e+02 3.380000000000000000e+02 3.500000000000000000e+02 3.400000000000000000e+02
3.540000000000000000e+02 3.560000000000000000e+02 3.700000000000000000e+02 3.620000000000000000e+02
3.840000000000000000e+02 3.800000000000000000e+02 3.640000000000000000e+02 3.760000000000000000e+02
3.960000000000000000e+02 3.940000000000000000e+02 3.920000000000000000e+02 3.920000000000000000e+02
4.080000000000000000e+02 4.140000000000000000e+02 4.080000000000000000e+02 4.060000000000000000e+02
4.220000000000000000e+02 4.280000000000000000e+02 4.400000000000000000e+02 4.240000000000000000e+02
4.400000000000000000e+02 4.360000000000000000e+02 4.420000000000000000e+02 4.500000000000000000e+02
4.720000000000000000e+02 4.620000000000000000e+02 4.540000000000000000e+02 4.500000000000000000e+02
4.740000000000000000e+02 4.700000000000000000e+02 4.840000000000000000e+02 4.760000000000000000e+02
4.980000000000000000e+02 4.920000000000000000e+02 4.960000000000000000e+02 4.940000000000000000e+02
