9.354000000000000092e-01 9.405000000000000027e-01 9.427999999999999714e-01 9.399999999999999467e-01
8.630999999999999783e-01 8.532999999999999474e-01 8.729999999999999982e-01 8.742999999999999661e-01
7.925999999999999712e-01 8.111000000000000432e-01 7.711000000000000076e-01 7.987999999999999545e-01
7.070999999999999508e-01 7.052000000000000490e-01 7.240999999999999659e-01 6.989999999999999547e-01
6.337000000000000410e-01 6.127000000000000224e-01 6.444999999999999618e-01 6.924000000000000155e-01
5.959999999999999742e-01 6.117000000000000215e-01 5.782000000000000473e-01 5.734000000000000208e-01
5.151999999999999913e-01 5.379000000000000448e-01 5.402000000000000135e-01 5.225999999999999535e-01
4.814999999999999836e-01 4.521999999999999909e-01 4.611999999999999988e-01 5.066000000000000503e-01
4.091000000000000192e-01 4.399000000000000132e-01 4.154999999999999805e-01 3.857999999999999763e-01
4.023999999999999799e-01 4.025000000000000244e-01 4.364999999999999991e-01 3.788000000000000256e-01
3.649000000000000021e-01 3.872999999999999776e-01 3.313999999999999724e-01 3.417000000000000037e-01
3.034000000000000030e-01 3.239000000000000212e-01 3.306000000000000050e-01 3.427000000000000046e-01
2.659000000000000252e-01 2.752000000000000002e-01 3.383999999999999786e-01 2.944999999999999840e-01
2.692999999999999838e-01 2.607999999999999763e-01 2.698999999999999733e-01 2.530999999999999917e-01
2.207999999999999963e-01 2.326999999999999902e-01 2.559000000000000163e-01 2.318999999999999950e-01
2.225999999999999923e-01 1.955999999999999961e-01 2.091000000000000081e-01 2.308000000000000052e-01
1.912000000000000088e-01 1.950999999999999956e-01 1.761000000000000065e-01 1.519999999999999962e-01
1.605000000000000038e-01 1.754000000000000004e-01 1.559999999999999998e-01 1.544999999999999984e-01
1.328999999999999904e-01 1.632000000000000117e-01 1.701999999999999902e-01 1.517999999999999905e-01
1.246000000000000024e-01 1.648999999999999910e-01 1.323000000000000009e-01 1.254000000000000115e-01
1.199999999999999956e-01 1.228999999999999954e-01 1.049999999999999961e-01 1.170000000000000068e-01
1.255999999999999894e-01 1.229999999999999982e-01 9.819999999999999563e-02 1.188000000000000028e-01
9.349999999999999978e-02 9.279999999999999361e-02 1.084999999999999992e-01 9.589999999999999913e-02
8.930000000000000437e-02 9.800000000000000377e-02 9.610000000000000486e-02 1.079999999999999988e-01
7.520000000000000295e-02 8.509999999999999509e-02 8.770000000000000018e-02 7.620000000000000384e-02
7.449999999999999678e-02 6.869999999999999718e-02 5.689999999999999919e-02 7.939999999999999836e-02
7.000000000000000666e-02 6.850000000000000533e-02 6.539999999999999980e-02 6.110000000000000153e-02
6.289999999999999758e-02 6.569999999999999452e-02 7.330000000000000404e-02 7.049999999999999323e-02
5.369999999999999774e-02 6.439999999999999891e-02 5.650000000000000161e-02 5.890000000000000097e-02
4.630000000000000088e-02 5.199999999999999761e-02 4.499999999999999833e-02 4.399999999999999745e-02
