9.402940294029402679e-01 8.892889288928892411e-01 8.526852685268526688e-01 9.444944494449445394e-01 9.048904890489049002e-01 8.658865886588659189e-01 9.447944794479448127e-01 9.060906090609061048e-01 8.712871287128712838e-01 9.411941194119411991e-01 8.919891989198920346e-01 8.511851185118511909e-01
8.580858085808580338e-01 7.473747374737473859e-01 6.597659765976597868e-01 8.619861986198620318e-01 7.560756075607560911e-01 6.495649564956496036e-01 8.811881188118811936e-01 7.779777977797779354e-01 7.077707770777077467e-01 8.778877887788778533e-01 7.767776777677767308e-01 6.858685868586859025e-01
7.911791179117911854e-01 6.489648964896489458e-01 5.226522652265226387e-01 8.085808580858085959e-01 6.666666666666666297e-01 5.544554455445545038e-01 7.638763876387638652e-01 6.075607560756075554e-01 4.905490549054905558e-01 7.971797179717972082e-01 6.363636363636363535e-01 5.361536153615361622e-01
7.113711371137113604e-01 5.010501050105010679e-01 3.600360036003600328e-01 7.134713471347134961e-01 5.331533153315332063e-01 3.720372037203720228e-01 7.188718871887188611e-01 5.118511851185117978e-01 3.873387338733873531e-01 6.915691569156915408e-01 5.079507950795079108e-01 3.606360636063606351e-01
6.315631563156315353e-01 4.101410141014101285e-01 2.739273927392739116e-01 6.147614761476147827e-01 3.921392139213921157e-01 2.277227722772277307e-01 6.549654965496549686e-01 4.407440744074407335e-01 2.994299429942994251e-01 6.837683768376837667e-01 4.941494149414941695e-01 3.528352835283528610e-01
6.036603660366036683e-01 3.663366336633663289e-01 2.343234323432343280e-01 6.081608160816082131e-01 3.741374137413741585e-01 2.478247824782478237e-01 5.748574857485748701e-01 3.345334533453345194e-01 2.154215421542154119e-01 5.679567956795679162e-01 3.474347434743474405e-01 2.106210621062106214e-01
5.406540654065407070e-01 2.787278727872787298e-01 1.635163516351635093e-01 5.418541854185418005e-01 3.159315931593159044e-01 1.608160816081608269e-01 5.520552055205520947e-01 3.039303930393039144e-01 1.710171017101710100e-01 5.511551155115511635e-01 2.853285328532853549e-01 1.548154815481548041e-01
4.764476447644764301e-01 2.409240924092409253e-01 1.227122712271227073e-01 4.584458445844584729e-01 2.250225022502250205e-01 1.098109810981098139e-01 4.515451545154515189e-01 2.193219321932193266e-01 1.029102910291029155e-01 5.007500750075007945e-01 2.652265226522652064e-01 1.275127512751275116e-01
4.206420642064206405e-01 1.740174017401740214e-01 7.350735073507350115e-02 4.203420342034203672e-01 1.872187218721872159e-01 9.540954095409541480e-02 4.290429042904290169e-01 1.902190219021902273e-01 8.610861086108610729e-02 3.942394239423942515e-01 1.653165316531653162e-01 7.140714071407140706e-02
3.942394239423942515e-01 1.797179717971797153e-01 7.320732073207321389e-02 4.047404740474047635e-01 1.767176717671767039e-01 7.860786078607860661e-02 4.401440144014401312e-01 2.076207620762076100e-01 1.023102310231023132e-01 3.909390939093909667e-01 1.566156615661566109e-01 6.600660066006600046e-02
3.705370537053705449e-01 1.515151515151515194e-01 6.900690069006901184e-02 3.816381638163816592e-01 1.602160216021602246e-01 5.430543054305430467e-02 3.384338433843384064e-01 1.116111611161116068e-01 5.190519051905190251e-02 3.399339933993399399e-01 1.155115511551155077e-01 4.590459045904590751e-02
3.141314131413141530e-01 1.029102910291029155e-01 3.420342034203420478e-02 3.369336933693369285e-01 1.239123912391239118e-01 3.780378037803780455e-02 3.213321332133213248e-01 1.158115811581158089e-01 4.440444044404440183e-02 3.426342634263426223e-01 1.272127212721272105e-01 4.260426042604260194e-02
2.580258025802580346e-01 8.160816081608160411e-02 2.130213021302130097e-02 2.682268226822682178e-01 8.670867086708670957e-02 2.280228022802280319e-02 3.549354935493549412e-01 1.275127512751275116e-01 5.220522052205220365e-02 2.904290429042904464e-01 1.074107410741074048e-01 3.360336033603360251e-02
2.859285928592859016e-01 8.850885088508850251e-02 2.250225022502250205e-02 2.661266126612661376e-01 6.930693069306931298e-02 1.800180018001800233e-02 2.673267326732673421e-01 8.820882088208821525e-02 2.790279027902790171e-02 2.607260726072607171e-01 7.170717071707170820e-02 2.010201020102010336e-02
2.193219321932193266e-01 5.430543054305430467e-02 1.650165016501650012e-02 2.301230123012301121e-01 6.120612061206120308e-02 1.770177017701770120e-02 2.556255625562556255e-01 7.410741074107410342e-02 1.830183018301830347e-02 2.262226222622262251e-01 6.300630063006300297e-02 1.830183018301830347e-02
2.397239723972397207e-01 5.790579057905790444e-02 2.070207020702070216e-02 1.974197419741974269e-01 4.380438043804380649e-02 1.320132013201320148e-02 2.133213321332133316e-01 4.290429042904290308e-02 1.020102010201020051e-02 2.253225322532253216e-01 5.310531053105310706e-02 1.740174017401740006e-02
1.962196219621962223e-01 4.770477047704770740e-02 1.380138013801380202e-02 1.839183918391839312e-01 3.630363036303630581e-02 9.600960096009601707e-03 1.824182418241824255e-01 3.870387038703870103e-02 1.200120012001200040e-02 1.608160816081608269e-01 2.970297029702970160e-02 6.900690069006901010e-03
1.551155115511551053e-01 3.240324032403240490e-02 6.000600060006000200e-03 1.782178217821782096e-01 4.230423042304230080e-02 7.500750075007500683e-03 1.683168316831683275e-01 2.400240024002400080e-02 5.400540054005400527e-03 1.473147314731473034e-01 2.400240024002400080e-02 6.000600060006000200e-03
1.290129012901290173e-01 1.590159015901590131e-02 3.900390039003900477e-03 1.626162616261626059e-01 2.790279027902790171e-02 8.100810081008101224e-03 1.737173717371737203e-01 2.730273027302730290e-02 8.400840084008400627e-03 1.497149714971497125e-01 2.820282028202820285e-02 6.600660066006600740e-03
1.302130213021302219e-01 2.130213021302130097e-02 4.500450045004500584e-03 1.719171917191719134e-01 3.720372037203720228e-02 9.600960096009601707e-03 1.341134113411341089e-01 2.070207020702070216e-02 4.200420042004200313e-03 1.242124212421242130e-01 1.470147014701470196e-02 4.200420042004200313e-03
1.335133513351335066e-01 2.100210021002100330e-02 4.500450045004500584e-03 1.230123012301230084e-01 1.650165016501650012e-02 3.600360036003600207e-03 9.450945094509451139e-02 1.140114011401140159e-02 1.800180018001800103e-03 1.215121512151215166e-01 1.770177017701770120e-02 4.200420042004200313e-03
1.305130513051305230e-01 2.100210021002100330e-02 5.700570057005700797e-03 1.215121512151215166e-01 1.620162016201620245e-02 5.400540054005400527e-03 9.510951095109511366e-02 9.600960096009601707e-03 3.000300030003000100e-03 1.203120312031203121e-01 1.920192019201920341e-02 5.400540054005400527e-03
8.730873087308731184e-02 1.170117011701170100e-02 3.000300030003000100e-03 9.450945094509451139e-02 8.400840084008400627e-03 2.700270027002700263e-03 1.116111611161116068e-01 9.300930093009300570e-03 3.300330033003300370e-03 9.450945094509451139e-02 1.110111011101110046e-02 2.700270027002700263e-03
9.150915091509151389e-02 1.110111011101110046e-02 9.000900090009000517e-04 9.390939093909390911e-02 1.680168016801680125e-02 2.700270027002700263e-03 9.960996099609961685e-02 1.380138013801380202e-02 1.200120012001200213e-03 1.059105910591059130e-01 1.530153015301530077e-02 7.500750075007500683e-03
6.810681068106810843e-02 5.100510051005100257e-03 1.200120012001200213e-03 8.610861086108610729e-02 9.000900090009001167e-03 1.800180018001800103e-03 8.730873087308731184e-02 8.700870087008700030e-03 2.700270027002700263e-03 7.290729072907291275e-02 7.800780078007800954e-03 2.100210021002100157e-03
7.980798079807981116e-02 8.400840084008400627e-03 6.000600060006001067e-04 8.010801080108011230e-02 8.700870087008700030e-03 9.000900090009000517e-04 5.100510051005100604e-02 5.100510051005100257e-03 1.200120012001200213e-03 7.890789078907890775e-02 6.900690069006901010e-03 1.500150015001500050e-03
6.270627062706270183e-02 6.000600060006000200e-03 2.100210021002100157e-03 7.110711071107110592e-02 6.600660066006600740e-03 2.700270027002700263e-03 6.480648064806480979e-02 6.000600060006000200e-03 2.700270027002700263e-03 5.820582058205820558e-02 7.500750075007500683e-03 6.000600060006001067e-04
7.470747074707470570e-02 6.600660066006600740e-03 3.300330033003300370e-03 6.450645064506450865e-02 4.800480048004800854e-03 1.200120012001200213e-03 6.120612061206120308e-02 6.000600060006000200e-03 1.200120012001200213e-03 7.140714071407140706e-02 5.700570057005700797e-03 3.000300030003000100e-03
5.220522052205220365e-02 3.900390039003900477e-03 2.400240024002400427e-03 7.080708070807080479e-02 5.100510051005100257e-03 1.500150015001500050e-03 5.370537053705370240e-02 6.600660066006600740e-03 2.100210021002100157e-03 5.700570057005700797e-02 3.300330033003300370e-03 1.200120012001200213e-03
4.620462046204620171e-02 3.300330033003300370e-03 6.000600060006001067e-04 4.950495049504950729e-02 3.600360036003600207e-03 9.000900090009000517e-04 4.110411041104110319e-02 2.400240024002400427e-03 1.500150015001500050e-03 5.250525052505250478e-02 3.600360036003600207e-03 1.200120012001200213e-03
