1.005700570057005638e+00 9.846984698469837261e-01 9.873987398739865196e-01 9.987998799879972411e-01
9.918991899189906203e-01 9.672967296729664266e-01 1.017401740174016078e+00 9.891989198919884929e-01
9.492949294929491355e-01 9.801980198019796253e-01 9.594959495949582085e-01 1.018601860186018726e+00
9.909990999099905773e-01 9.129912991299127256e-01 1.008400840084007877e+00 9.114911491149111367e-01
9.381938193819377991e-01 8.955895589558954262e-01 9.420942094209420192e-01 9.216921692169217639e-01
9.462946294629462907e-01 9.498949894989500153e-01 9.363936393639364919e-01 8.721872187218723260e-01
9.492949294929494686e-01 8.385838583858384876e-01 9.153915391539156898e-01 9.522952295229525355e-01
8.292829282928293466e-01 8.100810081008100738e-01 7.995799579957992842e-01 8.340834083408339428e-01
8.133813381338134141e-01 7.947794779477950211e-01 8.025802580258031282e-01 7.581758175817581158e-01
7.167716771677166143e-01 7.626762676267626606e-01 7.998799879988001127e-01 7.689768976897692898e-01
7.260726072607261994e-01 7.185718571857190318e-01 7.323732373237324955e-01 7.191719171917195785e-01
6.678667866786681673e-01 6.768676867686769238e-01 6.609660966096612134e-01 6.888688868886889693e-01
5.505550555055507278e-01 5.673567356735674805e-01 7.344734473447348533e-01 5.826582658265830883e-01
6.147614761476148937e-01 6.084608460846089306e-01 5.652565256525653448e-01 5.871587158715875221e-01
5.115511551155118575e-01 5.244524452445245011e-01 5.628562856285631577e-01 5.079507950795083548e-01
5.661566156615666090e-01 4.740474047404744096e-01 5.214521452145219893e-01 5.340534053405344705e-01
4.593459345934594595e-01 4.524452445244525611e-01 4.431443144314434202e-01 4.002400240024004963e-01
3.741374137413743250e-01 4.152415241524154976e-01 4.383438343834387130e-01 3.759375937593762984e-01
3.432343234323434467e-01 4.122412241224124863e-01 4.476447644764479095e-01 3.711371137113714247e-01
3.312331233123314567e-01 4.137413741374138532e-01 3.444344434443447622e-01 3.327332733273329346e-01
3.420342034203421866e-01 3.231323132313232982e-01 2.511251125112511362e-01 3.156315631563159085e-01
3.342334233423345236e-01 3.213321332133215469e-01 2.595259525952597901e-01 3.087308730873088436e-01
2.298229822982299497e-01 2.610261026102613235e-01 3.102310231023104325e-01 2.529252925292531096e-01
2.421242124212422686e-01 2.340234023402341101e-01 2.586258625862588034e-01 2.793279327932795542e-01
1.902190219021903939e-01 2.331233123312333178e-01 2.385238523852385994e-01 1.974197419741976489e-01
2.148214821482150039e-01 2.151215121512153050e-01 1.389138913891389826e-01 2.175217521752176308e-01
1.722172217221723256e-01 1.962196219621963889e-01 1.791179117911792795e-01 1.527152715271528072e-01
2.076207620762077488e-01 1.803180318031805118e-01 1.668166816681669051e-01 2.001200120012003314e-01
1.473147314731474145e-01 1.986198619861987702e-01 1.434143414341435274e-01 1.623162316231624158e-01
1.293129312931293740e-01 1.386138613861386815e-01 1.176117611761176851e-01 1.479147914791480167e-01
