3.855385538553855462e-01 3.735373537353735562e-01 3.396339633963396110e-01 7.869786978697870250e-01 7.536753675367536820e-01 6.828682868286828356e-01 3.849384938493849440e-01 3.627362736273627153e-01 3.306330633063306323e-01 3.423342334233423490e-01 3.078307830783078569e-01 2.919291929192919244e-01
3.042304230423042433e-01 2.751275127512751162e-01 2.418241824182418287e-01 2.832283228322832191e-01 2.337233723372337257e-01 2.019201920192019162e-01 2.973297329732973449e-01 2.367236723672367371e-01 2.118211821182118260e-01 9.480948094809481252e-02 7.740774077407740206e-02 7.170717071707170820e-02
2.652265226522652064e-01 2.172217221722172187e-01 1.752175217521752260e-01 1.383138313831383248e-01 1.113111311131113057e-01 8.370837083708371207e-02 2.685268526852685467e-01 2.034203420342034219e-01 1.794179417941794141e-01 2.646264626462646041e-01 2.157215721572157130e-01 1.854185418541854091e-01
1.425142514251425130e-01 9.630963096309630433e-02 8.250825082508250752e-02 8.010801080108011230e-02 6.630663066306630160e-02 4.350435043504350535e-02 1.266126612661266082e-01 9.150915091509151389e-02 6.960696069606960024e-02 1.302130213021302219e-01 9.810981098109811116e-02 7.140714071407140706e-02
2.262226222622262251e-01 1.389138913891389271e-01 1.125112511251125103e-01 1.164116411641164112e-01 8.910891089108910479e-02 6.240624062406240763e-02 3.360336033603360251e-02 2.220222022202220091e-02 2.370237023702370313e-02 4.470447044704470296e-02 2.880288028802880165e-02 2.220222022202220091e-02
4.020402040204020672e-02 2.280228022802280319e-02 1.440144014401440083e-02 3.330333033303330137e-02 2.460246024602460307e-02 2.220222022202220091e-02 4.020402040204020672e-02 2.730273027302730290e-02 1.950195019501950108e-02 1.191119111911191075e-01 7.230723072307231047e-02 5.550555055505550228e-02
2.340234023402340199e-02 1.290129012901290208e-02 1.260126012601260094e-02 1.071107110711071175e-01 6.330633063306330410e-02 3.990399039903990558e-02 1.851185118511851080e-01 9.750975097509750888e-02 5.430543054305430467e-02 4.560456045604560638e-02 3.180318031803180262e-02 2.280228022802280319e-02
2.280228022802280319e-02 8.700870087008700030e-03 9.300930093009300570e-03 1.620162016201620245e-02 1.260126012601260094e-02 8.100810081008101224e-03 1.770177017701770120e-02 9.900990099009901110e-03 7.200720072007200413e-03 4.980498049804980842e-02 3.060306030603060154e-02 2.130213021302130097e-02
2.880288028802880165e-02 1.740174017401740006e-02 1.200120012001200040e-02 1.470147014701470196e-02 9.300930093009300570e-03 8.400840084008400627e-03 3.330333033303330137e-02 1.980198019801980222e-02 1.350135013501350088e-02 1.740174017401740006e-02 1.500150015001500137e-02 9.000900090009001167e-03
2.970297029702970160e-02 1.740174017401740006e-02 1.500150015001500137e-02 5.250525052505250478e-02 3.300330033003300023e-02 2.040204020402040103e-02 7.770777077707770319e-02 3.450345034503450592e-02 2.310231023102310086e-02 7.350735073507350115e-02 3.990399039903990558e-02 2.550255025502550302e-02
4.380438043804380649e-02 2.940294029402940393e-02 1.620162016201620245e-02 6.270627062706270183e-02 3.300330033003300023e-02 1.830183018301830347e-02 5.880588058805880786e-02 2.820282028202820285e-02 1.650165016501650012e-02 3.750375037503750342e-02 1.410141014101410142e-02 7.800780078007800954e-03
2.910291029102910279e-02 1.920192019201920341e-02 1.500150015001500137e-02 6.300630063006300470e-03 6.900690069006901010e-03 2.700270027002700263e-03 2.370237023702370313e-02 2.190219021902190324e-02 1.410141014101410142e-02 1.290129012901290208e-02 6.900690069006901010e-03 8.400840084008400627e-03
1.320132013201320148e-02 7.500750075007500683e-03 4.500450045004500584e-03 3.960396039603960444e-02 2.490249024902490421e-02 1.380138013801380202e-02 4.050405040504050092e-02 2.640264026402640296e-02 1.530153015301530077e-02 1.110111011101110046e-02 4.200420042004200313e-03 5.700570057005700797e-03
2.430243024302430194e-02 1.380138013801380202e-02 7.200720072007200413e-03 1.290129012901290208e-02 1.470147014701470196e-02 1.050105010501050165e-02 5.700570057005700797e-03 6.300630063006300470e-03 3.900390039003900477e-03 1.050105010501050165e-02 7.500750075007500683e-03 6.300630063006300470e-03
1.140114011401140159e-02 1.080108010801080105e-02 6.600660066006600740e-03 1.380138013801380202e-02 8.400840084008400627e-03 6.600660066006600740e-03 6.000600060006000200e-03 5.700570057005700797e-03 3.300330033003300370e-03 1.380138013801380202e-02 1.380138013801380202e-02 1.050105010501050165e-02
8.400840084008400627e-03 3.600360036003600207e-03 4.500450045004500584e-03 3.300330033003300023e-02 1.890189018901890228e-02 1.320132013201320148e-02 2.940294029402940393e-02 1.530153015301530077e-02 1.290129012901290208e-02 6.600660066006600740e-03 5.700570057005700797e-03 4.200420042004200313e-03
1.590159015901590131e-02 1.020102010201020051e-02 1.320132013201320148e-02 1.020102010201020051e-02 6.600660066006600740e-03 4.800480048004800854e-03 3.900390039003900477e-03 3.900390039003900477e-03 6.900690069006901010e-03 1.590159015901590131e-02 1.320132013201320148e-02 1.170117011701170100e-02
4.200420042004200313e-03 4.500450045004500584e-03 1.500150015001500050e-03 4.800480048004800854e-03 6.000600060006000200e-03 3.900390039003900477e-03 1.260126012601260094e-02 1.410141014101410142e-02 1.080108010801080105e-02 7.200720072007200413e-03 5.100510051005100257e-03 3.900390039003900477e-03
4.800480048004800854e-03 3.900390039003900477e-03 4.800480048004800854e-03 1.680168016801680125e-02 1.350135013501350088e-02 1.440144014401440083e-02 1.620162016201620245e-02 1.290129012901290208e-02 1.200120012001200040e-02 6.000600060006000200e-03 1.800180018001800103e-03 3.600360036003600207e-03
3.900390039003900477e-03 6.300630063006300470e-03 6.000600060006000200e-03 1.650165016501650012e-02 1.620162016201620245e-02 1.080108010801080105e-02 1.740174017401740006e-02 1.260126012601260094e-02 9.300930093009300570e-03 1.110111011101110046e-02 1.200120012001200040e-02 8.700870087008700030e-03
1.440144014401440083e-02 1.200120012001200040e-02 1.140114011401140159e-02 5.100510051005100257e-03 5.100510051005100257e-03 4.800480048004800854e-03 1.800180018001800233e-02 1.170117011701170100e-02 1.260126012601260094e-02 1.650165016501650012e-02 9.600960096009601707e-03 1.050105010501050165e-02
1.140114011401140159e-02 9.000900090009001167e-03 1.200120012001200040e-02 5.700570057005700797e-03 4.800480048004800854e-03 4.500450045004500584e-03 3.000300030003000100e-03 2.700270027002700263e-03 2.100210021002100157e-03 1.170117011701170100e-02 4.800480048004800854e-03 3.900390039003900477e-03
3.900390039003900477e-03 3.900390039003900477e-03 3.900390039003900477e-03 3.900390039003900477e-03 4.800480048004800854e-03 4.500450045004500584e-03 3.900390039003900477e-03 6.600660066006600740e-03 7.500750075007500683e-03 1.830183018301830347e-02 1.350135013501350088e-02 1.080108010801080105e-02
1.470147014701470196e-02 9.600960096009601707e-03 1.050105010501050165e-02 3.900390039003900477e-03 5.100510051005100257e-03 4.200420042004200313e-03 1.680168016801680125e-02 1.710171017101710239e-02 1.350135013501350088e-02 1.380138013801380202e-02 1.290129012901290208e-02 1.140114011401140159e-02
3.900390039003900477e-03 3.000300030003000100e-03 2.700270027002700263e-03 4.500450045004500584e-03 4.800480048004800854e-03 3.300330033003300370e-03 4.800480048004800854e-03 3.000300030003000100e-03 4.500450045004500584e-03 4.200420042004200313e-03 4.500450045004500584e-03 3.600360036003600207e-03
2.700270027002700263e-03 4.200420042004200313e-03 3.300330033003300370e-03 5.100510051005100257e-03 5.700570057005700797e-03 6.300630063006300470e-03 6.000600060006000200e-03 4.200420042004200313e-03 4.500450045004500584e-03 9.300930093009300570e-03 1.020102010201020051e-02 1.260126012601260094e-02
3.000300030003000100e-03 4.800480048004800854e-03 3.600360036003600207e-03 1.410141014101410142e-02 9.000900090009001167e-03 1.260126012601260094e-02 4.200420042004200313e-03 4.500450045004500584e-03 4.500450045004500584e-03 5.100510051005100257e-03 5.400540054005400527e-03 3.600360036003600207e-03
1.800180018001800233e-02 1.350135013501350088e-02 1.110111011101110046e-02 1.140114011401140159e-02 1.230123012301230154e-02 1.230123012301230154e-02 4.500450045004500584e-03 4.800480048004800854e-03 4.200420042004200313e-03 4.500450045004500584e-03 3.900390039003900477e-03 5.400540054005400527e-03
1.470147014701470196e-02 1.200120012001200040e-02 9.900990099009901110e-03 3.000300030003000100e-03 2.700270027002700263e-03 2.700270027002700263e-03 1.230123012301230154e-02 1.200120012001200040e-02 1.230123012301230154e-02 1.410141014101410142e-02 1.410141014101410142e-02 9.900990099009901110e-03
7.800780078007800954e-03 6.900690069006901010e-03 3.900390039003900477e-03 1.500150015001500137e-02 1.500150015001500137e-02 1.290129012901290208e-02 2.700270027002700263e-03 3.300330033003300370e-03 3.000300030003000100e-03 8.700870087008700030e-03 1.050105010501050165e-02 1.200120012001200040e-02
3.900390039003900477e-03 4.500450045004500584e-03 4.500450045004500584e-03 1.470147014701470196e-02 1.140114011401140159e-02 1.320132013201320148e-02 1.290129012901290208e-02 1.140114011401140159e-02 1.290129012901290208e-02 5.700570057005700797e-03 6.600660066006600740e-03 2.700270027002700263e-03
1.410141014101410142e-02 1.260126012601260094e-02 8.100810081008101224e-03 8.100810081008101224e-03 1.320132013201320148e-02 1.140114011401140159e-02 5.700570057005700797e-03 5.700570057005700797e-03 4.500450045004500584e-03 4.500450045004500584e-03 1.800180018001800103e-03 2.400240024002400427e-03
4.200420042004200313e-03 3.900390039003900477e-03 3.900390039003900477e-03 1.320132013201320148e-02 1.020102010201020051e-02 1.200120012001200040e-02 1.380138013801380202e-02 1.290129012901290208e-02 9.600960096009601707e-03 4.200420042004200313e-03 5.700570057005700797e-03 4.800480048004800854e-03
1.320132013201320148e-02 1.080108010801080105e-02 9.300930093009300570e-03 1.320132013201320148e-02 1.230123012301230154e-02 1.410141014101410142e-02 2.400240024002400427e-03 4.500450045004500584e-03 4.800480048004800854e-03 1.170117011701170100e-02 1.410141014101410142e-02 1.170117011701170100e-02
1.080108010801080105e-02 1.080108010801080105e-02 1.290129012901290208e-02 2.100210021002100157e-03 3.000300030003000100e-03 2.100210021002100157e-03 1.080108010801080105e-02 1.230123012301230154e-02 9.000900090009001167e-03 6.000600060006000200e-03 4.800480048004800854e-03 3.000300030003000100e-03
