3.962999999999999856e-01 7.926999999999999602e-01 3.865999999999999992e-01 3.199000000000000177e-01
3.058000000000000163e-01 2.826000000000000179e-01 2.874999999999999778e-01 9.439999999999999780e-02
2.645000000000000129e-01 1.429999999999999882e-01 2.708999999999999742e-01 2.604000000000000203e-01
1.376000000000000001e-01 7.910000000000000364e-02 1.252999999999999947e-01 1.269000000000000128e-01
2.199000000000000121e-01 1.224999999999999978e-01 3.699999999999999817e-02 3.790000000000000313e-02
3.860000000000000236e-02 3.509999999999999926e-02 3.860000000000000236e-02 1.132999999999999979e-01
1.739999999999999880e-02 9.500000000000000111e-02 1.756000000000000061e-01 5.059999999999999915e-02
1.549999999999999989e-02 1.700000000000000122e-02 1.609999999999999973e-02 5.220000000000000334e-02
2.500000000000000139e-02 1.650000000000000078e-02 2.910000000000000087e-02 1.949999999999999997e-02
2.769999999999999893e-02 4.580000000000000043e-02 7.389999999999999347e-02 7.169999999999999984e-02
4.739999999999999769e-02 5.510000000000000314e-02 6.710000000000000686e-02 3.749999999999999861e-02
3.409999999999999837e-02 6.199999999999999782e-03 2.850000000000000103e-02 1.359999999999999924e-02
1.220000000000000077e-02 3.300000000000000155e-02 3.849999999999999950e-02 7.900000000000000772e-03
2.210000000000000159e-02 1.580000000000000154e-02 6.400000000000000307e-03 1.000000000000000021e-02
1.260000000000000009e-02 1.340000000000000045e-02 7.799999999999999642e-03 1.660000000000000017e-02
9.900000000000000813e-03 2.900000000000000147e-02 2.309999999999999901e-02 5.400000000000000286e-03
1.799999999999999864e-02 1.009999999999999960e-02 5.499999999999999681e-03 1.529999999999999936e-02
3.000000000000000062e-03 5.400000000000000286e-03 1.200000000000000025e-02 6.199999999999999782e-03
5.499999999999999681e-03 1.980000000000000163e-02 1.590000000000000094e-02 5.400000000000000286e-03
6.400000000000000307e-03 1.629999999999999852e-02 1.400000000000000029e-02 1.839999999999999969e-02
1.370000000000000037e-02 5.100000000000000366e-03 2.189999999999999933e-02 1.170000000000000033e-02
1.129999999999999928e-02 5.000000000000000104e-03 5.300000000000000024e-03 8.999999999999999320e-03
4.199999999999999740e-03 6.000000000000000125e-03 5.799999999999999600e-03 1.450000000000000074e-02
1.469999999999999953e-02 3.599999999999999901e-03 2.170000000000000054e-02 1.069999999999999944e-02
4.599999999999999922e-03 3.899999999999999821e-03 3.299999999999999982e-03 4.599999999999999922e-03
4.000000000000000083e-03 4.300000000000000003e-03 6.000000000000000125e-03 1.140000000000000041e-02
4.599999999999999922e-03 1.140000000000000041e-02 4.100000000000000346e-03 3.500000000000000073e-03
1.569999999999999868e-02 1.140000000000000041e-02 2.899999999999999800e-03 3.700000000000000164e-03
1.430000000000000021e-02 4.100000000000000346e-03 1.370000000000000037e-02 1.400000000000000029e-02
5.300000000000000024e-03 2.009999999999999981e-02 4.000000000000000083e-03 1.170000000000000033e-02
4.700000000000000185e-03 1.179999999999999973e-02 1.269999999999999948e-02 5.899999999999999863e-03
1.260000000000000009e-02 1.260000000000000009e-02 4.199999999999999740e-03 3.799999999999999992e-03
4.700000000000000185e-03 1.349999999999999985e-02 1.009999999999999960e-02 4.799999999999999580e-03
1.110000000000000049e-02 1.190000000000000085e-02 3.299999999999999982e-03 1.159999999999999920e-02
1.260000000000000009e-02 4.899999999999999842e-03 1.030000000000000013e-02 3.000000000000000062e-03
