3.756375637563753589e-01 7.827782778277828646e-01 3.972397239723968743e-01 3.954395439543953450e-01
3.291329132913290434e-01 3.504350435043503964e-01 3.936393639363936492e-01 1.239123912391239535e-01
3.192319231923189116e-01 1.647164716471647139e-01 3.747374737473749273e-01 3.321332133213318882e-01
2.211221122112211890e-01 8.490849084908481947e-02 1.749174917491749526e-01 1.677167716771678085e-01
3.744374437443745429e-01 1.443144314431443198e-01 5.790579057905799465e-02 6.990699069906995688e-02
6.660666066606665825e-02 4.830483048304828886e-02 5.820582058205827497e-02 1.959195919591960044e-01
4.410441044104413538e-02 1.713171317131713389e-01 3.171317131713173310e-01 6.420642064206422139e-02
5.160516051605169158e-02 1.890189018901889187e-02 3.060306030603060848e-02 7.890789078907894938e-02
4.620462046204622947e-02 2.460246024602461695e-02 5.400540054005404517e-02 1.620162016201617122e-02
5.190519051905195108e-02 7.890789078907897713e-02 1.527152715271528627e-01 1.263126312631263071e-01
5.940594059405943095e-02 1.074107410741074464e-01 1.083108310831083915e-01 7.800780078007811535e-02
4.470447044704473072e-02 9.000900090008627551e-04 1.950195019501948721e-02 2.640264026402643072e-02
2.160216021602160905e-02 5.790579057905794608e-02 5.760576057605758943e-02 2.640264026402643766e-02
3.870387038703870103e-02 5.100510051005055154e-03 2.100210021002085412e-03 1.530153015301531638e-02
8.400840084008367667e-03 2.280228022802282054e-02 4.200420042004180364e-03 1.050105010501048430e-02
1.890189018901891962e-02 5.550555055505554392e-02 5.520552055205527747e-02 6.900690069006894072e-03
3.030303030303032469e-02 1.560156015601560017e-02 6.900690069006917490e-03 1.980198019801979875e-02
6.000600060005782058e-04 3.000300030002846035e-04 6.300630063006269245e-03 1.020102010201020745e-02
7.500750075007501551e-03 2.430243024302430194e-02 2.190219021902190324e-02 1.620162016201622673e-02
-1.200120012001220596e-03 1.170117011701166630e-02 2.370237023702368578e-02 6.000600060005975046e-03
1.860186018601860808e-02 4.800480048004799986e-03 3.150315031503154312e-02 3.120312031203122810e-02
1.920192019201922423e-02 7.200720072007197811e-03 3.000300030002995329e-03 2.460246024602463430e-02
3.900390039003900477e-03 1.800180018001785141e-03 -6.000600060006143098e-04 2.520252025202521576e-02
2.580258025802583538e-02 6.000600060005881805e-04 1.260126012601258012e-02 1.410141014101409622e-02
5.400540054005404864e-03 2.400240024002389151e-03 9.900990099009914988e-03 2.700270027002693758e-03
-1.200120012001213441e-03 4.500450045004491043e-03 9.900990099009911519e-03 9.900990099009901110e-03
-1.800180018001823739e-03 2.790279027902793987e-02 3.600360036003594135e-03 2.700270027002681615e-03
2.460246024602459960e-02 9.600960096009591299e-03 3.300330033003289094e-03 7.200720072007209087e-03
1.800180018001801274e-02 3.600360036003600640e-03 1.320132013201318934e-02 9.900990099009871620e-03
6.600660066006581658e-03 1.290129012901287953e-02 1.200120012001195877e-03 6.600660066006582526e-03
2.700270027002694626e-03 2.310231023102311820e-02 1.740174017401741047e-02 -1.802777518484591232e-17
1.260126012601258012e-02 -3.900390039003939074e-03 4.500450045004491043e-03 1.050105010501051900e-02
4.800480048004796517e-03 2.100210021002102065e-02 1.230123012301228072e-02 3.000300030002835735e-04
1.650165016501649665e-02 1.680168016801681166e-02 -1.500150015001514145e-03 4.500450045004465889e-03
1.290129012901291249e-02 -6.000600060006102982e-04 4.500450045004465022e-03 6.600660066006587730e-03
