9.333933393339334250e-01 9.240924092409240620e-01 9.021902190219022177e-01 9.390939093909390634e-01 9.204920492049204483e-01 8.955895589558955372e-01 9.561956195619562004e-01 9.345934593459346296e-01 9.129912991299129477e-01 9.573957395739574050e-01 9.321932193219322205e-01 9.150915091509150834e-01
9.159915991599160145e-01 8.598859885988598961e-01 8.277827782778277577e-01 8.967896789678967417e-01 8.400840084008400765e-01 8.004800480048004374e-01 8.928892889288928547e-01 8.310831083108310979e-01 7.941794179417941413e-01 9.081908190819082405e-01 8.529852985298529422e-01 8.037803780378037777e-01
8.745874587458746241e-01 7.947794779477947991e-01 7.407740774077408163e-01 8.778877887788778533e-01 8.055805580558055290e-01 7.620762076207621138e-01 8.742874287428742397e-01 8.136813681368136875e-01 7.551755175517551599e-01 8.700870087008700793e-01 7.974797479747974815e-01 7.320732073207321111e-01
8.478847884788478506e-01 7.473747374737473859e-01 6.753675367536753349e-01 8.532853285328533266e-01 7.509750975097509995e-01 6.792679267926792219e-01 8.643864386438644409e-01 7.626762676267626606e-01 7.059705970597059954e-01 8.436843684368436902e-01 7.419741974197420209e-01 6.552655265526552419e-01
8.169816981698170277e-01 6.999699969996999727e-01 6.045604560456045995e-01 8.376837683768376674e-01 7.125712571257125649e-01 6.336633663366336711e-01 8.007800780078008218e-01 6.978697869786978369e-01 5.907590759075908027e-01 8.115811581158115517e-01 6.861686168616861758e-01 5.934593459345934852e-01
7.896789678967897075e-01 6.912691269126912674e-01 6.153615361536153294e-01 7.914791479147914588e-01 6.468646864686468101e-01 5.496549654965496856e-01 7.824782478247824802e-01 6.552655265526552419e-01 5.550555055505550506e-01 7.944794479447945257e-01 6.534653465346534906e-01 5.703570357035703253e-01
7.632763276327633184e-01 6.171617161716171918e-01 5.160516051605160692e-01 7.635763576357635918e-01 6.180618061806180119e-01 5.271527152715271836e-01 7.851785178517851627e-01 6.462646264626462633e-01 5.358535853585358888e-01 7.686768676867686834e-01 6.327632763276327399e-01 5.385538553855385713e-01
7.368736873687368183e-01 5.910591059105910761e-01 5.010501050105010679e-01 7.359735973597359981e-01 5.817581758175817130e-01 4.614461446144614287e-01 7.599759975997599781e-01 5.850585058505850533e-01 4.920492049204920337e-01 7.512751275127512729e-01 6.102610261026102378e-01 5.070507050705070906e-01
7.179717971797179299e-01 5.574557455745574597e-01 4.542454245424542569e-01 7.059705970597059954e-01 5.466546654665466187e-01 4.509450945094509722e-01 6.984698469846984947e-01 5.217521752175217076e-01 4.146414641464146178e-01 7.212721272127212702e-01 5.685568556855685740e-01 4.542454245424542569e-01
7.002700270027002460e-01 5.571557155715571863e-01 4.497449744974497676e-01 6.873687368736873804e-01 5.199519951995199563e-01 4.056405640564056392e-01 6.837683768376837667e-01 5.205520552055205030e-01 4.407440744074407335e-01 6.852685268526852447e-01 5.172517251725172738e-01 4.254425442544254587e-01
6.774677467746774706e-01 5.019501950195019990e-01 4.128412841284128665e-01 6.939693969396939499e-01 5.118511851185117978e-01 4.128412841284128665e-01 6.954695469546954278e-01 5.106510651065107043e-01 4.152415241524152201e-01 6.687668766876687654e-01 5.151515151515151381e-01 4.062406240624062415e-01
6.624662466246624692e-01 4.806480648064806460e-01 3.729372937293729540e-01 6.894689468946895161e-01 5.067506750675067062e-01 4.011401140114011499e-01 6.366636663666366269e-01 4.635463546354635644e-01 3.609360936093609085e-01 6.360636063606360802e-01 4.482448244824482342e-01 3.600360036003600328e-01
6.315631563156315353e-01 4.536453645364536547e-01 3.438343834383438269e-01 6.120612061206121002e-01 4.245424542454245276e-01 3.393339333933393376e-01 6.444644464446445120e-01 4.593459345934593485e-01 3.525352535253525321e-01 6.363636363636363535e-01 4.542454245424542569e-01 3.645364536453645221e-01
6.054605460546054196e-01 4.113411341134113330e-01 3.261326132613261430e-01 6.405640564056405140e-01 4.563456345634563371e-01 3.825382538253825349e-01 6.093609360936093067e-01 4.389438943894389267e-01 3.450345034503450314e-01 6.069606960696070086e-01 4.158415841584158223e-01 3.408340834083408155e-01
5.988598859885988501e-01 4.233423342334233230e-01 3.432343234323432246e-01 5.661566156615661649e-01 3.804380438043804546e-01 3.138313831383138242e-01 6.237623762376237613e-01 4.398439843984398578e-01 3.615361536153615107e-01 5.916591659165916228e-01 4.395439543954395289e-01 3.273327332733273476e-01
5.868586858685868046e-01 4.008400840084008210e-01 3.225322532253225294e-01 6.159615961596159872e-01 4.299429942994299481e-01 3.372337233723372574e-01 6.105610561056105112e-01 4.512451245124512456e-01 3.405340534053405421e-01 5.658565856585658915e-01 3.852385238523852173e-01 3.141314131413141530e-01
5.340534053405340265e-01 3.735373537353735562e-01 3.204320432043204492e-01 5.361536153615361622e-01 3.684368436843684091e-01 2.952295229522952091e-01 5.529552955295529149e-01 3.681368136813681358e-01 3.108310831083108128e-01 5.589558955895589376e-01 3.759375937593759653e-01 3.168316831683168355e-01
5.451545154515451408e-01 3.723372337233723517e-01 3.063306330633063235e-01 5.469546954695470031e-01 3.783378337833783189e-01 3.048304830483048455e-01 5.283528352835283881e-01 3.543354335433543389e-01 2.985298529852985494e-01 5.628562856285628246e-01 3.828382838283828637e-01 3.174317431743174378e-01
5.457545754575457986e-01 3.687368736873687380e-01 3.057305730573057212e-01 5.112511251125112510e-01 3.363336333633363262e-01 2.778277827782778542e-01 5.277527752775277303e-01 3.690369036903690114e-01 2.826282628262826169e-01 5.160516051605160692e-01 3.381338133813381330e-01 2.754275427542754451e-01
5.142514251425142069e-01 3.504350435043504519e-01 2.826282628262826169e-01 5.013501350135013412e-01 3.453345334533453603e-01 2.796279627962796055e-01 4.908490849084908292e-01 3.465346534653465094e-01 2.796279627962796055e-01 5.079507950795079108e-01 3.525352535253525321e-01 2.817281728172817412e-01
5.034503450345034770e-01 3.183318331833183135e-01 2.649264926492649330e-01 5.364536453645364356e-01 3.801380138013801258e-01 3.147314731473147553e-01 4.884488448844884756e-01 3.351335133513351217e-01 2.850285028502850260e-01 4.719471947194719408e-01 3.270327032703270187e-01 2.586258625862586369e-01
5.040504050405040237e-01 3.588358835883588283e-01 2.859285928592859016e-01 5.019501950195019990e-01 3.309330933093309057e-01 2.829282928292829458e-01 5.181518151815182049e-01 3.279327932793279499e-01 2.829282928292829458e-01 4.872487248724872710e-01 3.315331533153315080e-01 2.586258625862586369e-01
5.115511551155115244e-01 3.390339033903390087e-01 2.796279627962796055e-01 4.878487848784878733e-01 3.234323432343234050e-01 2.808280828082808100e-01 4.743474347434743499e-01 3.135313531353135508e-01 2.619261926192619216e-01 4.710471047104710651e-01 3.156315631563156310e-01 2.733273327332733094e-01
4.623462346234623599e-01 3.129312931293129485e-01 2.730273027302730360e-01 4.509450945094509722e-01 3.219321932193219271e-01 2.694269426942694223e-01 4.650465046504650424e-01 3.207320732073207226e-01 2.793279327932793321e-01 4.632463246324632355e-01 3.237323732373237339e-01 2.697269726972697512e-01
4.914491449144914315e-01 3.306330633063306323e-01 2.796279627962796055e-01 4.560456045604560638e-01 3.174317431743174378e-01 2.727272727272727071e-01 4.365436543654365176e-01 3.069306930693069257e-01 2.550255025502550232e-01 4.671467146714671226e-01 3.186318631863186424e-01 2.535253525352535453e-01
4.992499249924992610e-01 3.360336033603360528e-01 2.853285328532853549e-01 4.689468946894689294e-01 3.195319531953195180e-01 2.634263426342633996e-01 4.494449444944494387e-01 3.057305730573057212e-01 2.763276327632763207e-01 4.545454545454545303e-01 2.958295829582958114e-01 2.790279027902790032e-01
4.485448544854485631e-01 3.051305130513051189e-01 2.709270927092709003e-01 4.401440144014401312e-01 2.904290429042904464e-01 2.607260726072607171e-01 4.749474947494749522e-01 3.126312631263126196e-01 2.688268826882688201e-01 4.152415241524152201e-01 2.760276027602760474e-01 2.622262226222622505e-01
4.170417041704170269e-01 2.946294629462946069e-01 2.697269726972697512e-01 4.329432943294329594e-01 2.844284428442844237e-01 2.703270327032703535e-01 4.020402040204020255e-01 2.901290129012901176e-01 2.592259225922592392e-01 4.041404140414041612e-01 2.733273327332733094e-01 2.526252625262526141e-01
4.017401740174017521e-01 2.805280528052805367e-01 2.502250225022502050e-01 4.092409240924092528e-01 2.823282328232823435e-01 2.640264026402640019e-01 4.221422142214221185e-01 2.925292529252925267e-01 2.709270927092709003e-01 4.245424542454245276e-01 2.970297029702970160e-01 2.658265826582658087e-01
4.113411341134113330e-01 2.976297629762976182e-01 2.679267926792679444e-01 3.945394539453945248e-01 2.802280228022802078e-01 2.385238523852385162e-01 4.146414641464146178e-01 2.895289528952895153e-01 2.646264626462646041e-01 4.197419741974197649e-01 2.835283528352835480e-01 2.646264626462646041e-01
4.038403840384038324e-01 2.715271527152715025e-01 2.562256225622562278e-01 3.864386438643864219e-01 2.721272127212721048e-01 2.601260126012601148e-01 3.723372337233723517e-01 2.685268526852685467e-01 2.463246324632463180e-01 4.332433243324332328e-01 2.928292829282928555e-01 2.673267326732673421e-01
4.029402940294029567e-01 2.775277527752775253e-01 2.652265226522652064e-01 3.996399639963996164e-01 2.919291929192919244e-01 2.541254125412541476e-01 4.338433843384338351e-01 3.183318331833183135e-01 2.649264926492649330e-01 3.882388238823882287e-01 2.868286828682868328e-01 2.658265826582658087e-01
4.179417941794179581e-01 2.796279627962796055e-01 2.547254725472547499e-01 3.687368736873687380e-01 2.721272127212721048e-01 2.442244224422442378e-01 3.891389138913891599e-01 2.769276927692769230e-01 2.541254125412541476e-01 4.077407740774077194e-01 2.760276027602760474e-01 2.553255325532553521e-01
4.026402640264026278e-01 2.859285928592859016e-01 2.514251425142514096e-01 3.891389138913891599e-01 2.787278727872787298e-01 2.610261026102610460e-01 4.005400540054005476e-01 2.724272427242724337e-01 2.619261926192619216e-01 3.708370837083708182e-01 2.586258625862586369e-01 2.538253825382538187e-01
3.882388238823882287e-01 2.736273627362736383e-01 2.730273027302730360e-01 3.924392439243924446e-01 2.619261926192619216e-01 2.535253525352535453e-01 3.783378337833783189e-01 2.565256525652565012e-01 2.568256825682568301e-01 3.675367536753675335e-01 2.838283828382838214e-01 2.631263126312631262e-01
3.771377137713771144e-01 2.826282628262826169e-01 2.538253825382538187e-01 3.537353735373537367e-01 2.613261326132613194e-01 2.451245124512451135e-01 3.864386438643864219e-01 2.781278127812781276e-01 2.436243624362436355e-01 3.465346534653465094e-01 2.658265826582658087e-01 2.484248424842484260e-01
3.519351935193519298e-01 2.598259825982598414e-01 2.739273927392739116e-01 3.609360936093609085e-01 2.787278727872787298e-01 2.682268226822682178e-01 3.441344134413441558e-01 2.724272427242724337e-01 2.577257725772577057e-01 3.570357035703570214e-01 2.733273327332733094e-01 2.637263726372637285e-01
3.621362136213621130e-01 2.829282928292829458e-01 2.550255025502550232e-01 3.579357935793579526e-01 2.793279327932793321e-01 2.658265826582658087e-01 3.897389738973897622e-01 2.904290429042904464e-01 2.556255625562556255e-01 3.444344434443444292e-01 2.673267326732673421e-01 2.514251425142514096e-01
3.453345334533453603e-01 2.466246624662466191e-01 2.481248124812481248e-01 3.855385538553855462e-01 2.841284128412841503e-01 2.535253525352535453e-01 3.258325832583258141e-01 2.760276027602760474e-01 2.502250225022502050e-01 3.561356135613561458e-01 2.682268226822682178e-01 2.505250525052505339e-01
3.597359735973597594e-01 2.595259525952595125e-01 2.616261626162616483e-01 3.399339933993399399e-01 2.679267926792679444e-01 2.574257425742574323e-01 3.519351935193519298e-01 2.655265526552655353e-01 2.364236423642364360e-01 3.513351335133513276e-01 2.607260726072607171e-01 2.568256825682568301e-01
3.609360936093609085e-01 2.631263126312631262e-01 2.697269726972697512e-01 3.576357635763576237e-01 2.640264026402640019e-01 2.550255025502550232e-01 3.537353735373537367e-01 2.685268526852685467e-01 2.622262226222622505e-01 3.690369036903690114e-01 2.640264026402640019e-01 2.565256525652565012e-01
3.135313531353135508e-01 2.505250525052505339e-01 2.448244824482448123e-01 3.507350735073507253e-01 2.601260126012601148e-01 2.577257725772577057e-01 3.189318931893189157e-01 2.457245724572457157e-01 2.469246924692469203e-01 3.294329432943294278e-01 2.658265826582658087e-01 2.487248724872487271e-01
3.519351935193519298e-01 2.652265226522652064e-01 2.556255625562556255e-01 3.360336033603360528e-01 2.706270627062706269e-01 2.613261326132613194e-01 3.126312631263126196e-01 2.595259525952595125e-01 2.352235223522352314e-01 3.165316531653165066e-01 2.652265226522652064e-01 2.316231623162316178e-01
3.192319231923192446e-01 2.334233423342334246e-01 2.475247524752475226e-01 3.141314131413141530e-01 2.478247824782478237e-01 2.595259525952595125e-01 3.423342334233423490e-01 2.604260426042604437e-01 2.547254725472547499e-01 3.120312031203120173e-01 2.697269726972697512e-01 2.505250525052505339e-01
3.186318631863186424e-01 2.520252025202520119e-01 2.484248424842484260e-01 3.258325832583258141e-01 2.505250525052505339e-01 2.466246624662466191e-01 3.399339933993399399e-01 2.634263426342633996e-01 2.451245124512451135e-01 3.186318631863186424e-01 2.589258925892589103e-01 2.358235823582358337e-01
3.351335133513351217e-01 2.544254425442544210e-01 2.550255025502550232e-01 3.387338733873387353e-01 2.547254725472547499e-01 2.511251125112511362e-01 3.081308130813081303e-01 2.505250525052505339e-01 2.508250825082508073e-01 3.327332733273327126e-01 2.724272427242724337e-01 2.460246024602460169e-01
3.117311731173117439e-01 2.649264926492649330e-01 2.472247224722472214e-01 3.300330033003300301e-01 2.691269126912691489e-01 2.433243324332433344e-01 3.336333633363336437e-01 2.709270927092709003e-01 2.508250825082508073e-01 3.162316231623162333e-01 2.499249924992499317e-01 2.574257425742574323e-01
2.916291629162916510e-01 2.430243024302430332e-01 2.439243924392439367e-01 2.973297329732973449e-01 2.511251125112511362e-01 2.553255325532553521e-01 3.105310531053105394e-01 2.415241524152415276e-01 2.328232823282328223e-01 3.078307830783078569e-01 2.583258325832583080e-01 2.469246924692469203e-01
3.033303330333033121e-01 2.475247524752475226e-01 2.610261026102610460e-01 3.333333333333333148e-01 2.457245724572457157e-01 2.538253825382538187e-01 3.189318931893189157e-01 2.577257725772577057e-01 2.313231323132313166e-01 3.093309330933093348e-01 2.607260726072607171e-01 2.376237623762376128e-01
3.180318031803180401e-01 2.493249324932493294e-01 2.469246924692469203e-01 3.039303930393039144e-01 2.325232523252325212e-01 2.499249924992499317e-01 3.057305730573057212e-01 2.499249924992499317e-01 2.433243324332433344e-01 3.330333033303330414e-01 2.544254425442544210e-01 2.487248724872487271e-01
2.952295229522952091e-01 2.610261026102610460e-01 2.445244524452445112e-01 3.075307530753075280e-01 2.511251125112511362e-01 2.553255325532553521e-01 3.078307830783078569e-01 2.469246924692469203e-01 2.511251125112511362e-01 3.087308730873087326e-01 2.451245124512451135e-01 2.403240324032403230e-01
3.057305730573057212e-01 2.487248724872487271e-01 2.577257725772577057e-01 3.270327032703270187e-01 2.790279027902790032e-01 2.532253225322532164e-01 2.934293429342934023e-01 2.493249324932493294e-01 2.394239423942394196e-01 3.126312631263126196e-01 2.604260426042604437e-01 2.613261326132613194e-01
3.063306330633063235e-01 2.598259825982598414e-01 2.499249924992499317e-01 2.961296129612961403e-01 2.499249924992499317e-01 2.487248724872487271e-01 3.105310531053105394e-01 2.532253225322532164e-01 2.685268526852685467e-01 3.351335133513351217e-01 2.604260426042604437e-01 2.628262826282628528e-01
3.060306030603060501e-01 2.481248124812481248e-01 2.514251425142514096e-01 3.207320732073207226e-01 2.544254425442544210e-01 2.595259525952595125e-01 3.030303030303030387e-01 2.418241824182418287e-01 2.397239723972397207e-01 3.171317131713171089e-01 2.541254125412541476e-01 2.526252625262526141e-01
2.832283228322832191e-01 2.622262226222622505e-01 2.532253225322532164e-01 3.153315331533153576e-01 2.544254425442544210e-01 2.547254725472547499e-01 3.102310231023102105e-01 2.586258625862586369e-01 2.523252325232523408e-01 3.033303330333033121e-01 2.469246924692469203e-01 2.529252925292529430e-01
3.003300330033003562e-01 2.523252325232523408e-01 2.550255025502550232e-01 2.913291329132913221e-01 2.604260426042604437e-01 2.367236723672367371e-01 2.883288328832883107e-01 2.388238823882388173e-01 2.394239423942394196e-01 3.009300930093009030e-01 2.601260126012601148e-01 2.637263726372637285e-01
3.012301230123012319e-01 2.487248724872487271e-01 2.538253825382538187e-01 2.829282928292829458e-01 2.544254425442544210e-01 2.340234023402340269e-01 2.871287128712871062e-01 2.481248124812481248e-01 2.478247824782478237e-01 3.039303930393039144e-01 2.523252325232523408e-01 2.619261926192619216e-01
3.042304230423042433e-01 2.517251725172517385e-01 2.436243624362436355e-01 2.874287428742874351e-01 2.589258925892589103e-01 2.532253225322532164e-01 2.862286228622862305e-01 2.442244224422442378e-01 2.454245424542454146e-01 3.213321332133213248e-01 2.535253525352535453e-01 2.559255925592558989e-01
2.964296429642964137e-01 2.436243624362436355e-01 2.616261626162616483e-01 2.796279627962796055e-01 2.562256225622562278e-01 2.448244824482448123e-01 2.853285328532853549e-01 2.256225622562256228e-01 2.175217521752175198e-01 2.988298829882988228e-01 2.514251425142514096e-01 2.475247524752475226e-01
2.760276027602760474e-01 2.472247224722472214e-01 2.511251125112511362e-01 2.781278127812781276e-01 2.622262226222622505e-01 2.619261926192619216e-01 2.820282028202820146e-01 2.502250225022502050e-01 2.385238523852385162e-01 2.889288928892889130e-01 2.673267326732673421e-01 2.490249024902490282e-01
3.009300930093009030e-01 2.502250225022502050e-01 2.514251425142514096e-01 2.871287128712871062e-01 2.403240324032403230e-01 2.517251725172517385e-01 2.856285628562856282e-01 2.526252625262526141e-01 2.394239423942394196e-01 2.715271527152715025e-01 2.355235523552355326e-01 2.586258625862586369e-01
2.832283228322832191e-01 2.442244224422442378e-01 2.466246624662466191e-01 2.814281428142814123e-01 2.475247524752475226e-01 2.388238823882388173e-01 2.841284128412841503e-01 2.601260126012601148e-01 2.556255625562556255e-01 2.937293729372937312e-01 2.613261326132613194e-01 2.556255625562556255e-01
2.715271527152715025e-01 2.607260726072607171e-01 2.496249624962496305e-01 2.766276627662766496e-01 2.475247524752475226e-01 2.370237023702370105e-01 2.607260726072607171e-01 2.499249924992499317e-01 2.403240324032403230e-01 2.787278727872787298e-01 2.418241824182418287e-01 2.415241524152415276e-01
2.913291329132913221e-01 2.637263726372637285e-01 2.541254125412541476e-01 2.682268226822682178e-01 2.538253825382538187e-01 2.553255325532553521e-01 2.751275127512751162e-01 2.667266726672667398e-01 2.310231023102310155e-01 2.877287728772877085e-01 2.667266726672667398e-01 2.565256525652565012e-01
2.724272427242724337e-01 2.412241224122412264e-01 2.397239723972397207e-01 2.694269426942694223e-01 2.367236723672367371e-01 2.403240324032403230e-01 2.895289528952895153e-01 2.514251425142514096e-01 2.502250225022502050e-01 2.850285028502850260e-01 2.472247224722472214e-01 2.469246924692469203e-01
2.844284428442844237e-01 2.367236723672367371e-01 2.424242424242424310e-01 2.895289528952895153e-01 2.544254425442544210e-01 2.478247824782478237e-01 2.805280528052805367e-01 2.604260426042604437e-01 2.535253525352535453e-01 2.763276327632763207e-01 2.607260726072607171e-01 2.637263726372637285e-01
2.838283828382838214e-01 2.547254725472547499e-01 2.712271227122712292e-01 2.796279627962796055e-01 2.544254425442544210e-01 2.571257125712571034e-01 2.670267026702670132e-01 2.385238523852385162e-01 2.643264326432643307e-01 2.784278427842784009e-01 2.538253825382538187e-01 2.364236423642364360e-01
2.697269726972697512e-01 2.436243624362436355e-01 2.424242424242424310e-01 2.910291029102910487e-01 2.535253525352535453e-01 2.541254125412541476e-01 3.012301230123012319e-01 2.457245724572457157e-01 2.433243324332433344e-01 2.721272127212721048e-01 2.424242424242424310e-01 2.553255325532553521e-01
2.778277827782778542e-01 2.535253525352535453e-01 2.469246924692469203e-01 2.757275727572757185e-01 2.463246324632463180e-01 2.355235523552355326e-01 2.766276627662766496e-01 2.583258325832583080e-01 2.478247824782478237e-01 2.850285028502850260e-01 2.496249624962496305e-01 2.523252325232523408e-01
2.760276027602760474e-01 2.460246024602460169e-01 2.526252625262526141e-01 2.739273927392739116e-01 2.595259525952595125e-01 2.424242424242424310e-01 2.634263426342633996e-01 2.577257725772577057e-01 2.640264026402640019e-01 2.661266126612661376e-01 2.595259525952595125e-01 2.355235523552355326e-01
2.682268226822682178e-01 2.406240624062406241e-01 2.541254125412541476e-01 2.784278427842784009e-01 2.430243024302430332e-01 2.433243324332433344e-01 2.784278427842784009e-01 2.502250225022502050e-01 2.403240324032403230e-01 2.511251125112511362e-01 2.547254725472547499e-01 2.499249924992499317e-01
2.547254725472547499e-01 2.481248124812481248e-01 2.556255625562556255e-01 2.793279327932793321e-01 2.367236723672367371e-01 2.511251125112511362e-01 2.886288628862886396e-01 2.517251725172517385e-01 2.502250225022502050e-01 2.538253825382538187e-01 2.502250225022502050e-01 2.472247224722472214e-01
2.790279027902790032e-01 2.472247224722472214e-01 2.499249924992499317e-01 2.652265226522652064e-01 2.505250525052505339e-01 2.412241224122412264e-01 2.607260726072607171e-01 2.499249924992499317e-01 2.472247224722472214e-01 2.670267026702670132e-01 2.640264026402640019e-01 2.661266126612661376e-01
2.727272727272727071e-01 2.409240924092409253e-01 2.379237923792379139e-01 2.670267026702670132e-01 2.520252025202520119e-01 2.628262826282628528e-01 2.709270927092709003e-01 2.451245124512451135e-01 2.619261926192619216e-01 2.973297329732973449e-01 2.676267626762676155e-01 2.610261026102610460e-01
2.694269426942694223e-01 2.484248424842484260e-01 2.370237023702370105e-01 2.670267026702670132e-01 2.463246324632463180e-01 2.388238823882388173e-01 2.649264926492649330e-01 2.481248124812481248e-01 2.598259825982598414e-01 2.646264626462646041e-01 2.778277827782778542e-01 2.433243324332433344e-01
2.829282928292829458e-01 2.508250825082508073e-01 2.457245724572457157e-01 2.805280528052805367e-01 2.457245724572457157e-01 2.481248124812481248e-01 2.613261326132613194e-01 2.529252925292529430e-01 2.523252325232523408e-01 2.664266426642664110e-01 2.445244524452445112e-01 2.592259225922592392e-01
2.493249324932493294e-01 2.670267026702670132e-01 2.535253525352535453e-01 2.727272727272727071e-01 2.391239123912391185e-01 2.451245124512451135e-01 2.592259225922592392e-01 2.490249024902490282e-01 2.514251425142514096e-01 2.643264326432643307e-01 2.403240324032403230e-01 2.478247824782478237e-01
2.766276627662766496e-01 2.439243924392439367e-01 2.514251425142514096e-01 2.823282328232823435e-01 2.508250825082508073e-01 2.511251125112511362e-01 2.580258025802580346e-01 2.550255025502550232e-01 2.238223822382238160e-01 2.733273327332733094e-01 2.481248124812481248e-01 2.577257725772577057e-01
2.682268226822682178e-01 2.640264026402640019e-01 2.544254425442544210e-01 2.790279027902790032e-01 2.496249624962496305e-01 2.514251425142514096e-01 2.583258325832583080e-01 2.313231323132313166e-01 2.496249624962496305e-01 2.694269426942694223e-01 2.580258025802580346e-01 2.526252625262526141e-01
2.754275427542754451e-01 2.526252625262526141e-01 2.622262226222622505e-01 2.691269126912691489e-01 2.319231923192319189e-01 2.493249324932493294e-01 2.736273627362736383e-01 2.574257425742574323e-01 2.445244524452445112e-01 2.601260126012601148e-01 2.538253825382538187e-01 2.646264626462646041e-01
