1.000000000000000000e+01 1.000000000000000000e+01 1.000000000000000000e+01 1.000000000000000000e+01
3.000000000000000000e+01 3.000000000000000000e+01 3.000000000000000000e+01 3.000000000000000000e+01
5.000000000000000000e+01 5.200000000000000000e+01 5.000000000000000000e+01 5.200000000000000000e+01
6.600000000000000000e+01 7.200000000000000000e+01 7.000000000000000000e+01 7.000000000000000000e+01
8.800000000000000000e+01 9.000000000000000000e+01 9.400000000000000000e+01 8.800000000000000000e+01
1.120000000000000000e+02 1.100000000000000000e+02 1.080000000000000000e+02 1.160000000000000000e+02
1.340000000000000000e+02 1.300000000000000000e+02 1.260000000000000000e+02 1.280000000000000000e+02
1.540000000000000000e+02 1.520000000000000000e+02 1.560000000000000000e+02 1.520000000000000000e+02
1.720000000000000000e+02 1.740000000000000000e+02 1.780000000000000000e+02 1.660000000000000000e+02
1.900000000000000000e+02 1.920000000000000000e+02 1.980000000000000000e+02 1.960000000000000000e+02
2.120000000000000000e+02 2.120000000000000000e+02 2.180000000000000000e+02 2.120000000000000000e+02
2.340000000000000000e+02 2.240000000000000000e+02 2.320000000000000000e+02 2.340000000000000000e+02
2.480000000000000000e+02 2.520000000000000000e+02 2.520000000000000000e+02 2.620000000000000000e+02
2.740000000000000000e+02 2.680000000000000000e+02 2.800000000000000000e+02 2.660000000000000000e+02
3.020000000000000000e+02 2.880000000000000000e+02 3.060000000000000000e+02 2.920000000000000000e+02
3.000000000000000000e+02 3.080000000000000000e+02 3.040000000000000000e+02 3.080000000000000000e+02
3.360000000000000000e+02 3.320000000000000000e+02 3.400000000000000000e+02 3.360000000000000000e+02
3.580000000000000000e+02 3.520000000000000000e+02 3.620000000000000000e+02 3.500000000000000000e+02
3.820000000000000000e+02 3.620000000000000000e+02 3.760000000000000000e+02 3.760000000000000000e+02
3.920000000000000000e+02 4.020000000000000000e+02 3.940000000000000000e+02 3.920000000000000000e+02
4.100000000000000000e+02 4.020000000000000000e+02 4.300000000000000000e+02 4.060000000000000000e+02
4.360000000000000000e+02 4.400000000000000000e+02 4.340000000000000000e+02 4.380000000000000000e+02
4.520000000000000000e+02 4.500000000000000000e+02 4.540000000000000000e+02 4.580000000000000000e+02
4.740000000000000000e+02 4.840000000000000000e+02 4.720000000000000000e+02 4.800000000000000000e+02
4.940000000000000000e+02 4.960000000000000000e+02 4.940000000000000000e+02 4.940000000000000000e+02
5.140000000000000000e+02 5.080000000000000000e+02 5.260000000000000000e+02 5.120000000000000000e+02
5.420000000000000000e+02 5.380000000000000000e+02 5.360000000000000000e+02 5.360000000000000000e+02
5.660000000000000000e+02 5.620000000000000000e+02 5.480000000000000000e+02 5.600000000000000000e+02
5.800000000000000000e+02 5.720000000000000000e+02 5.740000000000000000e+02 5.640000000000000000e+02
6.220000000000000000e+02 5.940000000000000000e+02 5.940000000000000000e+02 5.960000000000000000e+02
