9.183918391839184237e-01 8.748874887488748975e-01 8.241824182418241440e-01 9.279927992799279490e-01 9.030903090309030379e-01 8.475847584758475772e-01 9.276927692769276756e-01 8.682868286828683280e-01 8.418841884188419389e-01 9.225922592259225841e-01 8.820882088208821248e-01 8.283828382838284154e-01
8.208820882088209148e-01 6.894689468946895161e-01 5.904590459045904183e-01 8.340834083408340538e-01 7.263726372637263617e-01 6.159615961596159872e-01 8.388838883888388720e-01 7.266726672667266351e-01 6.312631263126312620e-01 8.382838283828383252e-01 7.137713771377137695e-01 6.300630063006300574e-01
7.584758475847585002e-01 5.940594059405940319e-01 4.611461146114611553e-01 7.674767476747674788e-01 6.162616261626162606e-01 4.824482448244824528e-01 7.650765076507650697e-01 6.060606060606060774e-01 4.869486948694869421e-01 7.611761176117611827e-01 6.063606360636063508e-01 4.914491449144914315e-01
6.972697269726972902e-01 4.995499549954995344e-01 3.318331833183318369e-01 7.431743174317432254e-01 5.817581758175817130e-01 4.530453045304530524e-01 7.215721572157215435e-01 5.355535553555355044e-01 4.155415541554155490e-01 6.885688568856885849e-01 4.752475247524752255e-01 3.435343534353435535e-01
6.147614761476147827e-01 3.990399039903990142e-01 2.733273327332733094e-01 6.417641764176417185e-01 4.128412841284128665e-01 2.646264626462646041e-01 6.033603360336033949e-01 3.648364836483648510e-01 2.349234923492349303e-01 6.702670267026702433e-01 4.542454245424542569e-01 3.066306630663066524e-01
5.910591059105910761e-01 3.612361236123612374e-01 2.439243924392439367e-01 5.589558955895589376e-01 3.174317431743174378e-01 1.884188418841884205e-01 5.664566456645664383e-01 3.432343234323432246e-01 2.016201620162016150e-01 5.679567956795679162e-01 3.534353435343534078e-01 2.223222322232223103e-01
5.415541554155415271e-01 3.237323732373237339e-01 1.752175217521752260e-01 6.108610861086108956e-01 3.921392139213921157e-01 2.379237923792379139e-01 5.082508250825082952e-01 2.871287128712871062e-01 1.722172217221722146e-01 4.980498049804980565e-01 2.583258325832583080e-01 1.431143114311431153e-01
4.914491449144914315e-01 2.652265226522652064e-01 1.242124212421242130e-01 4.809480948094809749e-01 2.475247524752475226e-01 1.305130513051305230e-01 5.064506450645064328e-01 2.670267026702670132e-01 1.488148814881488091e-01 4.578457845784578706e-01 2.142214221422142351e-01 1.134113411341134137e-01
4.227422742274227208e-01 1.935193519351935121e-01 8.550855085508550502e-02 4.674467446744674515e-01 2.250225022502250205e-01 9.750975097509750888e-02 4.275427542754275390e-01 1.992199219921992337e-01 9.450945094509451139e-02 4.266426642664266633e-01 1.797179717971797153e-01 8.910891089108910479e-02
3.855385538553855462e-01 1.593159315931593212e-01 6.960696069606960024e-02 4.011401140114011499e-01 1.716171617161716123e-01 7.860786078607860661e-02 3.804380438043804546e-01 1.632163216321632082e-01 6.570657065706571320e-02 3.492349234923492474e-01 1.410141014101410073e-01 5.520552055205520808e-02
3.120312031203120173e-01 1.179117911791179169e-01 3.570357035703570353e-02 3.342334233423342460e-01 1.122112211221122091e-01 3.750375037503750342e-02 3.318331833183318369e-01 1.131113111311131125e-01 3.750375037503750342e-02 3.177317731773177112e-01 1.107110711071107173e-01 4.080408040804080205e-02
3.072307230723072546e-01 1.017101710171017109e-01 3.090309030903090268e-02 2.772277227722772519e-01 9.420942094209421025e-02 3.090309030903090268e-02 3.321332133213321103e-01 1.158115811581158089e-01 4.170417041704170547e-02 3.081308130813081303e-01 1.014101410141014098e-01 3.330333033303330137e-02
2.838283828382838214e-01 9.630963096309630433e-02 3.750375037503750342e-02 2.604260426042604437e-01 8.310831083108310979e-02 2.760276027602760404e-02 2.667266726672667398e-01 7.530753075307530797e-02 2.460246024602460307e-02 2.586258625862586369e-01 7.260726072607261161e-02 1.860186018601860114e-02
2.433243324332433344e-01 7.410741074107410342e-02 1.650165016501650012e-02 2.208220822082208323e-01 5.790579057905790444e-02 1.740174017401740006e-02 2.319231923192319189e-01 5.940594059405940319e-02 1.830183018301830347e-02 2.406240624062406241e-01 6.450645064506450865e-02 1.860186018601860114e-02
2.445244524452445112e-01 6.930693069306931298e-02 2.190219021902190324e-02 2.139213921392139339e-01 4.740474047404740626e-02 1.140114011401140159e-02 2.412241224122412264e-01 6.180618061806180535e-02 1.890189018901890228e-02 1.998199819981998082e-01 5.040504050405040376e-02 6.300630063006300470e-03
1.749174917491749248e-01 3.810381038103810569e-02 8.700870087008700030e-03 1.629162916291629071e-01 3.030303030303030387e-02 7.800780078007800954e-03 2.001200120012001094e-01 4.590459045904590751e-02 1.170117011701170100e-02 2.268226822682268273e-01 5.010501050105010262e-02 1.410141014101410142e-02
1.818181818181818232e-01 3.030303030303030387e-02 6.000600060006000200e-03 1.698169816981698055e-01 3.030303030303030387e-02 9.000900090009001167e-03 1.923192319231923075e-01 4.050405040504050092e-02 1.020102010201020051e-02 1.665166516651665207e-01 3.300330033003300023e-02 6.600660066006600740e-03
1.596159615961596223e-01 3.270327032703270603e-02 3.900390039003900477e-03 1.638163816381638105e-01 3.240324032403240490e-02 8.700870087008700030e-03 1.851185118511851080e-01 4.260426042604260194e-02 1.230123012301230154e-02 1.665166516651665207e-01 3.000300030003000273e-02 6.900690069006901010e-03
1.314131413141314264e-01 2.490249024902490421e-02 2.100210021002100157e-03 1.506150615061506159e-01 2.430243024302430194e-02 5.700570057005700797e-03 1.428142814281428141e-01 2.220222022202220091e-02 5.700570057005700797e-03 1.407140714071407062e-01 2.280228022802280319e-02 4.500450045004500584e-03
1.581158115811581166e-01 2.730273027302730290e-02 5.400540054005400527e-03 1.650165016501650150e-01 3.120312031203120381e-02 8.100810081008101224e-03 1.416141614161416096e-01 2.130213021302130097e-02 4.200420042004200313e-03 1.341134113411341089e-01 2.550255025502550302e-02 1.500150015001500050e-03
1.200120012001200109e-01 1.560156015601560191e-02 3.000300030003000100e-03 1.164116411641164112e-01 1.440144014401440083e-02 1.800180018001800103e-03 1.107110711071107173e-01 1.380138013801380202e-02 2.700270027002700263e-03 1.215121512151215166e-01 1.470147014701470196e-02 2.700270027002700263e-03
1.110111011101110046e-01 1.320132013201320148e-02 1.200120012001200213e-03 1.011101110111011087e-01 9.900990099009901110e-03 6.000600060006001067e-04 1.041104110411041062e-01 1.200120012001200040e-02 2.100210021002100157e-03 1.041104110411041062e-01 1.350135013501350088e-02 3.600360036003600207e-03
8.790879087908791412e-02 9.600960096009601707e-03 1.200120012001200213e-03 8.850885088508850251e-02 1.080108010801080105e-02 1.200120012001200213e-03 9.480948094809481252e-02 1.410141014101410142e-02 6.000600060006001067e-04 9.900990099009901457e-02 8.400840084008400627e-03 1.800180018001800103e-03
8.430843084308431434e-02 6.900690069006901010e-03 1.800180018001800103e-03 8.550855085508550502e-02 9.300930093009300570e-03 3.000300030003000534e-04 1.014101410141014098e-01 1.200120012001200040e-02 2.700270027002700263e-03 9.390939093909390911e-02 1.200120012001200040e-02 1.500150015001500050e-03
1.056105610561056118e-01 7.500750075007500683e-03 1.500150015001500050e-03 8.880888088808880365e-02 1.080108010801080105e-02 2.400240024002400427e-03 8.910891089108910479e-02 9.900990099009901110e-03 2.700270027002700263e-03 7.650765076507651252e-02 5.400540054005400527e-03 1.200120012001200213e-03
7.860786078607860661e-02 8.100810081008101224e-03 3.600360036003600207e-03 9.660966096609660547e-02 1.320132013201320148e-02 3.000300030003000100e-03 7.950795079507951002e-02 1.230123012301230154e-02 1.200120012001200213e-03 7.530753075307530797e-02 8.100810081008101224e-03 3.000300030003000534e-04
6.390639063906390638e-02 4.200420042004200313e-03 6.000600060006001067e-04 6.030603060306030661e-02 3.900390039003900477e-03 0.000000000000000000e+00 6.300630063006300297e-02 3.900390039003900477e-03 6.000600060006001067e-04 5.970597059705970433e-02 5.700570057005700797e-03 6.000600060006001067e-04
5.790579057905790444e-02 2.700270027002700263e-03 6.000600060006001067e-04 5.190519051905190251e-02 5.100510051005100257e-03 3.000300030003000534e-04 5.730573057305730911e-02 6.900690069006901010e-03 9.000900090009000517e-04 5.730573057305730911e-02 3.600360036003600207e-03 3.000300030003000534e-04
3.810381038103810569e-02 2.700270027002700263e-03 9.000900090009000517e-04 5.160516051605160831e-02 3.000300030003000100e-03 6.000600060006001067e-04 5.190519051905190251e-02 3.300330033003300370e-03 0.000000000000000000e+00 5.730573057305730911e-02 3.900390039003900477e-03 6.000600060006001067e-04
3.870387038703870103e-02 1.800180018001800103e-03 3.000300030003000534e-04 4.860486048604860387e-02 3.900390039003900477e-03 0.000000000000000000e+00 4.530453045304530524e-02 1.800180018001800103e-03 3.000300030003000534e-04 4.950495049504950729e-02 4.800480048004800854e-03 9.000900090009000517e-04
