9.172000000000000153e-01 9.261000000000000343e-01 9.291000000000000369e-01 9.224999999999999867e-01
8.253000000000000336e-01 8.288999999999999702e-01 8.414000000000000368e-01 8.386000000000000121e-01
7.533999999999999586e-01 7.597000000000000419e-01 7.597000000000000419e-01 7.725999999999999535e-01
6.760000000000000453e-01 7.458000000000000185e-01 7.171999999999999487e-01 6.843000000000000194e-01
6.129000000000000004e-01 6.391999999999999904e-01 5.975000000000000311e-01 6.623999999999999888e-01
5.979999999999999760e-01 5.648999999999999577e-01 5.744000000000000217e-01 5.824000000000000288e-01
5.514000000000000012e-01 5.991999999999999549e-01 5.222999999999999865e-01 5.078000000000000291e-01
4.867000000000000215e-01 4.804999999999999827e-01 5.024999999999999467e-01 4.595000000000000195e-01
4.181000000000000272e-01 4.607999999999999874e-01 4.341999999999999749e-01 4.164999999999999813e-01
3.849000000000000199e-01 4.032999999999999918e-01 3.859000000000000208e-01 3.634999999999999898e-01
3.099000000000000088e-01 3.245999999999999996e-01 3.214000000000000190e-01 3.168000000000000260e-01
3.086999999999999744e-01 2.917000000000000148e-01 3.311000000000000054e-01 3.052000000000000268e-01
2.782999999999999918e-01 2.556999999999999829e-01 2.644000000000000239e-01 2.454000000000000070e-01
2.500999999999999890e-01 2.283000000000000029e-01 2.403000000000000136e-01 2.237999999999999989e-01
2.604000000000000203e-01 2.175999999999999879e-01 2.541999999999999815e-01 1.985000000000000098e-01
1.832000000000000017e-01 1.665999999999999981e-01 1.953000000000000014e-01 2.225999999999999923e-01
1.756000000000000061e-01 1.683000000000000052e-01 1.880999999999999894e-01 1.731999999999999929e-01
1.633000000000000007e-01 1.638000000000000012e-01 1.882000000000000062e-01 1.580000000000000016e-01
1.343000000000000027e-01 1.559999999999999998e-01 1.549000000000000099e-01 1.312000000000000111e-01
1.615000000000000047e-01 1.675000000000000100e-01 1.408000000000000085e-01 1.348999999999999921e-01
1.093999999999999972e-01 1.164000000000000035e-01 1.111000000000000043e-01 1.226000000000000006e-01
1.105000000000000010e-01 9.619999999999999385e-02 1.038000000000000034e-01 1.089999999999999997e-01
9.940000000000000224e-02 9.210000000000000131e-02 9.900000000000000466e-02 9.229999999999999316e-02
8.599999999999999312e-02 7.839999999999999747e-02 9.299999999999999933e-02 8.880000000000000393e-02
9.940000000000000224e-02 8.630000000000000171e-02 8.909999999999999865e-02 7.589999999999999525e-02
7.810000000000000275e-02 1.066000000000000003e-01 8.129999999999999727e-02 7.019999999999999851e-02
6.079999999999999988e-02 5.790000000000000008e-02 6.210000000000000242e-02 6.679999999999999827e-02
5.229999999999999927e-02 5.090000000000000080e-02 5.410000000000000225e-02 5.929999999999999855e-02
4.009999999999999676e-02 5.160000000000000003e-02 5.290000000000000258e-02 5.390000000000000346e-02
3.719999999999999696e-02 4.859999999999999737e-02 4.240000000000000019e-02 5.290000000000000258e-02
