8.800000000000000000e+01 8.400000000000000000e+01 7.600000000000000000e+01 8.000000000000000000e+01
1.500000000000000000e+02 1.520000000000000000e+02 1.420000000000000000e+02 1.500000000000000000e+02
2.160000000000000000e+02 2.040000000000000000e+02 2.220000000000000000e+02 2.120000000000000000e+02
2.960000000000000000e+02 2.700000000000000000e+02 2.780000000000000000e+02 2.720000000000000000e+02
3.560000000000000000e+02 3.380000000000000000e+02 3.140000000000000000e+02 3.440000000000000000e+02
3.860000000000000000e+02 4.120000000000000000e+02 3.940000000000000000e+02 3.760000000000000000e+02
4.440000000000000000e+02 4.680000000000000000e+02 4.720000000000000000e+02 4.780000000000000000e+02
5.240000000000000000e+02 5.140000000000000000e+02 5.020000000000000000e+02 5.220000000000000000e+02
5.840000000000000000e+02 5.680000000000000000e+02 5.500000000000000000e+02 5.940000000000000000e+02
6.620000000000000000e+02 6.620000000000000000e+02 6.380000000000000000e+02 6.340000000000000000e+02
7.020000000000000000e+02 6.940000000000000000e+02 7.000000000000000000e+02 7.040000000000000000e+02
7.660000000000000000e+02 7.840000000000000000e+02 7.580000000000000000e+02 7.760000000000000000e+02
8.400000000000000000e+02 8.260000000000000000e+02 8.500000000000000000e+02 7.960000000000000000e+02
8.780000000000000000e+02 9.080000000000000000e+02 8.680000000000000000e+02 9.340000000000000000e+02
9.160000000000000000e+02 9.720000000000000000e+02 9.040000000000000000e+02 9.700000000000000000e+02
1.062000000000000000e+03 1.018000000000000000e+03 1.060000000000000000e+03 1.028000000000000000e+03
1.086000000000000000e+03 1.074000000000000000e+03 1.054000000000000000e+03 1.060000000000000000e+03
1.122000000000000000e+03 1.126000000000000000e+03 1.104000000000000000e+03 1.160000000000000000e+03
1.156000000000000000e+03 1.232000000000000000e+03 1.204000000000000000e+03 1.196000000000000000e+03
1.282000000000000000e+03 1.248000000000000000e+03 1.242000000000000000e+03 1.278000000000000000e+03
1.358000000000000000e+03 1.382000000000000000e+03 1.280000000000000000e+03 1.360000000000000000e+03
1.374000000000000000e+03 1.380000000000000000e+03 1.380000000000000000e+03 1.376000000000000000e+03
1.466000000000000000e+03 1.456000000000000000e+03 1.456000000000000000e+03 1.460000000000000000e+03
1.532000000000000000e+03 1.490000000000000000e+03 1.538000000000000000e+03 1.492000000000000000e+03
1.562000000000000000e+03 1.580000000000000000e+03 1.540000000000000000e+03 1.590000000000000000e+03
1.626000000000000000e+03 1.662000000000000000e+03 1.574000000000000000e+03 1.644000000000000000e+03
1.672000000000000000e+03 1.702000000000000000e+03 1.680000000000000000e+03 1.690000000000000000e+03
1.704000000000000000e+03 1.724000000000000000e+03 1.794000000000000000e+03 1.770000000000000000e+03
1.822000000000000000e+03 1.852000000000000000e+03 1.810000000000000000e+03 1.862000000000000000e+03
1.818000000000000000e+03 1.874000000000000000e+03 1.910000000000000000e+03 1.878000000000000000e+03
