9.546954695469526131e-01 9.222922292229209784e-01 1.020102010201018983e+00 9.498949894989484610e-01
9.846984698469845032e-01 9.390939093909378421e-01 9.678967896789675285e-01 1.003600360036003059e+00
9.543954395439538940e-01 9.360936093609356634e-01 9.639963996399629753e-01 9.558955895589555940e-01
9.249924992499245491e-01 9.372937293729368680e-01 9.735973597359732779e-01 9.834983498349830766e-01
9.204920492049204483e-01 9.513951395139501610e-01 9.504950495049502290e-01 9.546954695469543895e-01
9.333933393339333140e-01 9.129912991299129477e-01 8.712871287128710618e-01 8.658865886588654748e-01
8.286828682868282447e-01 8.940894089408938372e-01 8.355835583558354207e-01 8.622862286228625273e-01
8.028802880288026245e-01 8.307830783078310466e-01 8.670867086708671234e-01 8.442844284428446811e-01
7.731773177317732282e-01 8.247824782478245798e-01 7.794779477947798574e-01 8.298829882988300044e-01
7.482748274827486501e-01 7.671767176717672054e-01 7.173717371737177162e-01 6.798679867986797687e-01
6.180618061806182340e-01 7.035703570357039194e-01 6.936693669366938986e-01 6.618661866186619225e-01
6.474647464746480230e-01 5.799579957995802948e-01 6.906690669066910537e-01 6.534653465346534906e-01
6.000600060006002767e-01 5.595559555955597064e-01 5.988598859885990722e-01 5.766576657665769545e-01
5.241524152415244497e-01 5.061506150615062705e-01 5.358535853585362219e-01 5.469546954695472252e-01
5.475547554755476609e-01 5.109510951095113107e-01 5.571557155715575194e-01 4.545454545454548634e-01
4.191419141914194402e-01 4.056405640564059722e-01 4.743474347434747385e-01 5.442544254425444317e-01
4.605460546054608861e-01 4.275427542754277610e-01 4.656465646564659222e-01 4.071407140714073947e-01
3.846384638463847261e-01 4.029402940294031232e-01 4.398439843984399689e-01 4.164416441644167577e-01
3.216321632163217648e-01 3.846384638463849481e-01 3.675367536753677555e-01 3.582358235823585590e-01
3.978397839783981427e-01 4.095409540954097483e-01 3.651365136513652909e-01 3.273327332733275141e-01
3.162316231623165108e-01 3.078307830783080790e-01 2.934293429342936799e-01 3.231323132313234647e-01
2.946294629462948289e-01 2.742274227422745181e-01 2.784278427842785675e-01 2.754275427542756116e-01
2.361236123612363846e-01 2.343234323432343835e-01 2.427242724272427876e-01 2.736273627362739158e-01
2.340234023402341379e-01 2.289228922892291296e-01 2.709270927092711223e-01 2.472247224722474435e-01
2.958295829582960890e-01 2.364236423642365470e-01 2.403240324032404618e-01 2.145214521452147027e-01
2.151215121512152773e-01 2.532253225322533829e-01 2.028202820282029306e-01 2.019201920192020550e-01
1.797179717971799096e-01 1.692169216921694253e-01 1.779177917791780195e-01 1.626162616261627170e-01
1.662166216621663861e-01 1.407140714071408449e-01 1.521152115211521771e-01 1.614161416141614569e-01
1.071107110711071869e-01 1.464146414641465666e-01 1.458145814581458810e-01 1.608160816081609934e-01
1.110111011101110740e-01 1.341134113411341922e-01 1.308130813081309074e-01 1.350135013501351788e-01
