9.669966996699670414e-01 9.372937293729373120e-01 9.249924992499249932e-01 9.612961296129612920e-01 9.387938793879387900e-01 9.198919891989199016e-01 9.585958595859586096e-01 9.369936993699370387e-01 9.180918091809180392e-01 9.612961296129612920e-01 9.192919291929192438e-01 9.147914791479148100e-01
9.132913291329133321e-01 8.907890789078908300e-01 8.232823282328233239e-01 8.886888688868886943e-01 8.037803780378037777e-01 7.335733573357335890e-01 8.946894689468947170e-01 8.121812181218122095e-01 7.419741974197420209e-01 9.192919291929192438e-01 8.487848784878487818e-01 8.109810981098110050e-01
8.601860186018601695e-01 7.536753675367536820e-01 6.630663066306630160e-01 8.664866486648664656e-01 7.845784578457846159e-01 6.975697569756975636e-01 8.715871587158715572e-01 7.713771377137713658e-01 6.915691569156915408e-01 8.829882988298829449e-01 8.049804980498049822e-01 7.221722172217222013e-01
8.034803480348035043e-01 6.480648064806480146e-01 5.487548754875487544e-01 7.977797779777977549e-01 6.294629462946295106e-01 5.319531953195320018e-01 8.238823882388238706e-01 7.032703270327033129e-01 5.682568256825683006e-01 8.379837983798379408e-01 7.143714371437143162e-01 5.910591059105910761e-01
7.665766576657665476e-01 6.069606960696070086e-01 4.980498049804980565e-01 7.989798979897989595e-01 6.909690969096909940e-01 5.217521752175217076e-01 7.563756375637563645e-01 6.192619261926192165e-01 4.656465646564656446e-01 7.848784878487848893e-01 6.042604260426042151e-01 5.181518151815182049e-01
7.734773477347735016e-01 6.597659765976597868e-01 5.028502850285028192e-01 7.299729972997299754e-01 5.499549954995499590e-01 3.807380738073807280e-01 7.452745274527452501e-01 5.682568256825683006e-01 4.176417641764176292e-01 7.182718271827183143e-01 4.836483648364836574e-01 3.921392139213921157e-01
6.846684668466846979e-01 4.776477647764776346e-01 3.408340834083408155e-01 6.909690969096909940e-01 5.124512451245124556e-01 3.321332133213321103e-01 6.924692469246924720e-01 4.953495349534953740e-01 3.621362136213621130e-01 6.558655865586558997e-01 4.470447044704470296e-01 3.009300930093009030e-01
6.930693069306930187e-01 4.749474947494749522e-01 3.249324932493249385e-01 6.717671767176717212e-01 4.317431743174317549e-01 3.045304530453045166e-01 6.624662466246624692e-01 4.305430543054305503e-01 2.916291629162916510e-01 6.438643864386438542e-01 4.014401440144014233e-01 2.841284128412841503e-01
6.450645064506450588e-01 4.221422142214221185e-01 2.871287128712871062e-01 6.075607560756075554e-01 3.543354335433543389e-01 2.493249324932493294e-01 6.075607560756075554e-01 3.966396639663966606e-01 2.721272127212721048e-01 6.444644464446445120e-01 4.413441344134413358e-01 2.805280528052805367e-01
5.367536753675367089e-01 3.222322232223222560e-01 1.719171917191719134e-01 6.189618961896189431e-01 4.164416441644164246e-01 2.742274227422742405e-01 5.904590459045904183e-01 3.534353435343534078e-01 2.358235823582358337e-01 5.973597359735973722e-01 3.510351035103510542e-01 2.580258025802580346e-01
5.382538253825382979e-01 3.075307530753075280e-01 1.911191119111911307e-01 5.418541854185418005e-01 3.162316231623162333e-01 1.800180018001800164e-01 5.466546654665466187e-01 3.192319231923192446e-01 1.752175217521752260e-01 5.817581758175817130e-01 3.222322232223222560e-01 2.091209120912091157e-01
4.959495949594959763e-01 2.655265526552655353e-01 1.428142814281428141e-01 4.917491749174917604e-01 2.769276927692769230e-01 1.407140714071407062e-01 4.959495949594959763e-01 2.538253825382538187e-01 1.371137113711371203e-01 5.643564356435643026e-01 3.273327332733273476e-01 1.944194419441944155e-01
4.791479147914791681e-01 2.406240624062406241e-01 1.332133213321332055e-01 4.707470747074707362e-01 2.421242124212421298e-01 1.371137113711371203e-01 4.836483648364836574e-01 2.334233423342334246e-01 1.230123012301230084e-01 4.557455745574557349e-01 2.067206720672067344e-01 1.134113411341134137e-01
4.302430243024302214e-01 2.325232523252325212e-01 1.074107410741074048e-01 4.302430243024302214e-01 2.016201620162016150e-01 1.050105010501050096e-01 4.785478547854785658e-01 2.439243924392439367e-01 1.146114611461146182e-01 4.617461746174617576e-01 2.109210921092109225e-01 1.041104110411041062e-01
4.467446744674467562e-01 1.974197419741974269e-01 1.155115511551155077e-01 4.884488448844884756e-01 2.304230423042304132e-01 1.338133813381338078e-01 4.572457245724572683e-01 2.172217221722172187e-01 1.155115511551155077e-01 4.212421242124212428e-01 1.815181518151815221e-01 9.870987098709871344e-02
4.803480348034803726e-01 2.451245124512451135e-01 1.443144314431443198e-01 4.146414641464146178e-01 2.046204620462046264e-01 9.510951095109511366e-02 4.119411941194119353e-01 1.878187818781878182e-01 9.240924092409240342e-02 4.137413741374137421e-01 2.256225622562256228e-01 9.510951095109511366e-02
3.813381338133813303e-01 1.746174617461746237e-01 8.400840084008401321e-02 3.879387938793879553e-01 1.713171317131713112e-01 7.680768076807681366e-02 3.540354035403540101e-01 1.647164716471647139e-01 6.960696069606960024e-02 3.753375337533753631e-01 1.554155415541554064e-01 7.530753075307530797e-02
3.213321332133213248e-01 1.278127812781278128e-01 5.070507050705070490e-02 3.444344434443444292e-01 1.404140414041404050e-01 5.730573057305730911e-02 3.444344434443444292e-01 1.197119711971197098e-01 6.300630063006300297e-02 3.276327632763276210e-01 1.083108310831083082e-01 5.250525052505250478e-02
3.108310831083108128e-01 1.257125712571257048e-01 5.310531053105310706e-02 3.261326132613261430e-01 1.347134713471347112e-01 6.150615061506150422e-02 3.480348034803480428e-01 1.323132313231323021e-01 6.870687068706871070e-02 3.207320732073207226e-01 1.209120912091209143e-01 5.220522052205220365e-02
3.507350735073507253e-01 1.200120012001200109e-01 5.730573057305730911e-02 3.168316831683168355e-01 1.005100510051005064e-01 4.800480048004800160e-02 3.402340234023402132e-01 1.026102610261026143e-01 4.950495049504950729e-02 2.952295229522952091e-01 1.089108910891089105e-01 4.500450045004500410e-02
2.991299129912991517e-01 9.210921092109210229e-02 3.840384038403840683e-02 3.534353435343534078e-01 1.431143114311431153e-01 7.080708070807080479e-02 2.877287728772877085e-01 9.300930093009300570e-02 3.990399039903990558e-02 2.970297029702970160e-01 1.125112511251125103e-01 4.680468046804680399e-02
2.973297329732973449e-01 9.750975097509750888e-02 3.630363036303630581e-02 3.075307530753075280e-01 1.257125712571257048e-01 5.790579057905790444e-02 2.472247224722472214e-01 7.560756075607560911e-02 2.970297029702970160e-02 3.339333933393339171e-01 1.272127212721272105e-01 6.060606060606060774e-02
2.937293729372937312e-01 1.101110111011101150e-01 4.410441044104410763e-02 2.850285028502850260e-01 9.360936093609360797e-02 3.690369036903690114e-02 3.144314431443144264e-01 1.065106510651065153e-01 4.380438043804380649e-02 2.955295529552955380e-01 1.002100210021002052e-01 3.630363036303630581e-02
2.079207920792079112e-01 6.120612061206120308e-02 2.640264026402640296e-02 2.547254725472547499e-01 7.110711071107110592e-02 2.460246024602460307e-02 2.397239723972397207e-01 6.120612061206120308e-02 2.580258025802580416e-02 2.916291629162916510e-01 9.810981098109811116e-02 5.040504050405040376e-02
2.397239723972397207e-01 6.270627062706270183e-02 2.880288028802880165e-02 2.109210921092109225e-01 5.910591059105910899e-02 2.580258025802580416e-02 2.406240624062406241e-01 7.530753075307530797e-02 3.690369036903690114e-02 2.184218421842184232e-01 5.820582058205820558e-02 2.190219021902190324e-02
2.124212421242124282e-01 6.000600060006000547e-02 2.160216021602160211e-02 2.739273927392739116e-01 1.062106210621062141e-01 5.250525052505250478e-02 2.385238523852385162e-01 6.780678067806780729e-02 2.850285028502850398e-02 2.199219921992199289e-01 7.020702070207020251e-02 2.940294029402940393e-02
2.235223522352235148e-01 5.880588058805880786e-02 2.730273027302730290e-02 2.232223222322232137e-01 6.120612061206120308e-02 2.700270027002700177e-02 2.217221722172217357e-01 5.850585058505850672e-02 2.460246024602460307e-02 1.947194719471947166e-01 5.940594059405940319e-02 2.550255025502550302e-02
1.920192019201920064e-01 4.410441044104410763e-02 2.070207020702070216e-02 2.022202220222022173e-01 7.290729072907291275e-02 3.300330033003300023e-02 2.157215721572157130e-01 5.550555055505550228e-02 2.460246024602460307e-02 1.731173117311731180e-01 4.590459045904590751e-02 1.860186018601860114e-02
1.854185418541854091e-01 5.280528052805280592e-02 2.220222022202220091e-02 1.638163816381638105e-01 4.710471047104710512e-02 1.980198019801980222e-02 1.758175817581758282e-01 4.620462046204620171e-02 2.310231023102310086e-02 1.992199219921992337e-01 5.400540054005400353e-02 2.010201020102010336e-02
2.310231023102310155e-01 7.350735073507350115e-02 2.400240024002400080e-02 1.584158415841584178e-01 3.450345034503450592e-02 2.130213021302130097e-02 1.659165916591659184e-01 3.570357035703570353e-02 1.920192019201920341e-02 1.812181218121812210e-01 4.410441044104410763e-02 2.250225022502250205e-02
1.626162616261626059e-01 4.440444044404440183e-02 2.010201020102010336e-02 1.482148214821482068e-01 3.810381038103810569e-02 2.160216021602160211e-02 1.602160216021602246e-01 3.780378037803780455e-02 1.680168016801680125e-02 1.704170417041704078e-01 3.810381038103810569e-02 1.920192019201920341e-02
1.389138913891389271e-01 3.060306030603060154e-02 1.770177017701770120e-02 1.392139213921392005e-01 3.030303030303030387e-02 1.620162016201620245e-02 1.770177017701770050e-01 3.720372037203720228e-02 1.680168016801680125e-02 1.620162016201620037e-01 4.530453045304530524e-02 1.920192019201920341e-02
1.425142514251425130e-01 3.120312031203120381e-02 1.800180018001800233e-02 2.343234323432343280e-01 7.500750075007500683e-02 3.450345034503450592e-02 1.542154215421542018e-01 3.390339033903390364e-02 2.190219021902190324e-02 1.368136813681368191e-01 3.420342034203420478e-02 1.320132013201320148e-02
1.596159615961596223e-01 3.960396039603960444e-02 2.250225022502250205e-02 1.500150015001500137e-01 4.110411041104110319e-02 1.950195019501950108e-02 1.503150315031503148e-01 3.300330033003300023e-02 1.920192019201920341e-02 1.269126912691269093e-01 2.940294029402940393e-02 2.280228022802280319e-02
1.569156915691569121e-01 4.020402040204020672e-02 1.890189018901890228e-02 1.287128712871287162e-01 3.330333033303330137e-02 2.160216021602160211e-02 1.281128112811281139e-01 3.480348034803480012e-02 1.950195019501950108e-02 1.323132313231323021e-01 3.240324032403240490e-02 1.350135013501350088e-02
1.491149114911491103e-01 3.450345034503450592e-02 2.010201020102010336e-02 1.203120312031203121e-01 2.970297029702970160e-02 1.350135013501350088e-02 1.248124812481248153e-01 2.430243024302430194e-02 1.470147014701470196e-02 1.083108310831083082e-01 2.460246024602460307e-02 1.530153015301530077e-02
1.116111611161116068e-01 2.640264026402640296e-02 1.440144014401440083e-02 1.236123612361236107e-01 2.550255025502550302e-02 1.440144014401440083e-02 1.113111311131113057e-01 2.520252025202520188e-02 1.560156015601560191e-02 1.203120312031203121e-01 3.360336033603360251e-02 1.800180018001800233e-02
9.990999099909990411e-02 2.220222022202220091e-02 2.100210021002100330e-02 1.068106810681068164e-01 1.980198019801980222e-02 1.110111011101110046e-02 1.413141314131413084e-01 3.540354035403540239e-02 1.830183018301830347e-02 1.185118511851185052e-01 2.820282028202820285e-02 2.010201020102010336e-02
1.188118811881188064e-01 2.160216021602160211e-02 1.800180018001800233e-02 1.074107410741074048e-01 3.330333033303330137e-02 1.800180018001800233e-02 1.095109510951095128e-01 2.940294029402940393e-02 2.040204020402040103e-02 9.930993099309931571e-02 2.430243024302430194e-02 1.440144014401440083e-02
1.185118511851185052e-01 2.790279027902790171e-02 2.610261026102610182e-02 9.450945094509451139e-02 2.160216021602160211e-02 2.190219021902190324e-02 1.008100810081008075e-01 2.280228022802280319e-02 1.710171017101710239e-02 9.870987098709871344e-02 2.100210021002100330e-02 1.800180018001800233e-02
9.060906090609061048e-02 2.130213021302130097e-02 1.830183018301830347e-02 1.092109210921092116e-01 2.340234023402340199e-02 1.470147014701470196e-02 8.640864086408640843e-02 1.860186018601860114e-02 1.800180018001800233e-02 7.740774077407740206e-02 2.130213021302130097e-02 1.950195019501950108e-02
8.640864086408640843e-02 2.070207020702070216e-02 1.710171017101710239e-02 1.125112511251125103e-01 2.340234023402340199e-02 1.470147014701470196e-02 8.430843084308431434e-02 2.070207020702070216e-02 1.590159015901590131e-02 9.420942094209421025e-02 2.040204020402040103e-02 1.590159015901590131e-02
8.340834083408341093e-02 2.400240024002400080e-02 1.800180018001800233e-02 8.610861086108610729e-02 3.000300030003000273e-02 1.800180018001800233e-02 9.270927092709270456e-02 2.340234023402340199e-02 1.470147014701470196e-02 8.460846084608460160e-02 2.490249024902490421e-02 1.770177017701770120e-02
1.050105010501050096e-01 1.800180018001800233e-02 1.590159015901590131e-02 8.130813081308130297e-02 1.680168016801680125e-02 1.530153015301530077e-02 8.430843084308431434e-02 2.580258025802580416e-02 1.710171017101710239e-02 9.360936093609360797e-02 2.010201020102010336e-02 1.530153015301530077e-02
8.670867086708670957e-02 2.520252025202520188e-02 1.140114011401140159e-02 6.720672067206720501e-02 1.740174017401740006e-02 1.740174017401740006e-02 7.560756075607560911e-02 2.070207020702070216e-02 1.710171017101710239e-02 7.980798079807981116e-02 1.830183018301830347e-02 1.200120012001200040e-02
7.710771077107710092e-02 1.680168016801680125e-02 1.680168016801680125e-02 7.800780078007800433e-02 2.400240024002400080e-02 1.380138013801380202e-02 7.440744074407440456e-02 2.130213021302130097e-02 1.500150015001500137e-02 7.980798079807981116e-02 2.040204020402040103e-02 1.230123012301230154e-02
7.530753075307530797e-02 1.380138013801380202e-02 1.680168016801680125e-02 6.780678067806780729e-02 1.920192019201920341e-02 1.650165016501650012e-02 6.480648064806480979e-02 2.280228022802280319e-02 1.710171017101710239e-02 7.230723072307231047e-02 2.070207020702070216e-02 1.620162016201620245e-02
8.010801080108011230e-02 1.740174017401740006e-02 1.620162016201620245e-02 6.000600060006000547e-02 1.860186018601860114e-02 1.350135013501350088e-02 5.640564056405640569e-02 1.470147014701470196e-02 1.680168016801680125e-02 5.340534053405340820e-02 1.230123012301230154e-02 1.950195019501950108e-02
6.330633063306330410e-02 2.190219021902190324e-02 1.980198019801980222e-02 5.850585058505850672e-02 1.500150015001500137e-02 1.530153015301530077e-02 5.550555055505550228e-02 1.530153015301530077e-02 1.410141014101410142e-02 6.060606060606060774e-02 1.500150015001500137e-02 1.830183018301830347e-02
5.070507050705070490e-02 1.500150015001500137e-02 1.740174017401740006e-02 5.550555055505550228e-02 1.890189018901890228e-02 1.230123012301230154e-02 5.580558055805580342e-02 1.560156015601560191e-02 1.350135013501350088e-02 4.920492049204920615e-02 1.410141014101410142e-02 1.740174017401740006e-02
6.360636063606360524e-02 1.590159015901590131e-02 1.500150015001500137e-02 6.600660066006600046e-02 1.890189018901890228e-02 1.050105010501050165e-02 6.570657065706571320e-02 1.680168016801680125e-02 1.650165016501650012e-02 6.690669066906690388e-02 2.040204020402040103e-02 1.470147014701470196e-02
4.980498049804980842e-02 1.620162016201620245e-02 1.620162016201620245e-02 4.650465046504650285e-02 1.800180018001800233e-02 1.380138013801380202e-02 5.220522052205220365e-02 1.620162016201620245e-02 1.440144014401440083e-02 6.120612061206120308e-02 1.710171017101710239e-02 1.680168016801680125e-02
5.640564056405640569e-02 1.890189018901890228e-02 1.320132013201320148e-02 5.040504050405040376e-02 1.830183018301830347e-02 1.500150015001500137e-02 4.350435043504350535e-02 2.010201020102010336e-02 1.650165016501650012e-02 5.460546054605460581e-02 1.710171017101710239e-02 1.590159015901590131e-02
4.890489048904890501e-02 1.560156015601560191e-02 1.650165016501650012e-02 3.870387038703870103e-02 2.220222022202220091e-02 1.440144014401440083e-02 4.950495049504950729e-02 1.590159015901590131e-02 1.590159015901590131e-02 3.900390039003900217e-02 1.260126012601260094e-02 1.230123012301230154e-02
4.740474047404740626e-02 1.980198019801980222e-02 1.890189018901890228e-02 4.140414041404140433e-02 1.500150015001500137e-02 1.530153015301530077e-02 4.860486048604860387e-02 1.470147014701470196e-02 1.500150015001500137e-02 5.670567056705670683e-02 2.100210021002100330e-02 1.710171017101710239e-02
5.130513051305130717e-02 1.740174017401740006e-02 1.470147014701470196e-02 5.130513051305130717e-02 1.800180018001800233e-02 1.560156015601560191e-02 4.710471047104710512e-02 1.590159015901590131e-02 1.350135013501350088e-02 4.440444044404440183e-02 2.040204020402040103e-02 1.590159015901590131e-02
4.260426042604260194e-02 2.010201020102010336e-02 1.290129012901290208e-02 4.620462046204620171e-02 1.560156015601560191e-02 1.260126012601260094e-02 4.410441044104410763e-02 1.410141014101410142e-02 1.500150015001500137e-02 5.040504050405040376e-02 1.470147014701470196e-02 1.800180018001800233e-02
4.800480048004800160e-02 1.830183018301830347e-02 1.650165016501650012e-02 3.660366036603660694e-02 1.770177017701770120e-02 1.710171017101710239e-02 3.990399039903990558e-02 1.620162016201620245e-02 1.140114011401140159e-02 3.840384038403840683e-02 1.590159015901590131e-02 1.650165016501650012e-02
3.690369036903690114e-02 1.590159015901590131e-02 1.410141014101410142e-02 4.320432043204320421e-02 1.980198019801980222e-02 1.410141014101410142e-02 4.440444044404440183e-02 1.770177017701770120e-02 1.380138013801380202e-02 4.740474047404740626e-02 1.680168016801680125e-02 1.860186018601860114e-02
4.050405040504050092e-02 1.530153015301530077e-02 1.590159015901590131e-02 4.080408040804080205e-02 1.650165016501650012e-02 1.620162016201620245e-02 4.650465046504650285e-02 1.380138013801380202e-02 1.830183018301830347e-02 3.990399039903990558e-02 1.830183018301830347e-02 1.530153015301530077e-02
4.590459045904590751e-02 1.530153015301530077e-02 1.830183018301830347e-02 3.570357035703570353e-02 1.470147014701470196e-02 1.710171017101710239e-02 3.840384038403840683e-02 1.650165016501650012e-02 1.410141014101410142e-02 2.940294029402940393e-02 1.260126012601260094e-02 1.290129012901290208e-02
3.090309030903090268e-02 1.710171017101710239e-02 1.230123012301230154e-02 3.480348034803480012e-02 1.380138013801380202e-02 1.290129012901290208e-02 4.140414041404140433e-02 1.500150015001500137e-02 1.320132013201320148e-02 2.910291029102910279e-02 1.560156015601560191e-02 1.830183018301830347e-02
2.910291029102910279e-02 1.500150015001500137e-02 1.650165016501650012e-02 3.750375037503750342e-02 1.650165016501650012e-02 1.290129012901290208e-02 3.420342034203420478e-02 2.010201020102010336e-02 1.440144014401440083e-02 3.720372037203720228e-02 1.320132013201320148e-02 1.740174017401740006e-02
3.540354035403540239e-02 1.950195019501950108e-02 1.620162016201620245e-02 3.930393039303930330e-02 1.380138013801380202e-02 1.530153015301530077e-02 3.120312031203120381e-02 1.470147014701470196e-02 2.130213021302130097e-02 3.030303030303030387e-02 1.350135013501350088e-02 1.800180018001800233e-02
3.240324032403240490e-02 1.320132013201320148e-02 1.290129012901290208e-02 3.630363036303630581e-02 1.500150015001500137e-02 1.440144014401440083e-02 3.210321032103210376e-02 1.500150015001500137e-02 1.650165016501650012e-02 3.240324032403240490e-02 1.140114011401140159e-02 1.860186018601860114e-02
2.790279027902790171e-02 2.130213021302130097e-02 1.560156015601560191e-02 2.910291029102910279e-02 1.680168016801680125e-02 1.290129012901290208e-02 3.150315031503150148e-02 1.590159015901590131e-02 1.830183018301830347e-02 3.060306030603060154e-02 1.620162016201620245e-02 1.710171017101710239e-02
3.990399039903990558e-02 1.440144014401440083e-02 1.590159015901590131e-02 3.360336033603360251e-02 1.920192019201920341e-02 1.050105010501050165e-02 3.030303030303030387e-02 1.560156015601560191e-02 1.710171017101710239e-02 2.730273027302730290e-02 1.770177017701770120e-02 1.560156015601560191e-02
2.130213021302130097e-02 1.200120012001200040e-02 1.470147014701470196e-02 3.570357035703570353e-02 1.650165016501650012e-02 1.620162016201620245e-02 3.480348034803480012e-02 1.500150015001500137e-02 1.350135013501350088e-02 2.610261026102610182e-02 1.020102010201020051e-02 1.500150015001500137e-02
3.090309030903090268e-02 1.710171017101710239e-02 1.590159015901590131e-02 2.760276027602760404e-02 1.560156015601560191e-02 1.710171017101710239e-02 2.820282028202820285e-02 2.130213021302130097e-02 1.620162016201620245e-02 2.130213021302130097e-02 1.500150015001500137e-02 1.590159015901590131e-02
2.790279027902790171e-02 1.110111011101110046e-02 1.170117011701170100e-02 3.180318031803180262e-02 1.680168016801680125e-02 1.200120012001200040e-02 2.670267026702670410e-02 1.260126012601260094e-02 1.320132013201320148e-02 3.060306030603060154e-02 2.070207020702070216e-02 1.440144014401440083e-02
2.880288028802880165e-02 1.590159015901590131e-02 1.650165016501650012e-02 2.730273027302730290e-02 1.470147014701470196e-02 1.470147014701470196e-02 3.360336033603360251e-02 1.470147014701470196e-02 1.680168016801680125e-02 3.150315031503150148e-02 1.470147014701470196e-02 1.800180018001800233e-02
3.060306030603060154e-02 1.380138013801380202e-02 1.530153015301530077e-02 2.580258025802580416e-02 1.440144014401440083e-02 1.410141014101410142e-02 2.400240024002400080e-02 1.590159015901590131e-02 1.710171017101710239e-02 2.430243024302430194e-02 1.230123012301230154e-02 1.500150015001500137e-02
2.400240024002400080e-02 1.620162016201620245e-02 1.440144014401440083e-02 2.220222022202220091e-02 1.470147014701470196e-02 1.710171017101710239e-02 2.940294029402940393e-02 1.680168016801680125e-02 1.650165016501650012e-02 2.550255025502550302e-02 1.410141014101410142e-02 1.740174017401740006e-02
2.070207020702070216e-02 1.710171017101710239e-02 1.560156015601560191e-02 3.150315031503150148e-02 1.800180018001800233e-02 1.410141014101410142e-02 2.670267026702670410e-02 1.470147014701470196e-02 1.740174017401740006e-02 2.910291029102910279e-02 1.200120012001200040e-02 1.650165016501650012e-02
2.790279027902790171e-02 1.530153015301530077e-02 1.470147014701470196e-02 2.250225022502250205e-02 1.680168016801680125e-02 1.440144014401440083e-02 2.220222022202220091e-02 1.740174017401740006e-02 2.070207020702070216e-02 3.120312031203120381e-02 1.440144014401440083e-02 1.860186018601860114e-02
2.610261026102610182e-02 1.590159015901590131e-02 1.650165016501650012e-02 2.250225022502250205e-02 1.410141014101410142e-02 1.680168016801680125e-02 1.980198019801980222e-02 1.440144014401440083e-02 1.440144014401440083e-02 2.340234023402340199e-02 1.560156015601560191e-02 1.470147014701470196e-02
2.550255025502550302e-02 1.680168016801680125e-02 1.380138013801380202e-02 2.520252025202520188e-02 1.860186018601860114e-02 1.650165016501650012e-02 2.220222022202220091e-02 1.950195019501950108e-02 1.710171017101710239e-02 2.760276027602760404e-02 1.680168016801680125e-02 1.920192019201920341e-02
2.250225022502250205e-02 1.560156015601560191e-02 1.350135013501350088e-02 3.060306030603060154e-02 1.710171017101710239e-02 1.770177017701770120e-02 2.370237023702370313e-02 1.740174017401740006e-02 1.740174017401740006e-02 2.250225022502250205e-02 1.500150015001500137e-02 1.290129012901290208e-02
2.100210021002100330e-02 1.350135013501350088e-02 1.560156015601560191e-02 2.250225022502250205e-02 1.650165016501650012e-02 1.830183018301830347e-02 2.370237023702370313e-02 1.560156015601560191e-02 1.710171017101710239e-02 2.580258025802580416e-02 1.380138013801380202e-02 1.590159015901590131e-02
2.100210021002100330e-02 1.890189018901890228e-02 1.170117011701170100e-02 2.160216021602160211e-02 1.410141014101410142e-02 1.470147014701470196e-02 2.850285028502850398e-02 1.800180018001800233e-02 1.500150015001500137e-02 3.120312031203120381e-02 1.530153015301530077e-02 1.410141014101410142e-02
2.100210021002100330e-02 1.500150015001500137e-02 1.860186018601860114e-02 1.890189018901890228e-02 1.290129012901290208e-02 1.740174017401740006e-02 2.250225022502250205e-02 1.590159015901590131e-02 1.800180018001800233e-02 2.130213021302130097e-02 1.260126012601260094e-02 1.530153015301530077e-02
1.680168016801680125e-02 1.890189018901890228e-02 1.470147014701470196e-02 2.070207020702070216e-02 1.800180018001800233e-02 1.530153015301530077e-02 2.490249024902490421e-02 1.860186018601860114e-02 1.110111011101110046e-02 2.670267026702670410e-02 1.500150015001500137e-02 1.290129012901290208e-02
2.100210021002100330e-02 1.770177017701770120e-02 1.590159015901590131e-02 2.340234023402340199e-02 1.260126012601260094e-02 1.590159015901590131e-02 2.460246024602460307e-02 1.350135013501350088e-02 1.500150015001500137e-02 2.310231023102310086e-02 1.950195019501950108e-02 1.860186018601860114e-02
2.100210021002100330e-02 1.710171017101710239e-02 1.740174017401740006e-02 1.740174017401740006e-02 1.560156015601560191e-02 1.890189018901890228e-02 1.890189018901890228e-02 1.350135013501350088e-02 1.440144014401440083e-02 2.220222022202220091e-02 1.470147014701470196e-02 1.440144014401440083e-02
1.890189018901890228e-02 1.620162016201620245e-02 1.560156015601560191e-02 2.130213021302130097e-02 1.890189018901890228e-02 1.380138013801380202e-02 2.430243024302430194e-02 1.380138013801380202e-02 1.110111011101110046e-02 1.830183018301830347e-02 1.920192019201920341e-02 1.740174017401740006e-02
1.950195019501950108e-02 1.500150015001500137e-02 1.530153015301530077e-02 1.800180018001800233e-02 1.530153015301530077e-02 1.620162016201620245e-02 2.220222022202220091e-02 1.440144014401440083e-02 1.650165016501650012e-02 1.770177017701770120e-02 1.470147014701470196e-02 1.530153015301530077e-02
1.920192019201920341e-02 1.560156015601560191e-02 1.590159015901590131e-02 1.920192019201920341e-02 1.590159015901590131e-02 1.350135013501350088e-02 2.100210021002100330e-02 1.500150015001500137e-02 1.470147014701470196e-02 2.040204020402040103e-02 1.590159015901590131e-02 1.350135013501350088e-02
1.740174017401740006e-02 1.440144014401440083e-02 1.530153015301530077e-02 2.190219021902190324e-02 1.620162016201620245e-02 1.500150015001500137e-02 2.070207020702070216e-02 1.830183018301830347e-02 1.260126012601260094e-02 2.100210021002100330e-02 1.350135013501350088e-02 1.830183018301830347e-02
2.070207020702070216e-02 1.800180018001800233e-02 1.230123012301230154e-02 2.130213021302130097e-02 1.500150015001500137e-02 1.380138013801380202e-02 1.950195019501950108e-02 1.170117011701170100e-02 1.710171017101710239e-02 2.100210021002100330e-02 1.530153015301530077e-02 1.110111011101110046e-02
1.770177017701770120e-02 1.440144014401440083e-02 1.500150015001500137e-02 2.100210021002100330e-02 1.440144014401440083e-02 1.380138013801380202e-02 1.800180018001800233e-02 1.320132013201320148e-02 1.140114011401140159e-02 1.890189018901890228e-02 1.380138013801380202e-02 1.380138013801380202e-02
1.980198019801980222e-02 1.470147014701470196e-02 1.710171017101710239e-02 2.160216021602160211e-02 1.470147014701470196e-02 1.380138013801380202e-02 1.890189018901890228e-02 2.040204020402040103e-02 1.710171017101710239e-02 1.980198019801980222e-02 1.980198019801980222e-02 1.710171017101710239e-02
1.350135013501350088e-02 8.700870087008700030e-03 1.500150015001500137e-02 2.160216021602160211e-02 2.100210021002100330e-02 1.740174017401740006e-02 1.560156015601560191e-02 1.620162016201620245e-02 1.890189018901890228e-02 1.860186018601860114e-02 1.590159015901590131e-02 1.470147014701470196e-02
2.220222022202220091e-02 2.070207020702070216e-02 1.470147014701470196e-02 1.710171017101710239e-02 1.410141014101410142e-02 1.740174017401740006e-02 1.890189018901890228e-02 1.470147014701470196e-02 1.890189018901890228e-02 1.530153015301530077e-02 1.350135013501350088e-02 1.620162016201620245e-02
1.860186018601860114e-02 1.920192019201920341e-02 1.830183018301830347e-02 1.530153015301530077e-02 1.620162016201620245e-02 1.530153015301530077e-02 1.590159015901590131e-02 1.470147014701470196e-02 1.620162016201620245e-02 1.560156015601560191e-02 1.950195019501950108e-02 1.530153015301530077e-02
1.950195019501950108e-02 1.470147014701470196e-02 1.200120012001200040e-02 1.860186018601860114e-02 1.740174017401740006e-02 1.890189018901890228e-02 1.860186018601860114e-02 1.440144014401440083e-02 1.800180018001800233e-02 1.650165016501650012e-02 1.320132013201320148e-02 1.470147014701470196e-02
