9.657999999999999918e-01 9.695000000000000284e-01 9.628999999999999782e-01 9.616000000000000103e-01
9.204999999999999849e-01 8.915999999999999481e-01 8.927000000000000490e-01 9.195999999999999730e-01
8.621999999999999664e-01 8.709999999999999964e-01 8.732999999999999652e-01 8.968000000000000416e-01
8.219999999999999529e-01 7.970000000000000417e-01 8.224000000000000199e-01 8.304000000000000270e-01
7.705999999999999517e-01 7.960000000000000409e-01 7.650000000000000133e-01 7.780000000000000249e-01
7.862000000000000099e-01 7.131999999999999451e-01 7.368000000000000105e-01 7.047999999999999821e-01
6.822000000000000286e-01 6.713999999999999968e-01 6.985000000000000098e-01 6.524999999999999689e-01
6.762000000000000233e-01 6.570000000000000284e-01 6.433999999999999719e-01 6.332999999999999741e-01
6.488000000000000433e-01 5.987999999999999989e-01 6.225000000000000533e-01 6.394999999999999574e-01
5.466999999999999638e-01 6.254999999999999449e-01 6.125000000000000444e-01 5.989999999999999769e-01
5.475999999999999757e-01 5.356999999999999540e-01 5.502000000000000224e-01 5.713000000000000300e-01
4.980999999999999872e-01 5.029000000000000137e-01 4.984000000000000097e-01 5.402000000000000135e-01
4.917000000000000259e-01 4.843999999999999972e-01 4.807000000000000162e-01 4.541000000000000036e-01
4.299000000000000044e-01 4.535000000000000142e-01 4.621000000000000107e-01 4.527999999999999803e-01
4.403000000000000247e-01 4.702000000000000068e-01 4.611000000000000099e-01 4.162000000000000144e-01
4.827000000000000179e-01 4.166000000000000258e-01 4.006000000000000116e-01 4.305999999999999828e-01
3.901000000000000023e-01 3.851999999999999869e-01 3.689000000000000057e-01 3.705999999999999850e-01
3.216999999999999860e-01 3.462999999999999967e-01 3.386000000000000121e-01 3.214000000000000190e-01
3.175000000000000044e-01 3.395000000000000240e-01 3.549999999999999822e-01 3.159000000000000141e-01
3.432999999999999940e-01 3.160999999999999921e-01 3.376000000000000112e-01 3.090999999999999859e-01
2.864999999999999769e-01 3.496000000000000218e-01 2.874999999999999778e-01 3.115999999999999881e-01
2.934999999999999831e-01 3.145999999999999908e-01 2.514000000000000123e-01 3.466000000000000192e-01
2.973999999999999977e-01 2.748999999999999777e-01 3.065999999999999837e-01 3.065999999999999837e-01
2.102999999999999869e-01 2.576999999999999846e-01 2.444000000000000061e-01 2.967000000000000193e-01
2.461000000000000132e-01 2.142999999999999905e-01 2.472999999999999921e-01 2.215000000000000024e-01
2.151000000000000134e-01 2.962000000000000188e-01 2.267000000000000126e-01 2.192000000000000060e-01
2.099000000000000032e-01 2.267000000000000126e-01 2.064999999999999891e-01 1.877999999999999947e-01
1.913999999999999868e-01 1.952000000000000124e-01 2.048999999999999988e-01 1.796000000000000096e-01
1.821000000000000119e-01 1.738999999999999990e-01 1.721999999999999920e-01 2.006000000000000005e-01
2.184999999999999998e-01 1.623999999999999888e-01 1.680999999999999994e-01 1.965999999999999970e-01
1.661999999999999866e-01 1.496000000000000107e-01 1.610999999999999932e-01 1.655999999999999972e-01
1.390000000000000124e-01 1.443000000000000116e-01 1.605999999999999928e-01 1.652000000000000135e-01
1.325000000000000067e-01 2.275000000000000078e-01 1.504000000000000059e-01 1.381999999999999895e-01
1.587000000000000077e-01 1.574000000000000121e-01 1.398999999999999966e-01 1.300000000000000044e-01
1.527000000000000024e-01 1.297000000000000097e-01 1.254000000000000115e-01 1.348999999999999921e-01
1.421000000000000041e-01 1.184000000000000052e-01 1.297999999999999987e-01 1.107000000000000067e-01
1.059999999999999970e-01 1.155999999999999944e-01 1.179999999999999938e-01 1.217000000000000026e-01
1.081000000000000016e-01 1.000000000000000056e-01 1.335999999999999965e-01 1.164000000000000035e-01
1.120000000000000023e-01 1.021999999999999992e-01 1.058000000000000052e-01 1.029999999999999943e-01
1.136000000000000065e-01 9.629999999999999671e-02 9.569999999999999341e-02 1.074999999999999983e-01
8.659999999999999643e-02 9.750000000000000333e-02 8.749999999999999445e-02 7.459999999999999964e-02
9.059999999999999998e-02 1.053000000000000047e-01 7.939999999999999836e-02 9.379999999999999449e-02
8.110000000000000542e-02 9.260000000000000175e-02 8.490000000000000324e-02 8.409999999999999420e-02
9.070000000000000284e-02 7.670000000000000429e-02 8.269999999999999574e-02 9.120000000000000329e-02
8.559999999999999554e-02 7.359999999999999876e-02 7.280000000000000360e-02 7.570000000000000340e-02
7.749999999999999944e-02 8.530000000000000082e-02 7.270000000000000073e-02 7.689999999999999614e-02
6.479999999999999649e-02 6.850000000000000533e-02 6.619999999999999496e-02 7.399999999999999634e-02
6.700000000000000400e-02 6.590000000000000024e-02 6.149999999999999911e-02 5.369999999999999774e-02
6.809999999999999387e-02 5.249999999999999806e-02 5.899999999999999689e-02 6.079999999999999988e-02
5.229999999999999927e-02 5.999999999999999778e-02 5.449999999999999983e-02 5.229999999999999927e-02
5.920000000000000262e-02 6.800000000000000488e-02 6.320000000000000617e-02 6.230000000000000121e-02
5.170000000000000290e-02 4.809999999999999692e-02 5.750000000000000250e-02 6.250000000000000000e-02
5.260000000000000092e-02 5.000000000000000278e-02 3.969999999999999918e-02 4.769999999999999934e-02
4.859999999999999737e-02 4.329999999999999821e-02 5.009999999999999870e-02 4.889999999999999902e-02
4.789999999999999813e-02 4.929999999999999660e-02 4.750000000000000056e-02 5.759999999999999842e-02
4.680000000000000132e-02 5.170000000000000290e-02 4.540000000000000285e-02 4.519999999999999712e-02
4.540000000000000285e-02 4.700000000000000011e-02 4.259999999999999898e-02 5.720000000000000084e-02
4.769999999999999934e-02 3.780000000000000027e-02 4.059999999999999720e-02 3.889999999999999708e-02
4.159999999999999809e-02 4.100000000000000172e-02 4.070000000000000007e-02 4.120000000000000051e-02
4.259999999999999898e-02 4.250000000000000305e-02 4.089999999999999886e-02 4.050000000000000128e-02
4.270000000000000184e-02 3.660000000000000059e-02 4.619999999999999801e-02 3.280000000000000276e-02
3.760000000000000148e-02 3.540000000000000091e-02 4.359999999999999987e-02 3.289999999999999869e-02
3.330000000000000321e-02 3.490000000000000047e-02 3.490000000000000047e-02 3.719999999999999696e-02
2.970000000000000070e-02 3.969999999999999918e-02 2.939999999999999905e-02 3.660000000000000059e-02
2.829999999999999877e-02 3.509999999999999926e-02 3.130000000000000143e-02 3.400000000000000244e-02
3.440000000000000002e-02 2.800000000000000058e-02 3.259999999999999704e-02 3.729999999999999982e-02
3.440000000000000002e-02 3.409999999999999837e-02 2.939999999999999905e-02 3.009999999999999828e-02
2.670000000000000151e-02 3.459999999999999881e-02 3.300000000000000155e-02 2.299999999999999961e-02
2.529999999999999957e-02 2.539999999999999897e-02 3.039999999999999994e-02 2.580000000000000002e-02
2.520000000000000018e-02 2.980000000000000010e-02 2.850000000000000103e-02 2.740000000000000074e-02
2.709999999999999909e-02 2.639999999999999986e-02 2.819999999999999937e-02 2.840000000000000163e-02
2.539999999999999897e-02 2.539999999999999897e-02 2.649999999999999925e-02 2.520000000000000018e-02
2.359999999999999945e-02 2.419999999999999929e-02 2.639999999999999986e-02 2.599999999999999881e-02
2.149999999999999828e-02 3.109999999999999917e-02 2.510000000000000078e-02 3.150000000000000022e-02
2.520000000000000018e-02 2.350000000000000006e-02 2.239999999999999977e-02 2.270000000000000143e-02
2.479999999999999913e-02 2.239999999999999977e-02 2.469999999999999973e-02 2.210000000000000159e-02
2.290000000000000022e-02 2.220000000000000098e-02 2.390000000000000110e-02 2.359999999999999945e-02
2.319999999999999840e-02 2.589999999999999941e-02 2.220000000000000098e-02 2.079999999999999905e-02
2.040000000000000147e-02 2.460000000000000034e-02 2.259999999999999856e-02 2.149999999999999828e-02
2.019999999999999921e-02 2.160000000000000114e-02 2.500000000000000139e-02 2.220000000000000098e-02
1.890000000000000013e-02 2.040000000000000147e-02 2.419999999999999929e-02 1.990000000000000102e-02
1.839999999999999969e-02 2.129999999999999949e-02 2.259999999999999856e-02 1.830000000000000029e-02
2.009999999999999981e-02 1.940000000000000058e-02 2.050000000000000086e-02 2.450000000000000094e-02
2.309999999999999901e-02 1.940000000000000058e-02 2.089999999999999844e-02 2.179999999999999993e-02
2.019999999999999921e-02 1.919999999999999832e-02 1.820000000000000090e-02 1.919999999999999832e-02
1.830000000000000029e-02 1.959999999999999937e-02 1.949999999999999997e-02 1.770000000000000046e-02
2.069999999999999965e-02 2.050000000000000086e-02 1.909999999999999892e-02 1.940000000000000058e-02
2.210000000000000159e-02 1.779999999999999985e-02 2.029999999999999860e-02 2.029999999999999860e-02
1.949999999999999997e-02 1.820000000000000090e-02 1.880000000000000074e-02 1.669999999999999957e-02
2.040000000000000147e-02 1.859999999999999848e-02 1.940000000000000058e-02 1.779999999999999985e-02
1.799999999999999864e-02 2.160000000000000114e-02 1.940000000000000058e-02 1.940000000000000058e-02
2.060000000000000026e-02 2.019999999999999921e-02 1.940000000000000058e-02 1.770000000000000046e-02
1.689999999999999836e-02 1.839999999999999969e-02 2.050000000000000086e-02 1.600000000000000033e-02
1.870000000000000134e-02 1.669999999999999957e-02 1.810000000000000150e-02 1.839999999999999969e-02
1.750000000000000167e-02 2.110000000000000070e-02 1.820000000000000090e-02 1.859999999999999848e-02
