1.014101410141013737e+00 9.873987398739866306e-01 9.828982898289814196e-01 1.040804080408039844e+00
8.907890789078903859e-01 9.882988298829878948e-01 9.894989498949894324e-01 1.022502250225020948e+00
9.825982598259820344e-01 9.432943294329424466e-01 9.921992199219913378e-01 9.561956195619552012e-01
1.015001500150015445e+00 1.036903690369036513e+00 9.300930093009303068e-01 9.618961896189611727e-01
9.768976897689769512e-01 8.457845784578453818e-01 8.769876987698771442e-01 1.060006000600060005e+00
8.439843984398426313e-01 9.207920792079199446e-01 9.486948694869484777e-01 1.096009600960096364e+00
9.618961896189630600e-01 8.676867686768675592e-01 9.534953495349526298e-01 9.273927392739275133e-01
9.792979297929798044e-01 1.024602460246024860e+00 9.873987398739885180e-01 1.011401140114011277e+00
9.558955895589571483e-01 1.009000900090009312e+00 9.048904890489052333e-01 8.898889888988892327e-01
8.154815481548151057e-01 8.817881788178825175e-01 9.468946894689470595e-01 9.969996999699978213e-01
8.832883288328836624e-01 8.568856885688568292e-01 8.574857485748574870e-01 9.876987698769883472e-01
8.340834083408351640e-01 7.851785178517850516e-01 8.634863486348643979e-01 9.054905490549062241e-01
8.487848784878494479e-01 8.229822982298238276e-01 8.736873687368743591e-01 8.604860486048612200e-01
7.005700570057006304e-01 7.908790879087918002e-01 8.184818481848187277e-01 8.565856585658573330e-01
8.634863486348643979e-01 9.078907890789086332e-01 8.355835583558368640e-01 8.178817881788187361e-01
8.499849984998510966e-01 7.251725172517259344e-01 7.647764776477652404e-01 6.594659465946601795e-01
7.041704170417045772e-01 7.266726672667276343e-01 6.375637563756380022e-01 7.350735073507359552e-01
6.312631263126317060e-01 6.693669366936697562e-01 7.371737173717383129e-01 7.104710471047109843e-01
6.084608460846090416e-01 6.357635763576363619e-01 7.158715871587167934e-01 6.516651665166521834e-01
7.494749474947499657e-01 6.969696969696977940e-01 7.623762376237634975e-01 6.039603960396047189e-01
6.594659465946604016e-01 7.017701770177025011e-01 6.240624062406247008e-01 6.003600360036011052e-01
6.357635763576364729e-01 6.033603360336039501e-01 5.445544554455452602e-01 6.807680768076814770e-01
5.949594959495952962e-01 6.111611161116123903e-01 6.675667566756684490e-01 6.222622262226231715e-01
4.665466546654673530e-01 5.754575457545761941e-01 5.613561356135620128e-01 6.309630963096315437e-01
5.598559855985606459e-01 4.812481248124818589e-01 5.328532853285337101e-01 5.025502550255032119e-01
4.788478847884795608e-01 5.556555655565560414e-01 5.406540654065411511e-01 4.785478547854793430e-01
5.214521452145221003e-01 5.130513051305137795e-01 5.142514251425149840e-01 4.314431443144318146e-01
4.644464446444649952e-01 4.209420942094214135e-01 5.052505250525061165e-01 4.002400240024008848e-01
4.200420042004207599e-01 3.699369936993703312e-01 4.119411941194125459e-01 4.557455745574564010e-01
4.965496549654972447e-01 3.930393039303935465e-01 4.098409840984104102e-01 4.338433843384345567e-01
3.747374737473752604e-01 3.519351935193524850e-01 3.840384038403846789e-01 4.161416141614167619e-01
3.426342634263432885e-01 3.429342934293432843e-01 4.362436243624367993e-01 3.693369336933697289e-01
3.519351935193523184e-01 5.124512451245130107e-01 3.828382838283833633e-01 3.210321032103216066e-01
3.825382538253829789e-01 3.462346234623467911e-01 3.711371137113718688e-01 3.153315331533159682e-01
3.690369036903694555e-01 3.078307830783083010e-01 2.994299429942997581e-01 3.132313231323136660e-01
3.639363936393646415e-01 2.853285328532858545e-01 3.162316231623167329e-01 2.664266426642667440e-01
2.700270027002703022e-01 3.087308730873091211e-01 2.739273927392743557e-01 2.781278127812784051e-01
2.541254125412545362e-01 2.721272127212724934e-01 3.360336033603364969e-01 2.910291029102914373e-01
3.096309630963101078e-01 2.403240324032406283e-01 2.607260726072610502e-01 2.394239423942398359e-01
2.979297929792983912e-01 2.406240624062410405e-01 2.511251125112515248e-01 2.511251125112514138e-01
2.262226222622266136e-01 2.721272127212726044e-01 2.214221422142217954e-01 1.878187818781881235e-01
2.142214221422145959e-01 2.820282028202824587e-01 2.067206720672069842e-01 2.373237323732377002e-01
1.962196219621964721e-01 1.863186318631864791e-01 2.226222622262230000e-01 1.968196819681970189e-01
2.769276927692774226e-01 2.088208820882091199e-01 1.926192619261929417e-01 2.358235823582360835e-01
1.959195919591961155e-01 1.668166816681670994e-01 1.818181818181821008e-01 1.965196519651967733e-01
1.977197719771980333e-01 1.758175817581760780e-01 1.743174317431744891e-01 1.905190519051908060e-01
2.013201320132016747e-01 1.623162316231625268e-01 1.431143114311433651e-01 1.710171017101712876e-01
2.043204320432046028e-01 1.377137713771378891e-01 1.419141914191421605e-01 1.428142814281430639e-01
1.440144014401442685e-01 1.458145814581459643e-01 1.347134713471349055e-01 1.551155115511553828e-01
1.245124512451247223e-01 1.221122112211222854e-01 1.341134113411343032e-01 1.227122712271229155e-01
1.581158115811584497e-01 1.518151815181520425e-01 1.632163216321634858e-01 1.542154215421544239e-01
1.170117011701172216e-01 9.930993099309946837e-02 1.224122412241225866e-01 1.491149114911493601e-01
1.257125712571259268e-01 1.113111311131114861e-01 8.670867086708680671e-02 1.284128412841285538e-01
1.164116411641166055e-01 6.390639063906396189e-02 1.167116711671168650e-01 9.150915091509159716e-02
1.017101710171018358e-01 9.450945094509465016e-02 1.167116711671168650e-01 1.242124212421243240e-01
1.164116411641165777e-01 1.155115511551157020e-01 1.071107110711072424e-01 8.790879087908798351e-02
8.040804080408049670e-02 1.044104410441045599e-01 1.050105010501051761e-01 1.251125112511252413e-01
1.056105610561057229e-01 7.380738073807391331e-02 8.250825082508263242e-02 8.400840084008415198e-02
7.710771077107718419e-02 8.430843084308438373e-02 9.390939093909400626e-02 1.104110411041105272e-01
9.150915091509163879e-02 8.910891089108922969e-02 1.164116411641166193e-01 8.010801080108019556e-02
1.101110111011102677e-01 8.010801080108019556e-02 7.980798079807992218e-02 6.330633063306340125e-02
5.370537053705374403e-02 7.590759075907602127e-02 9.240924092409254220e-02 5.880588058805888418e-02
5.880588058805886337e-02 7.590759075907599351e-02 5.670567056705672071e-02 8.940894089408954470e-02
6.390639063906398964e-02 9.180918091809195380e-02 7.080708070807094356e-02 6.840684068406850671e-02
7.050705070507061467e-02 7.830783078307841649e-02 6.780678067806787668e-02 8.160816081608178452e-02
3.540354035403540933e-02 4.980498049804985006e-02 6.510651065106518032e-02 6.030603060306036906e-02
9.240924092409254220e-02 5.370537053705370933e-02 6.120612061206125859e-02 4.440444044404445734e-02
4.260426042604264357e-02 7.380738073807391331e-02 7.290729072907300989e-02 6.270627062706279897e-02
5.730573057305736462e-02 5.310531053105317645e-02 3.690369036903690808e-02 3.480348034803483481e-02
6.210621062106217588e-02 5.700570057005704266e-02 5.550555055505557167e-02 4.410441044104411457e-02
5.520552055205527747e-02 5.250525052505256723e-02 7.350735073507358441e-02 6.840684068406847895e-02
6.570657065706576871e-02 4.830483048304835825e-02 4.140414041404144596e-02 5.100510051005105461e-02
3.780378037803783231e-02 3.960396039603962526e-02 5.430543054305440182e-02 5.160516051605166382e-02
2.640264026402639949e-02 5.460546054605464050e-02 5.340534053405346371e-02 6.780678067806791831e-02
5.250525052505253948e-02 3.150315031503150842e-02 3.510351035103513595e-02 6.900690069006909511e-02
4.710471047104716064e-02 4.200420042004204824e-02 3.060306030603062583e-02 3.810381038103815426e-02
3.990399039903992640e-02 3.630363036303631968e-02 2.520252025202518106e-02 5.160516051605166382e-02
3.420342034203419784e-02 5.820582058205828885e-02 3.630363036303634050e-02 3.540354035403543015e-02
3.810381038103814039e-02 3.630363036303632662e-02 4.140414041404144596e-02 5.190519051905198578e-02
1.800180018001796764e-02 3.720372037203727167e-02 4.650465046504655142e-02 6.180618061806187474e-02
3.660366036603663470e-02 3.540354035403543709e-02 3.780378037803783231e-02 4.140414041404142514e-02
8.400840084008336442e-03 2.340234023402339505e-02 3.000300030002999926e-02 4.800480048004805017e-02
2.580258025802579375e-02 4.830483048304835825e-02 4.830483048304837213e-02 2.940294029402937964e-02
2.910291029102912361e-02 2.430243024302429847e-02 3.060306030603065011e-02 3.690369036903695665e-02
2.370237023702370660e-02 2.100210021002097902e-02 4.260426042604262276e-02 1.470147014701467768e-02
2.880288028802881206e-02 2.430243024302431581e-02 3.990399039903995415e-02 2.430243024302430888e-02
2.670267026702670757e-02 2.340234023402340893e-02 3.270327032703272685e-02 2.700270027002698442e-02
2.430243024302432275e-02 3.210321032103211070e-02 1.980198019801977793e-02 4.080408040804085756e-02
2.040204020402038368e-02 3.270327032703270603e-02 4.050405040504056337e-02 2.820282028202822019e-02
2.490249024902492503e-02 3.360336033603365802e-02 2.580258025802580762e-02 2.910291029102910626e-02
3.240324032403242571e-02 3.450345034503451980e-02 1.260126012601258012e-02 1.710171017101707464e-02
2.940294029402945944e-02 1.920192019201917913e-02 1.710171017101711280e-02 2.280228022802277890e-02
1.920192019201916872e-02 2.640264026402643072e-02 3.150315031503152924e-02 2.160216021602160558e-02
1.650165016501645848e-02 1.260126012601257318e-02 1.980198019801980569e-02 3.600360036003539491e-03
2.640264026402640643e-02 2.250225022502248817e-02 3.060306030603062583e-02 2.460246024602461001e-02
