9.550999999999999490e-01 9.588999999999999746e-01 9.346999999999999753e-01 9.518999999999999684e-01
9.175999999999999712e-01 8.723999999999999533e-01 8.850000000000000089e-01 8.800000000000000044e-01
8.211000000000000520e-01 8.139999999999999458e-01 8.389999999999999680e-01 8.467000000000000082e-01
8.034000000000000030e-01 8.146999999999999797e-01 7.776999999999999469e-01 7.848000000000000531e-01
7.387000000000000233e-01 7.258999999999999897e-01 7.096000000000000085e-01 7.122000000000000552e-01
7.227000000000000091e-01 6.645999999999999686e-01 7.064000000000000279e-01 6.915999999999999925e-01
5.966000000000000192e-01 6.542999999999999927e-01 6.222999999999999643e-01 6.076000000000000290e-01
5.837999999999999856e-01 5.672000000000000375e-01 5.429000000000000492e-01 5.426999999999999602e-01
5.693000000000000282e-01 5.351000000000000201e-01 5.506999999999999673e-01 5.443000000000000060e-01
5.040999999999999925e-01 5.281000000000000139e-01 5.092999999999999750e-01 5.283999999999999808e-01
4.436999999999999833e-01 4.413000000000000256e-01 4.732000000000000095e-01 4.626000000000000112e-01
4.284999999999999920e-01 4.066000000000000170e-01 4.511999999999999900e-01 4.627000000000000002e-01
3.874000000000000221e-01 3.829000000000000181e-01 4.092000000000000082e-01 3.943999999999999728e-01
3.920000000000000151e-01 3.422000000000000042e-01 3.301000000000000045e-01 3.679000000000000048e-01
3.849000000000000199e-01 4.025000000000000244e-01 3.457000000000000073e-01 3.406000000000000139e-01
3.073000000000000176e-01 3.086999999999999744e-01 2.932000000000000162e-01 2.954999999999999849e-01
3.004999999999999893e-01 2.740000000000000213e-01 2.742999999999999883e-01 2.696000000000000063e-01
2.492999999999999938e-01 2.893999999999999906e-01 2.446000000000000119e-01 2.389000000000000012e-01
2.596999999999999864e-01 2.574000000000000177e-01 2.497000000000000053e-01 2.451000000000000123e-01
2.290999999999999981e-01 2.487999999999999934e-01 2.235000000000000042e-01 2.323999999999999955e-01
2.086999999999999966e-01 2.217000000000000082e-01 2.175999999999999879e-01 1.910999999999999921e-01
2.462000000000000022e-01 1.854999999999999982e-01 1.859999999999999987e-01 2.233999999999999875e-01
1.827999999999999903e-01 1.836000000000000132e-01 2.038000000000000089e-01 1.782999999999999863e-01
1.653999999999999915e-01 1.922999999999999987e-01 1.985000000000000098e-01 1.872000000000000053e-01
1.461999999999999966e-01 1.622000000000000108e-01 1.408000000000000085e-01 1.661999999999999866e-01
1.589000000000000135e-01 1.414999999999999869e-01 1.728999999999999981e-01 1.464000000000000024e-01
1.218000000000000055e-01 1.170000000000000068e-01 1.292000000000000093e-01 1.257999999999999952e-01
1.461000000000000076e-01 1.175999999999999962e-01 1.355000000000000093e-01 1.348000000000000032e-01
1.317000000000000115e-01 9.550000000000000155e-02 1.147999999999999993e-01 1.231000000000000011e-01
1.223999999999999949e-01 1.102000000000000063e-01 9.919999999999999651e-02 1.021999999999999992e-01
9.239999999999999603e-02 9.669999999999999429e-02 1.348000000000000032e-01 1.107999999999999957e-01
8.690000000000000502e-02 1.003000000000000003e-01 9.470000000000000639e-02 1.187000000000000000e-01
9.059999999999999998e-02 9.270000000000000462e-02 9.569999999999999341e-02 9.429999999999999494e-02
9.039999999999999425e-02 7.560000000000000053e-02 9.059999999999999998e-02 8.119999999999999440e-02
8.140000000000000013e-02 7.149999999999999412e-02 6.700000000000000400e-02 6.610000000000000597e-02
6.410000000000000420e-02 6.360000000000000375e-02 7.799999999999999989e-02 8.880000000000000393e-02
6.450000000000000178e-02 6.990000000000000380e-02 7.159999999999999698e-02 9.099999999999999756e-02
5.330000000000000016e-02 6.130000000000000032e-02 6.900000000000000577e-02 5.530000000000000193e-02
5.419999999999999818e-02 5.759999999999999842e-02 5.539999999999999786e-02 6.279999999999999472e-02
5.210000000000000048e-02 5.419999999999999818e-02 5.399999999999999939e-02 5.960000000000000020e-02
5.680000000000000326e-02 6.529999999999999694e-02 4.959999999999999826e-02 5.059999999999999915e-02
4.630000000000000088e-02 4.889999999999999902e-02 4.009999999999999676e-02 4.929999999999999660e-02
4.229999999999999732e-02 4.970000000000000112e-02 4.599999999999999922e-02 4.009999999999999676e-02
4.649999999999999967e-02 4.460000000000000075e-02 4.109999999999999765e-02 4.139999999999999930e-02
4.349999999999999700e-02 3.379999999999999671e-02 3.989999999999999797e-02 4.410000000000000031e-02
3.869999999999999829e-02 4.009999999999999676e-02 4.039999999999999841e-02 3.330000000000000321e-02
3.980000000000000204e-02 3.150000000000000022e-02 3.889999999999999708e-02 3.679999999999999938e-02
3.610000000000000014e-02 3.400000000000000244e-02 3.090000000000000038e-02 2.649999999999999925e-02
3.030000000000000054e-02 2.949999999999999845e-02 2.500000000000000139e-02 3.200000000000000067e-02
2.980000000000000010e-02 3.309999999999999748e-02 2.819999999999999937e-02 2.369999999999999885e-02
