1.600000000000000000e+01 1.800000000000000000e+01 1.400000000000000000e+01 1.600000000000000000e+01
4.600000000000000000e+01 4.800000000000000000e+01 4.800000000000000000e+01 4.600000000000000000e+01
8.000000000000000000e+01 8.200000000000000000e+01 7.800000000000000000e+01 8.600000000000000000e+01
1.120000000000000000e+02 1.140000000000000000e+02 1.160000000000000000e+02 1.160000000000000000e+02
1.480000000000000000e+02 1.440000000000000000e+02 1.500000000000000000e+02 1.400000000000000000e+02
1.780000000000000000e+02 1.780000000000000000e+02 1.760000000000000000e+02 1.760000000000000000e+02
2.100000000000000000e+02 2.140000000000000000e+02 2.120000000000000000e+02 2.100000000000000000e+02
2.440000000000000000e+02 2.320000000000000000e+02 2.520000000000000000e+02 2.400000000000000000e+02
2.780000000000000000e+02 2.720000000000000000e+02 2.820000000000000000e+02 2.700000000000000000e+02
3.100000000000000000e+02 3.060000000000000000e+02 3.080000000000000000e+02 3.000000000000000000e+02
3.400000000000000000e+02 3.400000000000000000e+02 3.360000000000000000e+02 3.400000000000000000e+02
3.740000000000000000e+02 3.640000000000000000e+02 3.780000000000000000e+02 3.700000000000000000e+02
4.040000000000000000e+02 4.020000000000000000e+02 4.100000000000000000e+02 4.100000000000000000e+02
4.360000000000000000e+02 4.340000000000000000e+02 4.420000000000000000e+02 4.420000000000000000e+02
4.580000000000000000e+02 4.640000000000000000e+02 4.780000000000000000e+02 4.740000000000000000e+02
4.940000000000000000e+02 5.020000000000000000e+02 4.960000000000000000e+02 4.900000000000000000e+02
5.380000000000000000e+02 5.360000000000000000e+02 5.340000000000000000e+02 5.340000000000000000e+02
5.620000000000000000e+02 5.680000000000000000e+02 5.720000000000000000e+02 5.660000000000000000e+02
6.060000000000000000e+02 5.960000000000000000e+02 5.920000000000000000e+02 5.960000000000000000e+02
6.160000000000000000e+02 6.420000000000000000e+02 6.260000000000000000e+02 6.220000000000000000e+02
6.680000000000000000e+02 6.540000000000000000e+02 6.640000000000000000e+02 6.660000000000000000e+02
7.020000000000000000e+02 6.980000000000000000e+02 7.040000000000000000e+02 7.020000000000000000e+02
7.300000000000000000e+02 7.240000000000000000e+02 7.180000000000000000e+02 7.220000000000000000e+02
7.640000000000000000e+02 7.520000000000000000e+02 7.560000000000000000e+02 7.560000000000000000e+02
7.800000000000000000e+02 7.980000000000000000e+02 8.040000000000000000e+02 7.920000000000000000e+02
