8.775877587758775800e-01 8.166816681668166433e-01 7.686768676867686834e-01 8.766876687668766488e-01 8.280828082808280310e-01 7.644764476447645229e-01 8.856885688568857384e-01 8.055805580558055290e-01 7.452745274527452501e-01 8.658865886588659189e-01 7.992799279927992329e-01 7.302730273027302488e-01
7.524752475247524774e-01 6.090609060906090333e-01 4.836483648364836574e-01 7.482748274827483170e-01 5.994599459945995079e-01 4.779477947794779635e-01 7.341734173417341358e-01 5.820582058205820974e-01 4.539453945394539280e-01 7.761776177617761840e-01 6.378637863786378315e-01 5.157515751575157958e-01
6.516651665166516283e-01 4.446444644464446205e-01 3.039303930393039144e-01 6.654665466546654251e-01 4.551455145514551326e-01 3.234323432343234050e-01 6.357635763576358068e-01 4.524452445244524501e-01 3.204320432043204492e-01 6.570657065706571043e-01 4.443444344434443471e-01 3.105310531053105394e-01
5.361536153615361622e-01 3.138313831383138242e-01 1.683168316831683275e-01 5.814581458145814397e-01 3.471347134713471116e-01 2.148214821482148096e-01 5.190519051905190251e-01 2.970297029702970160e-01 1.518151815181518205e-01 5.085508550855085685e-01 2.979297929792979471e-01 1.587158715871587189e-01
4.875487548754875444e-01 2.346234623462346292e-01 1.317131713171316998e-01 4.506450645064506433e-01 2.367236723672367371e-01 1.167116711671167123e-01 4.728472847284728720e-01 2.412241224122412264e-01 1.143114311431143171e-01 4.785478547854785658e-01 2.430243024302430332e-01 1.137113711371137148e-01
3.819381938193819326e-01 1.662166216621662196e-01 6.150615061506150422e-02 3.678367836783678624e-01 1.395139513951395016e-01 4.800480048004800160e-02 3.792379237923792501e-01 1.719171917191719134e-01 6.510651065106511093e-02 3.816381638163816592e-01 1.605160516051605257e-01 6.870687068706871070e-02
3.402340234023402132e-01 1.110111011101110046e-01 4.290429042904290308e-02 3.456345634563456337e-01 1.434143414341434164e-01 5.130513051305130717e-02 3.849384938493849440e-01 1.593159315931593212e-01 5.400540054005400353e-02 3.297329732973297567e-01 1.311131113111311253e-01 5.160516051605160831e-02
2.880288028802880373e-01 8.400840084008401321e-02 3.450345034503450592e-02 2.697269726972697512e-01 7.530753075307530797e-02 2.490249024902490421e-02 2.934293429342934023e-01 9.750975097509750888e-02 3.390339033903390364e-02 2.988298829882988228e-01 9.450945094509451139e-02 3.120312031203120381e-02
2.142214221422142351e-01 5.640564056405640569e-02 1.680168016801680125e-02 2.229222922292229125e-01 6.150615061506150422e-02 1.200120012001200040e-02 2.508250825082508073e-01 6.360636063606360524e-02 1.380138013801380202e-02 2.307230723072307144e-01 6.210621062106210649e-02 1.560156015601560191e-02
2.055205520552055298e-01 5.130513051305130717e-02 1.530153015301530077e-02 2.364236423642364360e-01 5.430543054305430467e-02 1.410141014101410142e-02 2.100210021002100191e-01 3.570357035703570353e-02 6.600660066006600740e-03 1.953195319531953189e-01 4.110411041104110319e-02 1.260126012601260094e-02
1.701170117011701066e-01 3.180318031803180262e-02 9.000900090009001167e-03 1.482148214821482068e-01 2.610261026102610182e-02 5.400540054005400527e-03 1.629162916291629071e-01 3.450345034503450592e-02 5.100510051005100257e-03 1.653165316531653162e-01 3.150315031503150148e-02 7.200720072007200413e-03
1.542154215421542018e-01 3.000300030003000273e-02 4.200420042004200313e-03 1.341134113411341089e-01 1.890189018901890228e-02 2.700270027002700263e-03 1.350135013501350123e-01 1.950195019501950108e-02 4.500450045004500584e-03 1.518151815181518205e-01 2.340234023402340199e-02 4.800480048004800854e-03
1.200120012001200109e-01 1.380138013801380202e-02 1.500150015001500050e-03 1.293129312931293184e-01 1.620162016201620245e-02 1.500150015001500050e-03 1.188118811881188064e-01 1.830183018301830347e-02 2.700270027002700263e-03 1.020102010201020121e-01 1.200120012001200040e-02 1.500150015001500050e-03
1.050105010501050096e-01 8.400840084008400627e-03 6.000600060006001067e-04 9.420942094209421025e-02 9.000900090009001167e-03 1.800180018001800103e-03 9.180918091809181503e-02 7.800780078007800954e-03 1.200120012001200213e-03 9.540954095409541480e-02 1.260126012601260094e-02 1.800180018001800103e-03
7.740774077407740206e-02 7.500750075007500683e-03 6.000600060006001067e-04 1.002100210021002052e-01 9.600960096009601707e-03 1.800180018001800103e-03 8.430843084308431434e-02 7.200720072007200413e-03 6.000600060006001067e-04 7.020702070207020251e-02 6.600660066006600740e-03 6.000600060006001067e-04
8.010801080108011230e-02 7.200720072007200413e-03 6.000600060006001067e-04 7.320732073207321389e-02 9.300930093009300570e-03 3.000300030003000534e-04 6.150615061506150422e-02 5.700570057005700797e-03 9.000900090009000517e-04 6.720672067206720501e-02 5.100510051005100257e-03 9.000900090009000517e-04
5.340534053405340820e-02 3.300330033003300370e-03 0.000000000000000000e+00 5.910591059105910899e-02 4.200420042004200313e-03 0.000000000000000000e+00 6.540654065406541207e-02 5.100510051005100257e-03 6.000600060006001067e-04 5.580558055805580342e-02 3.600360036003600207e-03 3.000300030003000534e-04
4.800480048004800160e-02 6.000600060006001067e-04 0.000000000000000000e+00 4.500450045004500410e-02 1.200120012001200213e-03 3.000300030003000534e-04 4.680468046804680399e-02 3.000300030003000100e-03 3.000300030003000534e-04 5.250525052505250478e-02 3.900390039003900477e-03 0.000000000000000000e+00
3.930393039303930330e-02 3.600360036003600207e-03 6.000600060006001067e-04 3.930393039303930330e-02 2.700270027002700263e-03 0.000000000000000000e+00 4.710471047104710512e-02 1.500150015001500050e-03 3.000300030003000534e-04 4.290429042904290308e-02 3.300330033003300370e-03 0.000000000000000000e+00
3.450345034503450592e-02 3.900390039003900477e-03 3.000300030003000534e-04 3.540354035403540239e-02 2.100210021002100157e-03 0.000000000000000000e+00 3.300330033003300023e-02 1.500150015001500050e-03 0.000000000000000000e+00 3.450345034503450592e-02 1.200120012001200213e-03 3.000300030003000534e-04
2.820282028202820285e-02 1.800180018001800103e-03 0.000000000000000000e+00 2.760276027602760404e-02 3.000300030003000534e-04 0.000000000000000000e+00 2.460246024602460307e-02 1.200120012001200213e-03 3.000300030003000534e-04 2.670267026702670410e-02 3.000300030003000534e-04 0.000000000000000000e+00
1.830183018301830347e-02 3.000300030003000534e-04 0.000000000000000000e+00 2.730273027302730290e-02 9.000900090009000517e-04 3.000300030003000534e-04 2.040204020402040103e-02 1.200120012001200213e-03 0.000000000000000000e+00 2.940294029402940393e-02 9.000900090009000517e-04 0.000000000000000000e+00
2.220222022202220091e-02 6.000600060006001067e-04 0.000000000000000000e+00 1.980198019801980222e-02 6.000600060006001067e-04 0.000000000000000000e+00 2.160216021602160211e-02 9.000900090009000517e-04 0.000000000000000000e+00 2.340234023402340199e-02 9.000900090009000517e-04 0.000000000000000000e+00
1.440144014401440083e-02 3.000300030003000534e-04 0.000000000000000000e+00 1.920192019201920341e-02 3.000300030003000534e-04 0.000000000000000000e+00 1.530153015301530077e-02 9.000900090009000517e-04 0.000000000000000000e+00 1.710171017101710239e-02 6.000600060006001067e-04 0.000000000000000000e+00
1.230123012301230154e-02 0.000000000000000000e+00 0.000000000000000000e+00 1.260126012601260094e-02 9.000900090009000517e-04 0.000000000000000000e+00 1.380138013801380202e-02 3.000300030003000534e-04 0.000000000000000000e+00 1.800180018001800233e-02 1.200120012001200213e-03 0.000000000000000000e+00
