8.831999999999999851e-01 8.820000000000000062e-01 8.786000000000000476e-01 8.746000000000000441e-01
7.436000000000000387e-01 7.452999999999999625e-01 7.331999999999999629e-01 7.782000000000000028e-01
6.493999999999999773e-01 6.736999999999999655e-01 6.541000000000000147e-01 6.429000000000000270e-01
5.564000000000000057e-01 5.843000000000000416e-01 5.190000000000000169e-01 5.180000000000000160e-01
4.838999999999999968e-01 4.516000000000000014e-01 4.650000000000000244e-01 4.830999999999999739e-01
3.871999999999999886e-01 3.709999999999999964e-01 3.806999999999999829e-01 3.925000000000000155e-01
3.264000000000000234e-01 3.491000000000000214e-01 3.683000000000000163e-01 3.506000000000000227e-01
2.843999999999999861e-01 2.660000000000000142e-01 2.978000000000000091e-01 2.878000000000000003e-01
2.273999999999999910e-01 2.286999999999999866e-01 2.414000000000000035e-01 2.177000000000000046e-01
2.041000000000000036e-01 2.298999999999999932e-01 1.917999999999999983e-01 2.109000000000000041e-01
1.824999999999999956e-01 1.514999999999999958e-01 1.731999999999999929e-01 1.665000000000000091e-01
1.494000000000000050e-01 1.298999999999999877e-01 1.439000000000000001e-01 1.456999999999999962e-01
1.082999999999999935e-01 1.194000000000000061e-01 1.145999999999999935e-01 1.023000000000000020e-01
9.610000000000000486e-02 9.690000000000000002e-02 9.439999999999999780e-02 9.629999999999999671e-02
8.469999999999999751e-02 9.130000000000000615e-02 7.929999999999999549e-02 7.789999999999999702e-02
7.679999999999999327e-02 7.399999999999999634e-02 6.379999999999999560e-02 6.110000000000000153e-02
5.229999999999999927e-02 6.320000000000000617e-02 6.379999999999999560e-02 5.369999999999999774e-02
4.630000000000000088e-02 5.020000000000000157e-02 4.469999999999999668e-02 4.769999999999999934e-02
4.000000000000000083e-02 4.250000000000000305e-02 4.120000000000000051e-02 4.619999999999999801e-02
4.519999999999999712e-02 4.009999999999999676e-02 3.459999999999999881e-02 3.509999999999999926e-02
3.039999999999999994e-02 2.520000000000000018e-02 2.889999999999999861e-02 2.539999999999999897e-02
1.799999999999999864e-02 2.740000000000000074e-02 2.120000000000000009e-02 2.860000000000000042e-02
1.890000000000000013e-02 2.060000000000000026e-02 2.100000000000000130e-02 2.920000000000000026e-02
1.349999999999999985e-02 1.799999999999999864e-02 1.969999999999999876e-02 1.420000000000000082e-02
1.260000000000000009e-02 1.629999999999999852e-02 1.060000000000000005e-02 1.430000000000000021e-02
