1.390000000000000000e+02 1.210000000000000000e+02 1.350000000000000000e+02 1.310000000000000000e+02
2.530000000000000000e+02 2.370000000000000000e+02 2.290000000000000000e+02 2.450000000000000000e+02
3.230000000000000000e+02 3.350000000000000000e+02 3.470000000000000000e+02 3.090000000000000000e+02
4.530000000000000000e+02 4.250000000000000000e+02 4.170000000000000000e+02 4.170000000000000000e+02
5.030000000000000000e+02 5.290000000000000000e+02 5.110000000000000000e+02 5.490000000000000000e+02
6.270000000000000000e+02 6.230000000000000000e+02 6.190000000000000000e+02 6.210000000000000000e+02
7.270000000000000000e+02 6.990000000000000000e+02 6.930000000000000000e+02 7.090000000000000000e+02
8.050000000000000000e+02 8.550000000000000000e+02 7.770000000000000000e+02 8.290000000000000000e+02
9.170000000000000000e+02 9.390000000000000000e+02 8.710000000000000000e+02 9.150000000000000000e+02
1.003000000000000000e+03 9.990000000000000000e+02 1.013000000000000000e+03 1.041000000000000000e+03
1.097000000000000000e+03 1.105000000000000000e+03 1.083000000000000000e+03 1.123000000000000000e+03
1.165000000000000000e+03 1.213000000000000000e+03 1.181000000000000000e+03 1.209000000000000000e+03
1.319000000000000000e+03 1.349000000000000000e+03 1.279000000000000000e+03 1.269000000000000000e+03
1.393000000000000000e+03 1.411000000000000000e+03 1.381000000000000000e+03 1.349000000000000000e+03
1.537000000000000000e+03 1.497000000000000000e+03 1.475000000000000000e+03 1.467000000000000000e+03
1.635000000000000000e+03 1.573000000000000000e+03 1.621000000000000000e+03 1.639000000000000000e+03
1.675000000000000000e+03 1.679000000000000000e+03 1.679000000000000000e+03 1.673000000000000000e+03
1.781000000000000000e+03 1.803000000000000000e+03 1.765000000000000000e+03 1.811000000000000000e+03
1.847000000000000000e+03 1.827000000000000000e+03 1.919000000000000000e+03 1.885000000000000000e+03
2.027000000000000000e+03 1.931000000000000000e+03 1.981000000000000000e+03 2.013000000000000000e+03
2.037000000000000000e+03 2.077000000000000000e+03 2.027000000000000000e+03 2.065000000000000000e+03
2.153000000000000000e+03 2.165000000000000000e+03 2.149000000000000000e+03 2.173000000000000000e+03
2.259000000000000000e+03 2.263000000000000000e+03 2.277000000000000000e+03 2.309000000000000000e+03
2.327000000000000000e+03 2.391000000000000000e+03 2.365000000000000000e+03 2.369000000000000000e+03
2.515000000000000000e+03 2.429000000000000000e+03 2.425000000000000000e+03 2.439000000000000000e+03
