9.513951395139509382e-01 9.102910291029095990e-01 9.855985598559852123e-01 9.300930093009298627e-01
9.138913891389137678e-01 9.243924392439242244e-01 9.102910291029093770e-01 9.306930693069307425e-01
9.249924992499247711e-01 9.543954395439545602e-01 8.703870387038704637e-01 9.486948694869495879e-01
8.352835283528357024e-01 9.177917791779180989e-01 8.178817881788177369e-01 7.905790579057909717e-01
8.904890489048908897e-01 7.584758475847588333e-01 8.091809180918099198e-01 8.202820282028205900e-01
7.086708670867092330e-01 7.329732973297337084e-01 6.870687068706875511e-01 7.320732073207327772e-01
7.305730573057317434e-01 6.579657965796585906e-01 7.308730873087316837e-01 6.474647464746482450e-01
6.465646564656477580e-01 6.081608160816088793e-01 6.216621662166222917e-01 6.441644164416447937e-01
4.902490249024908930e-01 4.962496249624968603e-01 5.754575457545763051e-01 5.214521452145219893e-01
4.779477947794786297e-01 5.604560456045613037e-01 5.295529552955303698e-01 4.752475247524760582e-01
4.239423942394244249e-01 3.717371737173722490e-01 3.903390339033910306e-01 4.086408640864093722e-01
3.768376837683773406e-01 3.483348334833488713e-01 3.510351035103516648e-01 3.900390039003906462e-01
3.201320132013206754e-01 3.408340834083412596e-01 3.042304230423046874e-01 2.715271527152720021e-01
2.904290429042909460e-01 2.574257425742578764e-01 2.532253225322537160e-01 2.502250225022506491e-01
2.103210321032105701e-01 2.736273627362739713e-01 2.319231923192322520e-01 1.914191419141916817e-01
2.193219321932197152e-01 1.920192019201923672e-01 1.683168316831685218e-01 1.872187218721874380e-01
1.503150315031505924e-01 1.647164716471649915e-01 1.815181518151817996e-01 1.569156915691571341e-01
1.422142214221424894e-01 1.317131713171319496e-01 1.317131713171319496e-01 1.458145814581460475e-01
1.077107710771078586e-01 1.098109810981099804e-01 1.371137113711373423e-01 1.188118811881190146e-01
9.210921092109229658e-02 9.990999099910004289e-02 9.450945094509466404e-02 1.002100210021003579e-01
7.920792079207936154e-02 8.190819081908204402e-02 7.050705070507064243e-02 7.920792079207936154e-02
5.400540054005410762e-02 7.950795079507967655e-02 5.760576057605768657e-02 8.550855085508564379e-02
6.480648064806490694e-02 5.760576057605770045e-02 6.210621062106218976e-02 6.750675067506761717e-02
4.230423042304237713e-02 5.670567056705681092e-02 4.320432043204327360e-02 4.950495049504959749e-02
3.690369036903695665e-02 3.510351035103515677e-02 4.050405040504057030e-02 5.040504050405048703e-02
