9.813981398139813850e-01 9.609960996099610187e-01 9.492949294929492465e-01 9.780978097809780447e-01 9.639963996399639745e-01 9.444944494449445394e-01 9.813981398139813850e-01 9.693969396939694505e-01 9.543954395439544491e-01 9.792979297929792493e-01 9.621962196219622232e-01 9.453945394539453595e-01
9.543954395439544491e-01 9.111911191119111963e-01 8.727872787278727618e-01 9.501950195019501777e-01 9.147914791479148100e-01 8.784878487848785111e-01 9.558955895589559271e-01 9.336933693369336984e-01 8.763876387638763754e-01 9.567956795679567472e-01 9.141914191419141522e-01 8.823882388238823982e-01
9.390939093909390634e-01 8.733873387338734195e-01 8.412841284128412811e-01 9.417941794179417458e-01 8.808880888088809202e-01 8.394839483948395298e-01 9.321932193219322205e-01 8.841884188418841495e-01 8.364836483648364629e-01 9.342934293429342452e-01 8.736873687368736929e-01 8.421842184218422123e-01
9.285928592859286068e-01 8.742874287428742397e-01 8.133813381338134141e-01 9.081908190819082405e-01 8.367836783678367363e-01 7.662766276627662743e-01 9.156915691569157412e-01 8.343834383438344382e-01 7.779777977797779354e-01 9.096909690969097184e-01 8.457845784578458259e-01 8.169816981698170277e-01
8.823882388238823982e-01 7.815781578157815490e-01 6.903690369036903363e-01 9.147914791479148100e-01 8.313831383138313713e-01 7.926792679267926633e-01 8.724872487248724884e-01 7.815781578157815490e-01 6.891689168916891317e-01 8.727872787278727618e-01 7.851785178517851627e-01 6.957695769576958122e-01
8.817881788178817404e-01 7.914791479147914588e-01 6.909690969096909940e-01 8.502850285028502597e-01 7.659765976597660009e-01 6.471647164716471945e-01 8.616861686168616474e-01 7.449744974497449768e-01 6.636663666366636738e-01 8.706870687068707371e-01 7.716771677167716392e-01 6.927692769276927454e-01
8.601860186018601695e-01 7.518751875187519307e-01 6.567656765676567199e-01 8.607860786078608273e-01 7.668766876687669320e-01 6.618661866186618115e-01 8.931893189318932391e-01 8.067806780678067335e-01 7.509750975097509995e-01 8.442844284428442370e-01 7.332733273327333157e-01 6.483648364836483990e-01
8.421842184218422123e-01 7.200720072007200656e-01 6.270627062706271015e-01 8.190819081908190524e-01 6.978697869786978369e-01 5.868586858685868046e-01 8.433843384338434168e-01 7.314731473147314533e-01 6.291629162916291262e-01 8.367836783678367363e-01 7.326732673267326579e-01 6.108610861086108956e-01
8.154815481548154388e-01 6.711671167116711745e-01 5.664566456645664383e-01 7.866786678667866406e-01 6.453645364536453322e-01 5.493549354935493012e-01 7.950795079507950724e-01 6.378637863786378315e-01 5.457545754575457986e-01 7.992799279927992329e-01 6.288628862886288529e-01 5.373537353735373667e-01
7.932793279327933211e-01 6.660666066606660829e-01 5.628562856285628246e-01 7.800780078007800711e-01 6.369636963696370113e-01 5.298529852985298660e-01 8.232823282328233239e-01 6.609660966096609913e-01 5.439543954395439362e-01 7.665766576657665476e-01 6.096609660966096911e-01 5.097509750975097731e-01
7.860786078607860938e-01 6.105610561056105112e-01 5.118511851185117978e-01 7.941794179417941413e-01 6.240624062406240347e-01 5.754575457545754169e-01 8.151815181518151654e-01 6.912691269126912674e-01 5.826582658265826442e-01 7.920792079207921166e-01 6.582658265826583088e-01 5.430543054305430051e-01
7.353735373537353404e-01 5.628562856285628246e-01 4.575457545754575417e-01 7.707770777077708191e-01 6.225622562256225567e-01 5.244524452445245011e-01 7.461746174617461813e-01 5.943594359435943053e-01 4.683468346834683271e-01 7.269726972697270195e-01 5.577557755775577331e-01 4.707470747074707362e-01
7.440744074407440456e-01 5.877587758775877358e-01 4.671467146714671226e-01 7.149714971497149740e-01 5.427542754275427317e-01 4.383438343834383244e-01 7.737773777377737749e-01 6.330633063306330133e-01 5.148514851485148647e-01 7.224722472247224747e-01 5.517551755175517103e-01 4.308430843084308237e-01
7.020702070207021084e-01 5.253525352535253212e-01 4.077407740774077194e-01 7.401740174017401586e-01 5.826582658265826442e-01 4.590459045904590196e-01 7.296729672967297020e-01 5.721572157215721877e-01 4.617461746174617576e-01 7.080708070807080201e-01 5.373537353735373667e-01 4.188418841884188337e-01
6.873687368736873804e-01 5.334533453345334797e-01 3.960396039603960583e-01 6.867686768676867226e-01 5.079507950795079108e-01 3.978397839783978651e-01 7.338733873387338624e-01 5.463546354635463453e-01 4.548454845484548592e-01 7.071707170717072000e-01 5.430543054305430051e-01 4.119411941194119353e-01
7.257725772577258150e-01 5.550555055505550506e-01 4.464446444644464274e-01 7.059705970597059954e-01 5.577557755775577331e-01 4.266426642664266633e-01 7.317731773177317267e-01 5.457545754575457986e-01 4.203420342034203672e-01 6.642664266426642206e-01 4.836483648364836574e-01 3.873387338733873531e-01
6.603660366036603335e-01 4.977497749774977276e-01 3.978397839783978651e-01 6.489648964896489458e-01 4.764476447644764301e-01 3.678367836783678624e-01 6.726672667266726524e-01 5.031503150315032036e-01 3.927392739273927180e-01 6.444644464446445120e-01 4.530453045304530524e-01 3.753375337533753631e-01
6.453645364536453322e-01 4.398439843984398578e-01 3.459345934593459071e-01 6.555655565556555153e-01 4.482448244824482342e-01 3.666366636663666578e-01 6.615661566156615381e-01 4.983498349834983299e-01 4.008400840084008210e-01 6.798679867986798797e-01 5.181518151815182049e-01 3.966396639663966606e-01
6.834683468346834934e-01 5.016501650165016146e-01 4.068406840684068437e-01 6.393639363936393094e-01 4.608460846084608264e-01 3.597359735973597594e-01 6.669666966696670141e-01 4.890489048904890224e-01 3.999399939993999453e-01 6.288628862886288529e-01 4.257425742574257321e-01 3.483348334833483162e-01
6.492649264926492192e-01 4.842484248424842597e-01 3.696369636963696137e-01 6.153615361536153294e-01 4.251425142514251299e-01 3.552355235523552146e-01 6.378637863786378315e-01 4.584458445844584729e-01 3.597359735973597594e-01 6.672667266726672874e-01 4.962496249624962497e-01 3.894389438943894333e-01
5.811581158115811663e-01 4.197419741974197649e-01 3.177317731773177112e-01 6.297629762976297840e-01 4.665466546654665203e-01 3.636363636363636465e-01 6.114611461146114424e-01 4.047404740474047635e-01 3.396339633963396110e-01 6.234623462346234879e-01 4.386438643864386533e-01 3.465346534653465094e-01
6.582658265826583088e-01 4.575457545754575417e-01 3.765376537653765121e-01 6.213621362136213522e-01 4.314431443144314260e-01 3.393339333933393376e-01 6.069606960696070086e-01 3.951395139513951271e-01 3.468346834683468383e-01 6.318631863186318087e-01 4.692469246924692583e-01 3.270327032703270187e-01
6.096609660966096911e-01 4.296429642964296192e-01 3.561356135613561458e-01 5.763576357635763481e-01 3.825382538253825349e-01 2.997299729972997540e-01 5.649564956495649604e-01 3.909390939093909667e-01 3.159315931593159044e-01 6.003600360036003281e-01 4.233423342334233230e-01 3.348334833483348483e-01
5.595559555955595954e-01 3.813381338133813303e-01 3.162316231623162333e-01 5.625562556255625513e-01 3.831383138313831371e-01 3.111311131113111417e-01 6.153615361536153294e-01 4.350435043504350396e-01 3.462346234623462360e-01 6.540654065406540374e-01 4.767476747674767590e-01 3.786378637863786478e-01
6.174617461746174651e-01 4.152415241524152201e-01 3.354335433543354505e-01 5.364536453645364356e-01 3.768376837683768410e-01 3.051305130513051189e-01 5.520552055205520947e-01 3.738373837383738296e-01 2.847284728472847526e-01 5.994599459945995079e-01 4.269426942694269367e-01 3.363336333633363262e-01
6.000600060006000547e-01 4.092409240924092528e-01 3.273327332733273476e-01 6.063606360636063508e-01 4.056405640564056392e-01 3.120312031203120173e-01 5.472547254725472765e-01 3.687368736873687380e-01 2.976297629762976182e-01 6.015601560156015326e-01 4.149414941494149467e-01 3.375337533753375308e-01
6.324632463246324665e-01 4.713471347134713385e-01 3.717371737173717494e-01 5.871587158715871890e-01 4.050405040504050369e-01 3.156315631563156310e-01 5.850585058505850533e-01 4.161416141614161512e-01 3.120312031203120173e-01 5.268526852685267992e-01 3.468346834683468383e-01 2.931293129312931289e-01
5.238523852385238433e-01 3.393339333933393376e-01 2.820282028202820146e-01 5.751575157515751435e-01 3.906390639063906378e-01 3.288328832883288255e-01 5.088508850885088419e-01 3.468346834683468383e-01 2.988298829882988228e-01 5.217521752175217076e-01 3.390339033903390087e-01 2.808280828082808100e-01
5.319531953195320018e-01 3.438343834383438269e-01 2.931293129312931289e-01 5.301530153015301394e-01 3.567356735673567480e-01 2.949294929492949358e-01 6.150615061506150560e-01 4.386438643864386533e-01 3.312331233123312346e-01 5.022502250225022724e-01 3.384338433843384064e-01 2.712271227122712292e-01
5.577557755775577331e-01 3.723372337233723517e-01 2.994299429942994251e-01 5.046504650465046815e-01 3.300330033003300301e-01 2.799279927992799344e-01 5.040504050405040237e-01 3.477347734773477139e-01 2.688268826882688201e-01 5.613561356135613467e-01 3.762376237623762387e-01 2.985298529852985494e-01
5.376537653765376401e-01 3.765376537653765121e-01 2.922292229222922533e-01 4.959495949594959763e-01 3.294329432943294278e-01 2.811281128112811389e-01 4.857485748574857376e-01 3.315331533153315080e-01 2.820282028202820146e-01 5.043504350435042971e-01 3.489348934893489185e-01 2.811281128112811389e-01
5.046504650465046815e-01 3.183318331833183135e-01 2.715271527152715025e-01 5.421542154215421849e-01 3.675367536753675335e-01 2.934293429342934023e-01 5.328532853285328219e-01 3.708370837083708182e-01 2.937293729372937312e-01 5.022502250225022724e-01 3.537353735373537367e-01 2.901290129012901176e-01
5.280528052805280037e-01 3.564356435643564192e-01 2.865286528652865039e-01 4.839483948394839308e-01 3.177317731773177112e-01 2.736273627362736383e-01 4.734473447344734742e-01 3.189318931893189157e-01 2.637263726372637285e-01 5.148514851485148647e-01 3.459345934593459071e-01 2.721272127212721048e-01
5.391539153915391180e-01 3.786378637863786478e-01 3.162316231623162333e-01 5.232523252325232965e-01 3.471347134713471116e-01 2.913291329132913221e-01 5.643564356435643026e-01 4.224422442244224474e-01 3.531353135313531344e-01 4.785478547854785658e-01 3.216321632163216537e-01 2.736273627362736383e-01
4.695469546954695317e-01 3.087308730873087326e-01 2.682268226822682178e-01 5.004500450045004101e-01 3.462346234623462360e-01 2.997299729972997540e-01 5.232523252325232965e-01 3.399339933993399399e-01 2.811281128112811389e-01 4.512451245124512456e-01 3.084308430843084037e-01 2.640264026402640019e-01
4.713471347134713385e-01 3.549354935493549412e-01 2.580258025802580346e-01 4.467446744674467562e-01 3.036303630363036410e-01 2.697269726972697512e-01 4.848484848484848619e-01 3.399339933993399399e-01 2.589258925892589103e-01 4.476447644764476319e-01 3.039303930393039144e-01 2.592259225922592392e-01
4.389438943894389267e-01 2.940294029402940046e-01 2.712271227122712292e-01 4.758475847584758278e-01 3.303330333033303590e-01 2.763276327632763207e-01 4.524452445244524501e-01 3.015301530153015053e-01 2.646264626462646041e-01 4.728472847284728720e-01 3.111311131113111417e-01 2.640264026402640019e-01
4.593459345934593485e-01 3.261326132613261430e-01 2.523252325232523408e-01 4.686468646864686560e-01 2.967296729672967426e-01 2.532253225322532164e-01 4.917491749174917604e-01 3.264326432643264164e-01 2.958295829582958114e-01 4.251425142514251299e-01 2.988298829882988228e-01 2.700270027002700246e-01
4.320432043204320283e-01 3.039303930393039144e-01 2.394239423942394196e-01 4.896489648964896246e-01 3.222322232223222560e-01 2.742274227422742405e-01 4.083408340834083217e-01 2.775277527752775253e-01 2.733273327332733094e-01 5.343534353435342998e-01 3.801380138013801258e-01 3.192319231923192446e-01
4.761476147614761567e-01 3.327332733273327126e-01 2.805280528052805367e-01 4.548454845484548592e-01 3.015301530153015053e-01 2.619261926192619216e-01 5.094509450945094997e-01 3.315331533153315080e-01 2.916291629162916510e-01 4.818481848184818506e-01 3.075307530753075280e-01 2.763276327632763207e-01
4.677467746774677249e-01 3.138313831383138242e-01 2.748274827482748428e-01 4.863486348634863399e-01 3.306330633063306323e-01 2.613261326132613194e-01 4.734473447344734742e-01 3.270327032703270187e-01 2.610261026102610460e-01 4.440444044404440183e-01 2.742274227422742405e-01 2.463246324632463180e-01
4.023402340234023544e-01 2.835283528352835480e-01 2.673267326732673421e-01 4.671467146714671226e-01 2.841284128412841503e-01 2.673267326732673421e-01 4.410441044104410624e-01 2.952295229522952091e-01 2.601260126012601148e-01 4.032403240324032301e-01 2.844284428442844237e-01 2.523252325232523408e-01
4.695469546954695317e-01 3.072307230723072546e-01 2.550255025502550232e-01 4.599459945994599508e-01 3.150315031503150287e-01 2.733273327332733094e-01 4.101410141014101285e-01 2.946294629462946069e-01 2.577257725772577057e-01 4.113411341134113330e-01 3.018301830183018342e-01 2.763276327632763207e-01
4.464446444644464274e-01 2.967296729672967426e-01 2.598259825982598414e-01 4.110411041104110597e-01 2.868286828682868328e-01 2.556255625562556255e-01 4.608460846084608264e-01 2.838283828382838214e-01 2.625262526252625239e-01 4.035403540354035590e-01 2.781278127812781276e-01 2.628262826282628528e-01
4.560456045604560638e-01 3.066306630663066524e-01 2.733273327332733094e-01 4.245424542454245276e-01 2.904290429042904464e-01 2.598259825982598414e-01 4.368436843684368465e-01 3.234323432343234050e-01 2.541254125412541476e-01 4.323432343234323572e-01 3.072307230723072546e-01 2.664266426642664110e-01
4.680468046804680537e-01 2.934293429342934023e-01 2.634263426342633996e-01 4.419441944194419380e-01 3.150315031503150287e-01 2.568256825682568301e-01 4.050405040504050369e-01 2.805280528052805367e-01 2.409240924092409253e-01 4.479447944794479608e-01 3.138313831383138242e-01 2.988298829882988228e-01
4.044404440444044346e-01 2.808280828082808100e-01 2.520252025202520119e-01 4.203420342034203672e-01 2.916291629162916510e-01 2.634263426342633996e-01 4.140414041404140155e-01 2.859285928592859016e-01 2.475247524752475226e-01 3.693369336933693403e-01 2.745274527452745139e-01 2.574257425742574323e-01
4.251425142514251299e-01 2.850285028502850260e-01 2.631263126312631262e-01 4.074407440744074460e-01 2.805280528052805367e-01 2.604260426042604437e-01 4.116411641164116619e-01 2.973297329732973449e-01 2.832283228322832191e-01 3.993399339933993430e-01 2.898289828982898442e-01 2.598259825982598414e-01
4.038403840384038324e-01 2.736273627362736383e-01 2.529252925292529430e-01 4.260426042604260610e-01 3.042304230423042433e-01 2.808280828082808100e-01 4.149414941494149467e-01 2.901290129012901176e-01 2.685268526852685467e-01 4.251425142514251299e-01 2.883288328832883107e-01 2.664266426642664110e-01
4.416441644164416647e-01 3.048304830483048455e-01 2.700270027002700246e-01 4.353435343534353685e-01 3.108310831083108128e-01 2.952295229522952091e-01 3.849384938493849440e-01 2.967296729672967426e-01 2.721272127212721048e-01 4.203420342034203672e-01 3.030303030303030387e-01 2.511251125112511362e-01
3.951395139513951271e-01 2.766276627662766496e-01 2.574257425742574323e-01 3.645364536453645221e-01 2.583258325832583080e-01 2.547254725472547499e-01 3.603360336033603617e-01 2.796279627962796055e-01 2.529252925292529430e-01 3.876387638763876264e-01 2.886288628862886396e-01 2.577257725772577057e-01
3.546354635463546123e-01 2.607260726072607171e-01 2.586258625862586369e-01 4.023402340234023544e-01 2.637263726372637285e-01 2.454245424542454146e-01 3.876387638763876264e-01 2.910291029102910487e-01 2.520252025202520119e-01 3.855385538553855462e-01 2.733273327332733094e-01 2.235223522352235148e-01
4.299429942994299481e-01 2.559255925592558989e-01 2.637263726372637285e-01 3.645364536453645221e-01 2.745274527452745139e-01 2.454245424542454146e-01 4.110411041104110597e-01 2.820282028202820146e-01 2.652265226522652064e-01 4.053405340534053658e-01 2.766276627662766496e-01 2.670267026702670132e-01
4.041404140414041612e-01 2.844284428442844237e-01 2.808280828082808100e-01 4.083408340834083217e-01 2.736273627362736383e-01 2.757275727572757185e-01 3.963396339633963317e-01 2.745274527452745139e-01 2.496249624962496305e-01 4.080408040804080483e-01 2.730273027302730360e-01 2.622262226222622505e-01
3.504350435043504519e-01 2.691269126912691489e-01 2.643264326432643307e-01 3.453345334533453603e-01 2.652265226522652064e-01 2.571257125712571034e-01 3.888388838883888310e-01 2.811281128112811389e-01 2.487248724872487271e-01 3.600360036003600328e-01 2.733273327332733094e-01 2.481248124812481248e-01
3.804380438043804546e-01 2.754275427542754451e-01 2.598259825982598414e-01 3.459345934593459071e-01 2.508250825082508073e-01 2.502250225022502050e-01 3.507350735073507253e-01 2.532253225322532164e-01 2.481248124812481248e-01 3.711371137113711471e-01 2.688268826882688201e-01 2.514251425142514096e-01
3.726372637263726251e-01 2.808280828082808100e-01 2.628262826282628528e-01 4.122412241224122642e-01 2.745274527452745139e-01 2.529252925292529430e-01 3.351335133513351217e-01 2.643264326432643307e-01 2.553255325532553521e-01 3.555355535553555435e-01 2.694269426942694223e-01 2.490249024902490282e-01
3.492349234923492474e-01 2.589258925892589103e-01 2.502250225022502050e-01 3.726372637263726251e-01 2.766276627662766496e-01 2.583258325832583080e-01 3.729372937293729540e-01 2.637263726372637285e-01 2.484248424842484260e-01 3.891389138913891599e-01 2.820282028202820146e-01 2.478247824782478237e-01
3.297329732973297567e-01 2.460246024602460169e-01 2.526252625262526141e-01 3.423342334233423490e-01 2.574257425742574323e-01 2.565256525652565012e-01 3.807380738073807280e-01 2.739273927392739116e-01 2.487248724872487271e-01 4.125412541254125376e-01 2.922292229222922533e-01 2.556255625562556255e-01
3.636363636363636465e-01 2.757275727572757185e-01 2.520252025202520119e-01 3.732373237323732273e-01 2.694269426942694223e-01 2.580258025802580346e-01 3.426342634263426223e-01 2.712271227122712292e-01 2.610261026102610460e-01 3.669366936693669312e-01 2.859285928592859016e-01 2.526252625262526141e-01
3.705370537053705449e-01 2.688268826882688201e-01 2.493249324932493294e-01 3.735373537353735562e-01 2.283228322832283330e-01 2.223222322232223103e-01 3.624362436243624419e-01 2.571257125712571034e-01 2.364236423642364360e-01 3.411341134113411444e-01 2.607260726072607171e-01 2.484248424842484260e-01
3.450345034503450314e-01 2.649264926492649330e-01 2.613261326132613194e-01 3.642364236423642487e-01 2.805280528052805367e-01 2.628262826282628528e-01 3.513351335133513276e-01 2.244224422442244182e-01 2.223222322232223103e-01 3.384338433843384064e-01 2.682268226822682178e-01 2.391239123912391185e-01
3.705370537053705449e-01 2.637263726372637285e-01 2.574257425742574323e-01 3.585358535853585549e-01 2.913291329132913221e-01 2.667266726672667398e-01 3.315331533153315080e-01 2.523252325232523408e-01 2.571257125712571034e-01 3.204320432043204492e-01 2.553255325532553521e-01 2.460246024602460169e-01
3.255325532553255408e-01 2.481248124812481248e-01 2.616261626162616483e-01 3.420342034203420201e-01 2.739273927392739116e-01 2.448244824482448123e-01 3.726372637263726251e-01 2.790279027902790032e-01 2.391239123912391185e-01 3.933393339333933203e-01 3.018301830183018342e-01 2.610261026102610460e-01
3.240324032403240073e-01 2.703270327032703535e-01 2.493249324932493294e-01 3.474347434743474405e-01 2.466246624662466191e-01 2.544254425442544210e-01 3.789378937893789212e-01 2.592259225922592392e-01 2.619261926192619216e-01 3.915391539153915135e-01 2.673267326732673421e-01 2.595259525952595125e-01
3.711371137113711471e-01 2.556255625562556255e-01 2.523252325232523408e-01 3.057305730573057212e-01 2.535253525352535453e-01 2.547254725472547499e-01 3.135313531353135508e-01 2.718271827182718314e-01 2.409240924092409253e-01 3.267326732673267453e-01 2.403240324032403230e-01 2.550255025502550232e-01
3.555355535553555435e-01 2.772277227722772519e-01 2.556255625562556255e-01 3.630363036303630442e-01 2.724272427242724337e-01 2.478247824782478237e-01 3.207320732073207226e-01 2.589258925892589103e-01 2.484248424842484260e-01 3.837383738373837394e-01 2.925292529252925267e-01 2.763276327632763207e-01
3.195319531953195180e-01 2.628262826282628528e-01 2.457245724572457157e-01 3.555355535553555435e-01 2.955295529552955380e-01 2.586258625862586369e-01 3.429342934293429512e-01 2.658265826582658087e-01 2.586258625862586369e-01 3.078307830783078569e-01 2.610261026102610460e-01 2.421242124212421298e-01
3.276327632763276210e-01 2.619261926192619216e-01 2.580258025802580346e-01 3.123312331233123462e-01 2.625262526252625239e-01 2.598259825982598414e-01 3.078307830783078569e-01 2.415241524152415276e-01 2.388238823882388173e-01 3.486348634863486451e-01 2.733273327332733094e-01 2.580258025802580346e-01
3.564356435643564192e-01 2.685268526852685467e-01 2.559255925592558989e-01 3.147314731473147553e-01 2.469246924692469203e-01 2.445244524452445112e-01 3.186318631863186424e-01 2.484248424842484260e-01 2.466246624662466191e-01 2.970297029702970160e-01 2.424242424242424310e-01 2.472247224722472214e-01
3.063306330633063235e-01 2.547254725472547499e-01 2.394239423942394196e-01 3.018301830183018342e-01 2.550255025502550232e-01 2.484248424842484260e-01 3.501350135013501230e-01 2.697269726972697512e-01 2.445244524452445112e-01 3.399339933993399399e-01 2.523252325232523408e-01 2.466246624662466191e-01
3.897389738973897622e-01 3.051305130513051189e-01 2.850285028502850260e-01 3.273327332733273476e-01 2.709270927092709003e-01 2.364236423642364360e-01 3.054305430543054478e-01 2.367236723672367371e-01 2.343234323432343280e-01 3.012301230123012319e-01 2.526252625262526141e-01 2.553255325532553521e-01
3.282328232823282232e-01 2.673267326732673421e-01 2.634263426342633996e-01 3.039303930393039144e-01 2.661266126612661376e-01 2.517251725172517385e-01 3.324332433243324392e-01 2.478247824782478237e-01 2.484248424842484260e-01 3.003300330033003562e-01 2.529252925292529430e-01 2.478247824782478237e-01
3.198319831983198469e-01 2.688268826882688201e-01 2.550255025502550232e-01 3.183318331833183135e-01 2.511251125112511362e-01 2.331233123312331235e-01 3.489348934893489185e-01 2.613261326132613194e-01 2.538253825382538187e-01 3.510351035103510542e-01 2.559255925592558989e-01 2.439243924392439367e-01
3.468346834683468383e-01 2.835283528352835480e-01 2.694269426942694223e-01 3.129312931293129485e-01 2.676267626762676155e-01 2.493249324932493294e-01 3.039303930393039144e-01 2.682268226822682178e-01 2.556255625562556255e-01 2.949294929492949358e-01 2.496249624962496305e-01 2.457245724572457157e-01
3.246324632463246096e-01 2.616261626162616483e-01 2.469246924692469203e-01 3.291329132913291544e-01 2.697269726972697512e-01 2.589258925892589103e-01 3.054305430543054478e-01 2.463246324632463180e-01 2.226222622262226114e-01 3.726372637263726251e-01 2.685268526852685467e-01 2.754275427542754451e-01
2.868286828682868328e-01 2.352235223522352314e-01 2.253225322532253216e-01 3.393339333933393376e-01 2.712271227122712292e-01 2.511251125112511362e-01 3.099309930993099371e-01 2.655265526552655353e-01 2.457245724572457157e-01 2.976297629762976182e-01 2.400240024002400219e-01 2.607260726072607171e-01
3.336333633363336437e-01 2.706270627062706269e-01 2.430243024302430332e-01 3.219321932193219271e-01 2.565256525652565012e-01 2.529252925292529430e-01 3.036303630363036410e-01 2.481248124812481248e-01 2.259225922592259239e-01 3.252325232523252119e-01 2.667266726672667398e-01 2.583258325832583080e-01
3.069306930693069257e-01 2.502250225022502050e-01 2.634263426342633996e-01 3.153315331533153576e-01 2.631263126312631262e-01 2.427242724272427321e-01 3.543354335433543389e-01 2.883288328832883107e-01 2.631263126312631262e-01 3.201320132013201203e-01 2.439243924392439367e-01 2.364236423642364360e-01
3.324332433243324392e-01 2.496249624962496305e-01 2.547254725472547499e-01 3.219321932193219271e-01 2.517251725172517385e-01 2.544254425442544210e-01 3.282328232823282232e-01 2.514251425142514096e-01 2.382238223822382150e-01 2.871287128712871062e-01 2.538253825382538187e-01 2.544254425442544210e-01
3.348334833483348483e-01 2.631263126312631262e-01 2.670267026702670132e-01 2.787278727872787298e-01 2.553255325532553521e-01 2.544254425442544210e-01 3.090309030903090060e-01 2.583258325832583080e-01 2.559255925592558989e-01 3.018301830183018342e-01 2.607260726072607171e-01 2.622262226222622505e-01
3.084308430843084037e-01 2.475247524752475226e-01 2.592259225922592392e-01 3.171317131713171089e-01 2.706270627062706269e-01 2.418241824182418287e-01 3.057305730573057212e-01 2.340234023402340269e-01 2.547254725472547499e-01 3.162316231623162333e-01 2.664266426642664110e-01 2.664266426642664110e-01
3.291329132913291544e-01 2.697269726972697512e-01 2.580258025802580346e-01 2.796279627962796055e-01 2.427242724272427321e-01 2.529252925292529430e-01 3.909390939093909667e-01 3.051305130513051189e-01 2.898289828982898442e-01 3.048304830483048455e-01 2.484248424842484260e-01 2.526252625262526141e-01
3.144314431443144264e-01 2.601260126012601148e-01 2.586258625862586369e-01 3.285328532853285521e-01 2.652265226522652064e-01 2.520252025202520119e-01 2.913291329132913221e-01 2.343234323432343280e-01 2.436243624362436355e-01 3.093309330933093348e-01 2.748274827482748428e-01 2.499249924992499317e-01
3.048304830483048455e-01 2.622262226222622505e-01 2.508250825082508073e-01 3.021302130213021075e-01 2.424242424242424310e-01 2.577257725772577057e-01 3.135313531353135508e-01 2.577257725772577057e-01 2.520252025202520119e-01 2.655265526552655353e-01 2.508250825082508073e-01 2.634263426342633996e-01
3.000300030003000273e-01 2.625262526252625239e-01 2.484248424842484260e-01 2.805280528052805367e-01 2.532253225322532164e-01 2.403240324032403230e-01 2.784278427842784009e-01 2.568256825682568301e-01 2.547254725472547499e-01 3.198319831983198469e-01 2.736273627362736383e-01 2.628262826282628528e-01
2.895289528952895153e-01 2.562256225622562278e-01 2.751275127512751162e-01 3.108310831083108128e-01 2.625262526252625239e-01 2.493249324932493294e-01 3.027302730273027098e-01 2.520252025202520119e-01 2.445244524452445112e-01 3.144314431443144264e-01 2.526252625262526141e-01 2.544254425442544210e-01
3.075307530753075280e-01 2.595259525952595125e-01 2.523252325232523408e-01 2.886288628862886396e-01 2.481248124812481248e-01 2.445244524452445112e-01 2.724272427242724337e-01 2.544254425442544210e-01 2.421242124212421298e-01 2.841284128412841503e-01 2.364236423642364360e-01 2.382238223822382150e-01
2.742274227422742405e-01 2.424242424242424310e-01 2.355235523552355326e-01 2.793279327932793321e-01 2.439243924392439367e-01 2.529252925292529430e-01 3.066306630663066524e-01 2.736273627362736383e-01 2.436243624362436355e-01 2.721272127212721048e-01 2.544254425442544210e-01 2.517251725172517385e-01
3.069306930693069257e-01 2.475247524752475226e-01 2.475247524752475226e-01 3.261326132613261430e-01 2.805280528052805367e-01 2.640264026402640019e-01 3.168316831683168355e-01 2.634263426342633996e-01 2.634263426342633996e-01 3.006300630063006296e-01 2.499249924992499317e-01 2.601260126012601148e-01
2.940294029402940046e-01 2.541254125412541476e-01 2.505250525052505339e-01 3.264326432643264164e-01 2.547254725472547499e-01 2.742274227422742405e-01 2.775277527752775253e-01 2.577257725772577057e-01 2.430243024302430332e-01 2.850285028502850260e-01 2.607260726072607171e-01 2.508250825082508073e-01
2.727272727272727071e-01 2.496249624962496305e-01 2.430243024302430332e-01 2.883288328832883107e-01 2.451245124512451135e-01 2.439243924392439367e-01 2.511251125112511362e-01 2.019201920192019162e-01 2.217221722172217357e-01 2.829282928292829458e-01 2.460246024602460169e-01 2.511251125112511362e-01
3.141314131413141530e-01 2.865286528652865039e-01 2.628262826282628528e-01 2.556255625562556255e-01 2.085208520852085134e-01 2.211221122112211335e-01 3.210321032103210515e-01 2.619261926192619216e-01 2.538253825382538187e-01 2.637263726372637285e-01 2.460246024602460169e-01 2.373237323732373116e-01
3.027302730273027098e-01 2.658265826582658087e-01 2.568256825682568301e-01 3.033303330333033121e-01 2.451245124512451135e-01 2.613261326132613194e-01 2.817281728172817412e-01 2.658265826582658087e-01 2.520252025202520119e-01 3.192319231923192446e-01 2.796279627962796055e-01 2.604260426042604437e-01
3.078307830783078569e-01 2.493249324932493294e-01 2.592259225922592392e-01 3.168316831683168355e-01 2.598259825982598414e-01 2.505250525052505339e-01 2.910291029102910487e-01 2.637263726372637285e-01 2.619261926192619216e-01 3.042304230423042433e-01 2.775277527752775253e-01 2.685268526852685467e-01
2.832283228322832191e-01 2.517251725172517385e-01 2.694269426942694223e-01 2.691269126912691489e-01 2.496249624962496305e-01 2.406240624062406241e-01 2.718271827182718314e-01 2.646264626462646041e-01 2.478247824782478237e-01 3.030303030303030387e-01 2.544254425442544210e-01 2.511251125112511362e-01
2.742274227422742405e-01 2.625262526252625239e-01 2.475247524752475226e-01 2.697269726972697512e-01 2.223222322232223103e-01 2.337233723372337257e-01 2.544254425442544210e-01 2.304230423042304132e-01 2.277227722772277307e-01 2.973297329732973449e-01 2.481248124812481248e-01 2.442244224422442378e-01
3.129312931293129485e-01 2.787278727872787298e-01 2.565256525652565012e-01 3.444344434443444292e-01 2.844284428442844237e-01 2.781278127812781276e-01 2.721272127212721048e-01 2.523252325232523408e-01 2.463246324632463180e-01 2.928292829282928555e-01 2.430243024302430332e-01 2.496249624962496305e-01
3.108310831083108128e-01 2.628262826282628528e-01 2.601260126012601148e-01 2.745274527452745139e-01 2.376237623762376128e-01 2.550255025502550232e-01 2.763276327632763207e-01 2.457245724572457157e-01 2.376237623762376128e-01 2.709270927092709003e-01 2.679267926792679444e-01 2.565256525652565012e-01
2.928292829282928555e-01 2.577257725772577057e-01 2.460246024602460169e-01 2.862286228622862305e-01 2.385238523852385162e-01 2.340234023402340269e-01 2.895289528952895153e-01 2.532253225322532164e-01 2.538253825382538187e-01 3.150315031503150287e-01 2.481248124812481248e-01 2.694269426942694223e-01
2.742274227422742405e-01 2.478247824782478237e-01 2.379237923792379139e-01 3.039303930393039144e-01 2.649264926492649330e-01 2.577257725772577057e-01 2.748274827482748428e-01 2.478247824782478237e-01 2.463246324632463180e-01 2.871287128712871062e-01 2.496249624962496305e-01 2.559255925592558989e-01
3.111311131113111417e-01 2.721272127212721048e-01 2.568256825682568301e-01 3.024302430243024364e-01 2.496249624962496305e-01 2.583258325832583080e-01 2.706270627062706269e-01 2.487248724872487271e-01 2.307230723072307144e-01 2.685268526852685467e-01 2.457245724572457157e-01 2.508250825082508073e-01
2.838283828382838214e-01 2.592259225922592392e-01 2.475247524752475226e-01 2.604260426042604437e-01 2.382238223822382150e-01 2.496249624962496305e-01 2.847284728472847526e-01 2.625262526252625239e-01 2.673267326732673421e-01 2.880288028802880373e-01 2.349234923492349303e-01 2.346234623462346292e-01
3.084308430843084037e-01 2.652265226522652064e-01 2.700270027002700246e-01 2.820282028202820146e-01 2.676267626762676155e-01 2.553255325532553521e-01 2.646264626462646041e-01 2.610261026102610460e-01 2.382238223822382150e-01 2.904290429042904464e-01 2.487248724872487271e-01 2.523252325232523408e-01
2.697269726972697512e-01 2.493249324932493294e-01 2.412241224122412264e-01 2.856285628562856282e-01 2.583258325832583080e-01 2.565256525652565012e-01 2.862286228622862305e-01 2.721272127212721048e-01 2.712271227122712292e-01 2.619261926192619216e-01 2.523252325232523408e-01 2.472247224722472214e-01
2.631263126312631262e-01 2.439243924392439367e-01 2.490249024902490282e-01 2.745274527452745139e-01 2.511251125112511362e-01 2.472247224722472214e-01 2.880288028802880373e-01 2.424242424242424310e-01 2.529252925292529430e-01 2.820282028202820146e-01 2.577257725772577057e-01 2.334233423342334246e-01
2.790279027902790032e-01 2.517251725172517385e-01 2.616261626162616483e-01 2.688268826882688201e-01 2.589258925892589103e-01 2.580258025802580346e-01 2.529252925292529430e-01 2.475247524752475226e-01 2.433243324332433344e-01 3.072307230723072546e-01 2.634263426342633996e-01 2.685268526852685467e-01
2.790279027902790032e-01 2.565256525652565012e-01 2.448244824482448123e-01 2.670267026702670132e-01 2.433243324332433344e-01 2.454245424542454146e-01 2.622262226222622505e-01 2.520252025202520119e-01 2.406240624062406241e-01 2.643264326432643307e-01 2.421242124212421298e-01 2.607260726072607171e-01
2.688268826882688201e-01 2.496249624962496305e-01 2.400240024002400219e-01 2.556255625562556255e-01 2.364236423642364360e-01 2.475247524752475226e-01 2.682268226822682178e-01 2.439243924392439367e-01 2.541254125412541476e-01 2.613261326132613194e-01 2.502250225022502050e-01 2.460246024602460169e-01
2.745274527452745139e-01 2.517251725172517385e-01 2.523252325232523408e-01 2.682268226822682178e-01 2.439243924392439367e-01 2.445244524452445112e-01 2.850285028502850260e-01 2.391239123912391185e-01 2.541254125412541476e-01 2.697269726972697512e-01 2.478247824782478237e-01 2.391239123912391185e-01
2.844284428442844237e-01 2.412241224122412264e-01 2.457245724572457157e-01 2.805280528052805367e-01 2.553255325532553521e-01 2.559255925592558989e-01 2.769276927692769230e-01 2.568256825682568301e-01 2.448244824482448123e-01 2.790279027902790032e-01 2.571257125712571034e-01 2.556255625562556255e-01
2.718271827182718314e-01 2.595259525952595125e-01 2.520252025202520119e-01 2.613261326132613194e-01 2.403240324032403230e-01 2.448244824482448123e-01 2.793279327932793321e-01 2.502250225022502050e-01 2.463246324632463180e-01 2.670267026702670132e-01 2.676267626762676155e-01 2.442244224422442378e-01
2.655265526552655353e-01 2.493249324932493294e-01 2.493249324932493294e-01 2.940294029402940046e-01 2.682268226822682178e-01 2.703270327032703535e-01 2.718271827182718314e-01 2.523252325232523408e-01 2.571257125712571034e-01 2.538253825382538187e-01 2.400240024002400219e-01 2.529252925292529430e-01
2.799279927992799344e-01 2.388238823882388173e-01 2.538253825382538187e-01 2.529252925292529430e-01 2.340234023402340269e-01 2.247224722472247194e-01 2.655265526552655353e-01 2.517251725172517385e-01 2.577257725772577057e-01 2.610261026102610460e-01 2.616261626162616483e-01 2.475247524752475226e-01
2.721272127212721048e-01 2.415241524152415276e-01 2.529252925292529430e-01 2.682268226822682178e-01 2.307230723072307144e-01 2.385238523852385162e-01 2.742274227422742405e-01 2.439243924392439367e-01 2.409240924092409253e-01 2.595259525952595125e-01 2.430243024302430332e-01 2.550255025502550232e-01
2.814281428142814123e-01 2.532253225322532164e-01 2.472247224722472214e-01 2.625262526252625239e-01 2.442244224422442378e-01 2.538253825382538187e-01 2.844284428442844237e-01 2.757275727572757185e-01 2.646264626462646041e-01 2.598259825982598414e-01 2.589258925892589103e-01 2.493249324932493294e-01
2.490249024902490282e-01 2.415241524152415276e-01 2.490249024902490282e-01 3.054305430543054478e-01 2.586258625862586369e-01 2.853285328532853549e-01 2.601260126012601148e-01 2.514251425142514096e-01 2.526252625262526141e-01 2.715271527152715025e-01 2.616261626162616483e-01 2.586258625862586369e-01
2.709270927092709003e-01 2.478247824782478237e-01 2.475247524752475226e-01 2.775277527752775253e-01 2.202220222022202301e-01 2.283228322832283330e-01 2.694269426942694223e-01 2.556255625562556255e-01 2.526252625262526141e-01 2.811281128112811389e-01 2.403240324032403230e-01 2.523252325232523408e-01
2.589258925892589103e-01 2.508250825082508073e-01 2.376237623762376128e-01 2.715271527152715025e-01 2.379237923792379139e-01 2.538253825382538187e-01 2.901290129012901176e-01 2.451245124512451135e-01 2.505250525052505339e-01 2.817281728172817412e-01 2.619261926192619216e-01 2.406240624062406241e-01
2.535253525352535453e-01 2.448244824482448123e-01 2.439243924392439367e-01 2.724272427242724337e-01 2.481248124812481248e-01 2.415241524152415276e-01 2.820282028202820146e-01 2.649264926492649330e-01 2.586258625862586369e-01 2.610261026102610460e-01 2.415241524152415276e-01 2.448244824482448123e-01
2.616261626162616483e-01 2.376237623762376128e-01 2.532253225322532164e-01 2.490249024902490282e-01 2.511251125112511362e-01 2.373237323732373116e-01 2.724272427242724337e-01 2.520252025202520119e-01 2.487248724872487271e-01 2.649264926492649330e-01 2.466246624662466191e-01 2.424242424242424310e-01
2.769276927692769230e-01 2.412241224122412264e-01 2.409240924092409253e-01 2.460246024602460169e-01 2.565256525652565012e-01 2.355235523552355326e-01 2.505250525052505339e-01 2.463246324632463180e-01 2.577257725772577057e-01 2.400240024002400219e-01 2.349234923492349303e-01 2.379237923792379139e-01
2.631263126312631262e-01 2.592259225922592392e-01 2.589258925892589103e-01 2.694269426942694223e-01 2.565256525652565012e-01 2.532253225322532164e-01 2.811281128112811389e-01 2.568256825682568301e-01 2.544254425442544210e-01 2.496249624962496305e-01 2.310231023102310155e-01 2.265226522652265262e-01
2.490249024902490282e-01 2.409240924092409253e-01 2.364236423642364360e-01 2.541254125412541476e-01 2.424242424242424310e-01 2.571257125712571034e-01 2.583258325832583080e-01 2.379237923792379139e-01 2.412241224122412264e-01 2.496249624962496305e-01 2.556255625562556255e-01 2.478247824782478237e-01
2.733273327332733094e-01 2.577257725772577057e-01 2.511251125112511362e-01 2.640264026402640019e-01 2.469246924692469203e-01 2.619261926192619216e-01 2.688268826882688201e-01 2.478247824782478237e-01 2.394239423942394196e-01 2.535253525352535453e-01 2.448244824482448123e-01 2.418241824182418287e-01
2.742274227422742405e-01 2.607260726072607171e-01 2.514251425142514096e-01 2.583258325832583080e-01 2.448244824482448123e-01 2.547254725472547499e-01 2.538253825382538187e-01 2.511251125112511362e-01 2.478247824782478237e-01 2.556255625562556255e-01 2.502250225022502050e-01 2.499249924992499317e-01
2.658265826582658087e-01 2.565256525652565012e-01 2.481248124812481248e-01 2.631263126312631262e-01 2.520252025202520119e-01 2.751275127512751162e-01 2.529252925292529430e-01 2.514251425142514096e-01 2.574257425742574323e-01 2.859285928592859016e-01 2.430243024302430332e-01 2.553255325532553521e-01
2.643264326432643307e-01 2.514251425142514096e-01 2.436243624362436355e-01 2.400240024002400219e-01 2.451245124512451135e-01 2.268226822682268273e-01 2.511251125112511362e-01 2.511251125112511362e-01 2.634263426342633996e-01 2.646264626462646041e-01 2.316231623162316178e-01 2.223222322232223103e-01
2.688268826882688201e-01 2.421242124212421298e-01 2.553255325532553521e-01 2.661266126612661376e-01 2.499249924992499317e-01 2.523252325232523408e-01 2.778277827782778542e-01 2.643264326432643307e-01 2.562256225622562278e-01 2.610261026102610460e-01 2.301230123012301121e-01 2.661266126612661376e-01
2.760276027602760474e-01 2.637263726372637285e-01 2.460246024602460169e-01 2.556255625562556255e-01 2.610261026102610460e-01 2.628262826282628528e-01 2.631263126312631262e-01 2.415241524152415276e-01 2.517251725172517385e-01 2.523252325232523408e-01 2.658265826582658087e-01 2.466246624662466191e-01
2.556255625562556255e-01 2.493249324932493294e-01 2.523252325232523408e-01 2.448244824482448123e-01 2.307230723072307144e-01 2.400240024002400219e-01 2.565256525652565012e-01 2.538253825382538187e-01 2.682268226822682178e-01 2.679267926792679444e-01 2.556255625562556255e-01 2.475247524752475226e-01
2.775277527752775253e-01 2.628262826282628528e-01 2.451245124512451135e-01 2.838283828382838214e-01 2.838283828382838214e-01 2.625262526252625239e-01 2.649264926492649330e-01 2.481248124812481248e-01 2.496249624962496305e-01 2.784278427842784009e-01 2.355235523552355326e-01 2.550255025502550232e-01
2.559255925592558989e-01 2.565256525652565012e-01 2.448244824482448123e-01 2.547254725472547499e-01 2.529252925292529430e-01 2.454245424542454146e-01 2.568256825682568301e-01 2.565256525652565012e-01 2.559255925592558989e-01 2.829282928292829458e-01 2.559255925592558989e-01 2.553255325532553521e-01
2.523252325232523408e-01 2.496249624962496305e-01 2.538253825382538187e-01 2.601260126012601148e-01 2.505250525052505339e-01 2.502250225022502050e-01 2.631263126312631262e-01 2.466246624662466191e-01 2.535253525352535453e-01 2.871287128712871062e-01 2.514251425142514096e-01 2.571257125712571034e-01
2.505250525052505339e-01 2.490249024902490282e-01 2.475247524752475226e-01 2.661266126612661376e-01 2.607260726072607171e-01 2.610261026102610460e-01 2.676267626762676155e-01 2.595259525952595125e-01 2.679267926792679444e-01 2.763276327632763207e-01 2.478247824782478237e-01 2.520252025202520119e-01
