9.759999999999999787e-01 9.762999999999999456e-01 9.821999999999999620e-01 9.741999999999999549e-01
9.523000000000000353e-01 9.495999999999999996e-01 9.606999999999999984e-01 9.530999999999999472e-01
9.428999999999999604e-01 9.354999999999999982e-01 9.383000000000000229e-01 9.336999999999999744e-01
9.239000000000000545e-01 9.126999999999999558e-01 9.118000000000000549e-01 9.162000000000000144e-01
8.742999999999999661e-01 9.164999999999999813e-01 8.760999999999999899e-01 8.790000000000000036e-01
8.760999999999999899e-01 8.607000000000000206e-01 8.606000000000000316e-01 8.813999999999999613e-01
8.612999999999999545e-01 8.601999999999999647e-01 8.923999999999999710e-01 8.449999999999999734e-01
8.372000000000000552e-01 8.286000000000000032e-01 8.435000000000000275e-01 8.443000000000000504e-01
8.050000000000000488e-01 7.983999999999999986e-01 7.889000000000000457e-01 7.873999999999999888e-01
7.982000000000000206e-01 7.932000000000000162e-01 8.113000000000000211e-01 7.798000000000000487e-01
7.733999999999999764e-01 7.955999999999999739e-01 8.143000000000000238e-01 7.870000000000000329e-01
7.398000000000000131e-01 7.814999999999999725e-01 7.452999999999999625e-01 7.266000000000000236e-01
7.327000000000000179e-01 7.176000000000000156e-01 7.734999999999999654e-01 7.166000000000000147e-01
6.986999999999999877e-01 7.517000000000000348e-01 7.426000000000000378e-01 7.122000000000000552e-01
6.854000000000000092e-01 6.902000000000000357e-01 7.268999999999999906e-01 7.066999999999999948e-01
7.290999999999999703e-01 7.151999999999999469e-01 7.056000000000000050e-01 6.697999999999999510e-01
6.747999999999999554e-01 6.533999999999999808e-01 6.791000000000000369e-01 6.498000000000000442e-01
6.371999999999999886e-01 6.401999999999999913e-01 6.581000000000000183e-01 6.830000000000000515e-01
6.908999999999999586e-01 6.340000000000000080e-01 6.743000000000000105e-01 6.197000000000000286e-01
6.635999999999999677e-01 6.101999999999999647e-01 6.304999999999999494e-01 6.683999999999999941e-01
6.010999999999999677e-01 6.497000000000000552e-01 6.049999999999999822e-01 6.171999999999999709e-01
6.612000000000000099e-01 6.163999999999999480e-01 6.176000000000000378e-01 6.334999999999999520e-01
6.279000000000000137e-01 5.711000000000000520e-01 5.767999999999999794e-01 5.997000000000000108e-01
5.566999999999999726e-01 5.591000000000000414e-01 6.069999999999999840e-01 6.449000000000000288e-01
6.008999999999999897e-01 5.533000000000000140e-01 5.514000000000000012e-01 5.853000000000000425e-01
5.919999999999999707e-01 5.959999999999999742e-01 5.553000000000000158e-01 5.926000000000000156e-01
6.293999999999999595e-01 5.867999999999999883e-01 5.820999999999999508e-01 5.273999999999999799e-01
5.218000000000000416e-01 5.606999999999999762e-01 5.178000000000000380e-01 5.143999999999999684e-01
5.171999999999999931e-01 5.309000000000000385e-01 6.118999999999999995e-01 5.074999999999999512e-01
5.568999999999999506e-01 4.974999999999999978e-01 4.949000000000000066e-01 5.564999999999999947e-01
5.359000000000000430e-01 4.883000000000000118e-01 4.879999999999999893e-01 5.133999999999999675e-01
4.946999999999999731e-01 5.442000000000000171e-01 5.424999999999999822e-01 4.979999999999999982e-01
5.237000000000000544e-01 4.768000000000000016e-01 4.677000000000000046e-01 5.122999999999999776e-01
5.393000000000000016e-01 5.165999999999999481e-01 5.563000000000000167e-01 4.627999999999999892e-01
4.728999999999999870e-01 5.158000000000000362e-01 5.207000000000000517e-01 4.637999999999999901e-01
4.728999999999999870e-01 4.469000000000000195e-01 4.814999999999999836e-01 4.426999999999999824e-01
4.404000000000000137e-01 4.758999999999999897e-01 4.333000000000000185e-01 4.668999999999999817e-01
4.652999999999999914e-01 4.697000000000000064e-01 4.944999999999999951e-01 4.338000000000000189e-01
4.328000000000000180e-01 4.877000000000000224e-01 4.414000000000000146e-01 5.352000000000000091e-01
4.768000000000000016e-01 4.501999999999999891e-01 5.118000000000000327e-01 4.766000000000000236e-01
4.521999999999999909e-01 4.832000000000000184e-01 4.773000000000000020e-01 4.465000000000000080e-01
4.167000000000000148e-01 4.491999999999999882e-01 4.391999999999999793e-01 4.172000000000000153e-01
4.541999999999999926e-01 4.487999999999999767e-01 4.022000000000000020e-01 4.197000000000000175e-01
4.414000000000000146e-01 4.250999999999999779e-01 4.620000000000000218e-01 3.901000000000000023e-01
4.360999999999999877e-01 4.147000000000000131e-01 4.460000000000000075e-01 4.163000000000000034e-01
4.631000000000000116e-01 4.396999999999999797e-01 4.121000000000000218e-01 4.762000000000000122e-01
4.077999999999999958e-01 4.143999999999999906e-01 4.050000000000000266e-01 3.819000000000000172e-01
4.319999999999999951e-01 3.942999999999999838e-01 4.227000000000000202e-01 3.952999999999999847e-01
3.936999999999999944e-01 4.338000000000000189e-01 4.158999999999999919e-01 4.218999999999999972e-01
4.379000000000000115e-01 4.238000000000000100e-01 3.902999999999999803e-01 4.228999999999999981e-01
3.860000000000000098e-01 3.679000000000000048e-01 3.691999999999999726e-01 3.905000000000000138e-01
3.674000000000000044e-01 4.012000000000000011e-01 3.769000000000000128e-01 3.733000000000000207e-01
4.287000000000000255e-01 3.531000000000000250e-01 3.991999999999999993e-01 4.012999999999999901e-01
4.073999999999999844e-01 4.072000000000000064e-01 4.012999999999999901e-01 4.012999999999999901e-01
3.392000000000000015e-01 3.426000000000000156e-01 4.079999999999999738e-01 3.644000000000000017e-01
3.679999999999999938e-01 3.536000000000000254e-01 3.563000000000000056e-01 3.753000000000000225e-01
3.790999999999999925e-01 4.045000000000000262e-01 3.519999999999999796e-01 3.645999999999999797e-01
3.371999999999999997e-01 3.785000000000000031e-01 3.568000000000000060e-01 3.776999999999999802e-01
3.336000000000000076e-01 3.336000000000000076e-01 3.830999999999999961e-01 4.060000000000000275e-01
3.437999999999999945e-01 3.768000000000000238e-01 3.388999999999999790e-01 3.689000000000000057e-01
3.739999999999999991e-01 3.723000000000000198e-01 3.618000000000000105e-01 3.310000000000000164e-01
3.417999999999999927e-01 3.688000000000000167e-01 3.519999999999999796e-01 3.397999999999999909e-01
3.590999999999999748e-01 3.517000000000000126e-01 3.286999999999999922e-01 3.241999999999999882e-01
3.383999999999999786e-01 3.322999999999999843e-01 3.569999999999999840e-01 3.881999999999999895e-01
3.261999999999999900e-01 3.565999999999999726e-01 3.669000000000000039e-01 3.952999999999999847e-01
3.619999999999999885e-01 3.156999999999999806e-01 3.141999999999999793e-01 3.275000000000000133e-01
3.519999999999999796e-01 3.562000000000000166e-01 3.160000000000000031e-01 3.699999999999999956e-01
3.109000000000000097e-01 3.675999999999999823e-01 3.452000000000000068e-01 3.089999999999999969e-01
3.328999999999999737e-01 3.027000000000000246e-01 3.106999999999999762e-01 3.482999999999999985e-01
3.534999999999999809e-01 3.058000000000000163e-01 3.205999999999999961e-01 3.094000000000000083e-01
3.000999999999999779e-01 3.029000000000000026e-01 3.464999999999999747e-01 3.245999999999999996e-01
3.830000000000000071e-01 3.406000000000000139e-01 3.254000000000000226e-01 3.121999999999999775e-01
3.245000000000000107e-01 3.023000000000000131e-01 3.197999999999999732e-01 2.998000000000000109e-01
3.346000000000000085e-01 3.042000000000000259e-01 3.327999999999999847e-01 3.402000000000000024e-01
3.462000000000000077e-01 3.089999999999999969e-01 3.034000000000000030e-01 2.886000000000000232e-01
3.311000000000000054e-01 3.307999999999999829e-01 3.123000000000000220e-01 3.605999999999999761e-01
2.953999999999999959e-01 3.225999999999999979e-01 3.094999999999999973e-01 2.948999999999999955e-01
3.174000000000000155e-01 3.138000000000000234e-01 2.967000000000000193e-01 3.133000000000000229e-01
3.052000000000000268e-01 3.116999999999999771e-01 3.614999999999999880e-01 3.128000000000000225e-01
3.220000000000000084e-01 3.074000000000000066e-01 3.194000000000000172e-01 2.913000000000000034e-01
3.200999999999999956e-01 2.898000000000000020e-01 3.009999999999999898e-01 3.019999999999999907e-01
3.134000000000000119e-01 3.069999999999999951e-01 3.085999999999999854e-01 3.261000000000000010e-01
3.212999999999999745e-01 2.851000000000000201e-01 3.780999999999999917e-01 3.126999999999999780e-01
3.104000000000000092e-01 3.109999999999999987e-01 3.053000000000000158e-01 3.148000000000000242e-01
3.098000000000000198e-01 3.084999999999999964e-01 3.096999999999999753e-01 2.753999999999999782e-01
3.054999999999999938e-01 2.810000000000000275e-01 2.822999999999999954e-01 3.199000000000000177e-01
3.005999999999999783e-01 3.048000000000000154e-01 3.064000000000000057e-01 3.088000000000000189e-01
3.084000000000000075e-01 2.934999999999999831e-01 2.767000000000000015e-01 2.908000000000000029e-01
2.837000000000000077e-01 2.907000000000000139e-01 2.970999999999999752e-01 2.839999999999999747e-01
2.954999999999999849e-01 3.316000000000000059e-01 3.108000000000000207e-01 3.070999999999999841e-01
3.114000000000000101e-01 3.289000000000000257e-01 2.836000000000000187e-01 2.932000000000000162e-01
2.852999999999999980e-01 2.780000000000000249e-01 2.609000000000000208e-01 2.675000000000000155e-01
3.187999999999999723e-01 2.556999999999999829e-01 3.084999999999999964e-01 2.770000000000000240e-01
2.932000000000000162e-01 2.908000000000000029e-01 2.938999999999999946e-01 3.200999999999999956e-01
3.145999999999999908e-01 3.120999999999999885e-01 2.889999999999999791e-01 3.071999999999999731e-01
3.000999999999999779e-01 2.657999999999999807e-01 2.752000000000000002e-01 2.914999999999999813e-01
2.798999999999999821e-01 2.711999999999999966e-01 2.728999999999999759e-01 2.933000000000000052e-01
3.176999999999999824e-01 3.316999999999999948e-01 2.701000000000000068e-01 3.090999999999999859e-01
2.994999999999999885e-01 2.765000000000000235e-01 2.776000000000000134e-01 2.659000000000000252e-01
2.911000000000000254e-01 2.831000000000000183e-01 2.948999999999999955e-01 3.134000000000000119e-01
2.706000000000000072e-01 2.985999999999999766e-01 2.901000000000000245e-01 2.878999999999999893e-01
3.136999999999999789e-01 2.969999999999999862e-01 2.733999999999999764e-01 2.630000000000000115e-01
2.817999999999999949e-01 2.664000000000000257e-01 2.832999999999999963e-01 2.893999999999999906e-01
3.089000000000000079e-01 2.640000000000000124e-01 2.770000000000000240e-01 2.878999999999999893e-01
2.681000000000000050e-01 2.888000000000000012e-01 2.933000000000000052e-01 2.681000000000000050e-01
2.606999999999999873e-01 2.708999999999999742e-01 2.788999999999999813e-01 2.862999999999999989e-01
2.706000000000000072e-01 2.770000000000000240e-01 2.664000000000000257e-01 3.042000000000000259e-01
2.861000000000000210e-01 2.619000000000000217e-01 2.681000000000000050e-01 2.717999999999999861e-01
2.681999999999999940e-01 2.630000000000000115e-01 2.684000000000000274e-01 2.651000000000000023e-01
2.776000000000000134e-01 2.656999999999999917e-01 2.851000000000000201e-01 2.886000000000000232e-01
2.863999999999999879e-01 2.771000000000000130e-01 2.758999999999999786e-01 2.787000000000000033e-01
2.837000000000000077e-01 2.778999999999999804e-01 2.827000000000000068e-01 2.797999999999999932e-01
2.505000000000000004e-01 2.903999999999999915e-01 2.717999999999999861e-01 2.619000000000000217e-01
2.746000000000000107e-01 2.441000000000000114e-01 2.644000000000000239e-01 2.851000000000000201e-01
2.659000000000000252e-01 2.503000000000000225e-01 2.707999999999999852e-01 2.548000000000000265e-01
2.726999999999999980e-01 2.558000000000000274e-01 2.861000000000000210e-01 2.651999999999999913e-01
2.606999999999999873e-01 3.045999999999999819e-01 2.702999999999999847e-01 2.702999999999999847e-01
2.752999999999999892e-01 2.595999999999999974e-01 2.659000000000000252e-01 2.710000000000000187e-01
2.577999999999999736e-01 2.605999999999999983e-01 2.738999999999999768e-01 2.800000000000000266e-01
2.565000000000000058e-01 2.654000000000000248e-01 2.691999999999999948e-01 2.484999999999999987e-01
2.571999999999999842e-01 2.600000000000000089e-01 2.776000000000000134e-01 2.656999999999999917e-01
2.680000000000000160e-01 2.580999999999999961e-01 2.649000000000000243e-01 2.540000000000000036e-01
2.574000000000000177e-01 2.741999999999999993e-01 2.717999999999999861e-01 2.511999999999999789e-01
2.579000000000000181e-01 2.505999999999999894e-01 2.681000000000000050e-01 2.534000000000000141e-01
2.657999999999999807e-01 2.605000000000000093e-01 2.636000000000000010e-01 2.536999999999999811e-01
2.837999999999999967e-01 2.521999999999999797e-01 2.600000000000000089e-01 2.717999999999999861e-01
2.707999999999999852e-01 2.654000000000000248e-01 2.469999999999999973e-01 2.814999999999999725e-01
2.696000000000000063e-01 2.489999999999999991e-01 2.559000000000000163e-01 2.411000000000000087e-01
2.647999999999999798e-01 2.520999999999999908e-01 2.797000000000000042e-01 2.575999999999999956e-01
2.812000000000000055e-01 2.556999999999999829e-01 2.474999999999999978e-01 2.616999999999999882e-01
2.761000000000000121e-01 2.536999999999999811e-01 2.582999999999999741e-01 2.713999999999999746e-01
2.674000000000000266e-01 2.802999999999999936e-01 2.666000000000000036e-01 2.757000000000000006e-01
2.524000000000000132e-01 2.594000000000000195e-01 2.569000000000000172e-01 2.706999999999999962e-01
2.626000000000000001e-01 2.559000000000000163e-01 2.621999999999999886e-01 2.647999999999999798e-01
2.629000000000000226e-01 2.662999999999999812e-01 2.594000000000000195e-01 2.750000000000000222e-01
