1.010501050105010012e+00 9.867986798679854177e-01 9.903990399039891424e-01 9.966996699669957716e-01
1.002400240024002409e+00 9.846984698469843922e-01 9.429942994299422843e-01 1.010201020102009961e+00
1.038403840384037657e+00 1.022202220222022451e+00 9.804980498049802318e-01 1.024002400240022981e+00
9.762976297629756273e-01 9.804980498049802318e-01 1.021902190219020845e+00 1.008700870087007706e+00
9.927992799279923286e-01 1.042904290429042424e+00 9.618961896189618388e-01 9.585958595859586096e-01
9.618961896189617278e-01 9.000900090008994159e-01 1.013801380138013464e+00 9.897989798979899279e-01
9.816981698169814363e-01 9.435943594359423869e-01 1.010201020102009295e+00 9.813981398139802748e-01
9.933993399339930974e-01 9.504950495049500070e-01 9.648964896489636844e-01 9.231923192319230198e-01
9.993999399939986761e-01 9.732973297329738926e-01 1.017401740174017633e+00 1.048604860486048285e+00
9.444944494449447614e-01 9.591959195919591563e-01 1.030903090309030379e+00 9.804980498049797877e-01
1.038403840384038768e+00 1.085808580858085737e+00 9.543954395439538940e-01 9.444944494449438732e-01
9.750975097509754219e-01 9.690969096909696212e-01 9.237923792379240107e-01 9.783978397839782071e-01
9.360936093609362185e-01 9.549954995499554400e-01 9.369936993699375938e-01 9.429942994299431724e-01
9.378937893789380809e-01 9.315931593159311186e-01 9.342934293429338011e-01 9.309930993099313490e-01
8.577857785778579824e-01 9.342934293429343562e-01 1.017401740174017633e+00 9.042904290429040204e-01
9.585958595859581655e-01 8.712871287128709508e-01 9.783978397839780961e-01 9.291929192919291536e-01
8.856885688568855164e-01 8.853885388538852430e-01 9.012901290129012866e-01 9.495949594959497420e-01
9.624962496249621635e-01 9.885988598859881682e-01 8.904890489048906677e-01 8.817881788178812963e-01
9.522952295229529796e-01 8.952895289528954859e-01 9.336933693369342535e-01 9.576957695769584555e-01
8.646864686468644923e-01 9.258925892589260354e-01 8.979897989798980573e-01 9.024902490249027132e-01
8.019801980198020264e-01 8.532853285328536597e-01 9.597959795979599251e-01 9.009900990099016793e-01
9.786978697869791466e-01 9.090909090909097268e-01 9.822982298229826492e-01 8.148814881488153361e-01
8.961896189618966391e-01 8.811881188118814157e-01 8.379837983798383849e-01 8.658865886588664740e-01
8.508850885088516947e-01 8.493849384938495506e-01 8.871887188718874384e-01 9.105910591059107606e-01
9.420942094209431295e-01 7.839783978397841802e-01 8.193819381938201030e-01 8.538853885388538734e-01
8.997899789979005858e-01 9.141914191419142632e-01 8.331833183318331226e-01 8.973897389738973995e-01
8.550855085508561881e-01 8.619861986198621429e-01 8.187818781878187790e-01 8.331833183318340108e-01
8.355835583558359758e-01 8.823882388238828423e-01 7.848784878487851113e-01 8.289828982898291843e-01
8.574857485748580421e-01 8.151815181518153874e-01 8.604860486048599988e-01 7.626762676267633267e-01
8.556855685568554026e-01 8.037803780378044438e-01 7.377737773777379715e-01 8.538853885388544285e-01
7.755775577557757483e-01 7.806780678067812840e-01 7.446744674467452585e-01 7.473747374737472748e-01
8.304830483048309953e-01 8.172817281728176342e-01 7.797779777977797977e-01 7.356735673567358358e-01
8.013801380138015906e-01 7.722772277227730742e-01 7.272727272727278480e-01 7.788778877887794216e-01
7.977797779777978660e-01 8.196819681968204874e-01 7.788778877887787555e-01 7.443744374437445410e-01
7.506750675067513923e-01 7.623762376237626093e-01 8.310831083108317641e-01 6.924692469246930271e-01
6.072607260726073930e-01 6.990699069906994856e-01 6.936693669366936765e-01 6.903690369036908914e-01
7.059705970597066615e-01 7.128712871287128383e-01 7.173717371737180493e-01 7.491749174917494702e-01
6.519651965196520127e-01 7.689768976897695119e-01 7.917791779177919542e-01 6.489648964896490568e-01
6.237623762376239833e-01 7.764776477647770125e-01 6.657665766576664756e-01 7.818781878187823775e-01
7.107710771077109246e-01 7.218721872187229271e-01 8.253825382538262367e-01 7.992799279927996770e-01
7.365736573657367670e-01 7.284728472847289416e-01 7.002700270027006901e-01 7.557755775577559287e-01
6.237623762376242054e-01 8.163816381638169251e-01 6.975697569756982297e-01 6.087608760876087599e-01
7.419741974197424650e-01 7.080708070807084642e-01 6.042604260426043261e-01 6.048604860486054280e-01
7.089708970897097284e-01 6.282628262826284171e-01 7.935793579357944827e-01 6.390639063906393691e-01
7.215721572157224317e-01 6.621662166216621959e-01 5.943594359435944163e-01 6.417641764176418295e-01
7.872787278727879645e-01 6.375637563756377801e-01 6.144614461446147313e-01 7.011701170117017323e-01
6.228622862286234962e-01 6.495649564956497146e-01 6.318631863186323638e-01 5.418541854185422446e-01
6.834683468346840485e-01 6.411641164116413938e-01 6.261626162616262814e-01 5.883588358835888377e-01
6.435643564356439139e-01 6.462646264626463743e-01 6.429642964296435892e-01 6.768676867686774790e-01
6.804680468046809816e-01 6.687668766876688764e-01 5.367536753675370420e-01 6.030603060306034546e-01
6.129612961296128093e-01 5.733573357335739473e-01 4.950495049504953227e-01 5.547554755475545551e-01
5.403540354035405446e-01 6.612661266126620419e-01 5.418541854185415785e-01 5.601560156015604752e-01
7.857785778577869307e-01 5.154515451545156335e-01 6.522652265226526191e-01 6.531653165316538834e-01
6.399639963996403003e-01 6.798679867986802128e-01 6.150615061506152781e-01 6.672667266726677315e-01
5.082508250825080731e-01 4.974497449744978428e-01 5.718571857185718033e-01 5.082508250825085172e-01
5.748574857485750922e-01 5.355535553555359485e-01 5.406540654065410401e-01 5.583558355835585019e-01
5.382538253825381869e-01 6.660666066606666380e-01 4.677467746774674473e-01 5.073507350735076971e-01
5.211521152115214939e-01 5.463546354635465674e-01 5.760576057605760747e-01 5.691569156915696759e-01
5.037503750375037503e-01 5.112511251125120282e-01 5.691569156915695649e-01 6.165616561656166450e-01
5.157515751575161289e-01 5.694569456945696162e-01 4.752475247524754476e-01 4.956495649564959805e-01
5.544554455445545038e-01 6.579657965796583685e-01 5.523552355235529232e-01 4.896489648964897912e-01
5.016501650165019477e-01 5.139513951395138225e-01 6.030603060306030105e-01 4.497449744974498786e-01
5.778577857785781591e-01 4.683468346834682161e-01 4.947494749474947162e-01 4.413441344134416688e-01
4.938493849384939516e-01 4.491449144914488323e-01 5.199519951995202893e-01 5.355535553555349493e-01
4.104410441044105129e-01 5.568556855685570239e-01 6.210621062106213008e-01 6.321632163216329703e-01
5.988598859885991832e-01 4.113411341134114441e-01 3.660366036603658335e-01 5.142514251425148730e-01
4.905490549054905558e-01 5.196519651965202380e-01 4.338433843384341126e-01 5.499549954995502921e-01
4.158415841584156558e-01 4.386438643864388753e-01 4.899489948994900645e-01 3.825382538253827014e-01
4.551455145514554657e-01 4.092409240924091973e-01 4.377437743774374446e-01 4.839483948394841528e-01
5.196519651965195719e-01 4.479447944794482939e-01 4.572457245724574904e-01 4.110411041104109486e-01
3.942394239423945845e-01 3.888388838883888865e-01 4.857485748574860152e-01 5.094509450945094997e-01
5.388538853885391777e-01 4.056405640564058057e-01 4.404440444044402936e-01 4.011401140114011499e-01
4.461446144614462095e-01 3.651365136513650134e-01 5.022502250225023834e-01 3.900390039003898690e-01
4.080408040804076597e-01 4.347434743474348218e-01 5.166516651665171711e-01 5.292529252925297634e-01
4.593459345934591820e-01 3.852385238523853284e-01 3.627362736273628263e-01 3.816381638163816037e-01
4.359435943594358043e-01 4.371437143714370643e-01 3.999399939993998898e-01 5.877587758775875137e-01
3.801380138013799037e-01 4.554455445544551839e-01 3.789378937893789767e-01 4.335433543354336727e-01
4.320432043204320283e-01 4.491449144914493319e-01 3.924392439243922781e-01 4.338433843384339461e-01
4.335433543354339503e-01 3.993399339933994541e-01 4.611461146114610998e-01 4.650465046504650424e-01
5.031503150315034256e-01 4.650465046504649869e-01 4.686468646864687115e-01 3.543354335433539504e-01
4.821482148214823460e-01 3.246324632463244986e-01 4.080408040804076597e-01 3.855385538553856573e-01
4.419441944194420491e-01 3.813381338133811638e-01 4.698469846984701936e-01 4.158415841584157113e-01
4.362436243624362997e-01 3.636363636363633134e-01 5.472547254725473875e-01 4.218421842184222337e-01
4.215421542154216272e-01 4.419441944194423821e-01 4.146414641464147288e-01 3.534353435343534633e-01
3.786378637863785368e-01 4.368436843684367354e-01 4.194419441944194360e-01 3.075307530753076390e-01
3.609360936093604089e-01 3.222322232223223115e-01 3.195319531953194070e-01 4.014401440144013122e-01
3.750375037503748676e-01 3.942394239423939184e-01 3.966396639663969381e-01 4.398439843984400799e-01
3.963396339633966092e-01 3.660366036603659445e-01 2.961296129612962513e-01 3.813381338133812748e-01
3.309330933093307947e-01 3.591359135913592682e-01 3.426342634263428444e-01 3.048304830483047345e-01
4.257425742574257876e-01 4.008400840084007655e-01 4.236423642364238185e-01 4.122412241224126528e-01
3.702370237023699939e-01 4.893489348934891292e-01 3.024302430243023809e-01 3.237323732373239005e-01
3.123312331233120687e-01 3.735373537353735007e-01 3.693369336933695068e-01 3.618361836183616731e-01
3.456345634563450786e-01 3.624362436243625529e-01 4.311431143114312636e-01 2.904290429042901689e-01
3.675367536753673670e-01 4.359435943594361373e-01 2.997299729972995874e-01 3.792379237923792501e-01
4.347434743474351548e-01 4.215421542154216827e-01 3.438343834383441044e-01 3.486348634863484786e-01
3.639363936393640309e-01 2.991299129912989851e-01 2.694269426942692003e-01 3.969396939693968784e-01
2.826282628262827279e-01 3.759375937593760764e-01 2.997299729972996984e-01 3.918391839183919534e-01
3.591359135913589351e-01 4.581458145814584215e-01 3.057305730573055547e-01 3.990399039903992362e-01
4.041404140414037172e-01 3.657365736573656156e-01 3.294329432943295943e-01 2.655265526552651467e-01
3.513351335133512165e-01 3.771377137713771144e-01 3.627362736273629928e-01 4.701470147014703005e-01
3.171317131713172754e-01 3.747374737473749828e-01 3.273327332733271811e-01 3.684368436843683536e-01
3.738373837383736631e-01 4.167416741674166980e-01 2.964296429642965247e-01 3.192319231923194112e-01
3.213321332133211583e-01 3.162316231623161777e-01 3.339333933393338061e-01 3.939393939393940336e-01
3.996399639963997830e-01 2.985298529852986049e-01 2.490249024902487507e-01 3.774377437743777208e-01
3.024302430243024919e-01 3.384338433843382399e-01 3.135313531353131622e-01 2.760276027602758253e-01
3.066306630663065969e-01 3.174317431743169937e-01 3.897389738973895401e-01 3.063306330633062124e-01
3.435343534353433870e-01 2.877287728772876529e-01 2.595259525952595681e-01 3.999399939994007225e-01
3.123312331233120687e-01 3.165316531653165066e-01 2.712271227122713402e-01 3.273327332733276251e-01
2.976297629762974517e-01 3.051305130513050634e-01 3.270327032703266856e-01 2.793279327932791656e-01
3.207320732073203895e-01 3.174317431743174933e-01 3.918391839183920644e-01 3.048304830483047345e-01
3.753375337533753631e-01 3.315331533153314525e-01 3.051305130513053410e-01 3.213321332133212138e-01
2.889288928892883024e-01 3.078307830783078569e-01 3.336333633363335882e-01 2.424242424242420979e-01
2.979297929792976141e-01 3.477347734773475474e-01 3.156315631563154089e-01 2.943294329432941669e-01
3.771377137713772809e-01 2.814281428142813013e-01 2.991299129912989296e-01 2.457245724572454937e-01
3.447344734473448136e-01 3.510351035103514428e-01 3.318331833183316149e-01 3.045304530453042946e-01
3.318331833183316149e-01 3.087308730873088436e-01 2.907290729072906643e-01 2.520252025202517343e-01
2.715271527152712805e-01 4.257425742574257321e-01 2.787278727872786743e-01 2.883288328832881442e-01
3.168316831683170021e-01 4.002400240024003297e-01 2.940294029402940046e-01 3.747374737473750939e-01
2.619261926192617551e-01 3.546354635463547789e-01 3.855385538553856017e-01 3.000300030003002494e-01
2.700270027002699136e-01 3.144314431443141489e-01 3.099309930993103257e-01 3.033303330333032011e-01
3.252325232523252674e-01 2.310231023102308767e-01 3.099309930993097151e-01 2.973297329732968453e-01
3.480348034803483759e-01 2.040204020402038021e-01 2.703270327032701315e-01 2.532253225322529944e-01
2.706270627062704603e-01 2.919291929192918689e-01 3.273327332733272921e-01 2.823282328232819549e-01
2.607260726072605506e-01 2.922292229222917537e-01 3.024302430243023254e-01 2.298229822982294501e-01
2.979297929792975586e-01 3.132313231323131109e-01 3.024302430243021034e-01 2.679267926792678334e-01
2.919291929192913693e-01 2.952295229522953202e-01 2.559255925592557324e-01 2.661266126612663041e-01
2.760276027602759918e-01 3.084308430843083482e-01 2.619261926192616441e-01 3.840384038403842903e-01
2.823282328232821214e-01 2.115211521152115248e-01 2.634263426342634551e-01 3.213321332133207142e-01
3.354335433543351175e-01 3.009300930093011250e-01 2.967296729672965760e-01 3.588358835883592168e-01
2.829282928292826127e-01 2.466246624662464249e-01 3.165316531653164511e-01 2.061206120612056880e-01
2.712271227122711736e-01 2.823282328232823435e-01 2.763276327632760432e-01 2.844284428442845347e-01
2.892289228922892974e-01 2.625262526252623574e-01 3.000300030003003049e-01 3.837383738373836839e-01
2.430243024302428112e-01 2.508250825082507518e-01 2.568256825682566635e-01 3.363336333633364927e-01
2.619261926192616996e-01 2.790279027902789477e-01 3.030303030303030942e-01 3.642364236423644153e-01
2.520252025202520119e-01 2.772277227722774184e-01 2.922292229222921423e-01 3.375337533753373642e-01
