9.798979897989799071e-01 9.747974797479748155e-01 9.663966396639663836e-01 9.774977497749774979e-01 9.513951395139513822e-01 9.516951695169516556e-01 9.852985298529852720e-01 9.717971797179717486e-01 9.600960096009600875e-01 9.771977197719772246e-01 9.783978397839784291e-01 9.525952595259525868e-01
9.597959795979598141e-01 9.261926192619261977e-01 8.868886888688869430e-01 9.564956495649564738e-01 9.138913891389138788e-01 8.925892589258925813e-01 9.639963996399639745e-01 9.285928592859286068e-01 9.054905490549054470e-01 9.516951695169516556e-01 9.186918691869186970e-01 8.955895589558955372e-01
9.561956195619562004e-01 9.306930693069307425e-01 8.934893489348935125e-01 9.489948994899489731e-01 9.111911191119111963e-01 8.748874887488748975e-01 9.555955595559555427e-01 9.093909390939094450e-01 8.628862886288628520e-01 9.489948994899489731e-01 9.183918391839184237e-01 8.751875187518751709e-01
9.309930993099310159e-01 8.904890489048904456e-01 8.478847884788478506e-01 9.204920492049204483e-01 8.928892889288928547e-01 7.809780978097810022e-01 9.342934293429342452e-01 8.823882388238823982e-01 8.388838883888388720e-01 9.447944794479448127e-01 8.862886288628862852e-01 8.667866786678667390e-01
9.024902490249024911e-01 8.367836783678367363e-01 7.473747374737473859e-01 9.285928592859286068e-01 8.688868886888688747e-01 8.223822382238223927e-01 9.039903990399039690e-01 8.436843684368436902e-01 7.524752475247524774e-01 8.904890489048904456e-01 8.178817881788178479e-01 7.665766576657665476e-01
9.039903990399039690e-01 8.259825982598260063e-01 7.512751275127512729e-01 9.012901290129012866e-01 8.133813381338134141e-01 7.617761776177617294e-01 8.730873087308730351e-01 7.491749174917491372e-01 6.894689468946895161e-01 9.159915991599160145e-01 8.601860186018601695e-01 7.878787878787878451e-01
8.862886288628862852e-01 8.121812181218122095e-01 7.200720072007200656e-01 8.841884188418841495e-01 7.941794179417941413e-01 6.882688268826883116e-01 9.042904290429042424e-01 8.418841884188419389e-01 7.797779777977797977e-01 8.988898889888988775e-01 7.974797479747974815e-01 7.326732673267326579e-01
8.733873387338734195e-01 7.818781878187819334e-01 6.753675367536753349e-01 8.454845484548454415e-01 7.119711971197120182e-01 6.294629462946295106e-01 8.682868286828683280e-01 7.629762976297629340e-01 6.894689468946895161e-01 8.751875187518751709e-01 7.608760876087609093e-01 6.837683768376837667e-01
8.202820282028202570e-01 6.825682568256825622e-01 5.700570057005700519e-01 8.649864986498649877e-01 7.470747074707471125e-01 6.669666966696670141e-01 8.403840384038403499e-01 6.987698769876987681e-01 6.015601560156015326e-01 8.637863786378637831e-01 7.695769576957696145e-01 6.570657065706571043e-01
8.664866486648664656e-01 7.458745874587459079e-01 6.675667566756675608e-01 8.073807380738073913e-01 6.285628562856285795e-01 5.433543354335433895e-01 8.433843384338434168e-01 6.921692169216921986e-01 6.342634263426342178e-01 8.100810081008100738e-01 6.825682568256825622e-01 5.766576657665766215e-01
7.947794779477947991e-01 6.894689468946895161e-01 5.307530753075307972e-01 8.634863486348635098e-01 7.581758175817582268e-01 6.474647464746474679e-01 8.541854185418541467e-01 7.551755175517551599e-01 6.459645964596459899e-01 8.463846384638463727e-01 7.617761776177617294e-01 6.462646264626462633e-01
7.866786678667866406e-01 6.402640264026402406e-01 5.121512151215121822e-01 8.085808580858085959e-01 6.930693069306930187e-01 5.964596459645964410e-01 7.734773477347735016e-01 6.090609060906090333e-01 5.073507350735073640e-01 7.941794179417941413e-01 6.381638163816382159e-01 5.325532553255325485e-01
7.653765376537653431e-01 5.964596459645964410e-01 4.980498049804980565e-01 7.695769576957696145e-01 6.027602760276027372e-01 4.935493549354935672e-01 8.052805280528052556e-01 6.876687668766876538e-01 5.559555955595559817e-01 7.668766876687669320e-01 6.066606660666066242e-01 5.010501050105010679e-01
7.494749474947495216e-01 5.814581458145814397e-01 4.791479147914791681e-01 7.929792979297929367e-01 6.600660066006600601e-01 5.193519351935192985e-01 7.899789978997899809e-01 6.420642064206421029e-01 5.391539153915391180e-01 7.485748574857485904e-01 5.772577257725772792e-01 4.734473447344734742e-01
7.248724872487248838e-01 5.562556255625562551e-01 4.407440744074407335e-01 6.975697569756975636e-01 5.349534953495349576e-01 4.260426042604260610e-01 7.884788478847885029e-01 6.099609960996099645e-01 5.076507650765076374e-01 7.143714371437143162e-01 5.163516351635163426e-01 4.359435943594359708e-01
7.479747974797479326e-01 6.039603960396039417e-01 4.947494749474947717e-01 7.749774977497749795e-01 6.342634263426342178e-01 5.100510051005100465e-01 7.707770777077708191e-01 6.051605160516051463e-01 5.004500450045004101e-01 7.218721872187218169e-01 5.463546354635463453e-01 4.380438043804380510e-01
6.960696069606960856e-01 4.920492049204920337e-01 4.227422742274227208e-01 7.176717671767176565e-01 5.268526852685267992e-01 4.179417941794179581e-01 7.140714071407140429e-01 5.058505850585058861e-01 4.317431743174317549e-01 7.170717071707171097e-01 5.229522952295229121e-01 4.197419741974197649e-01
6.840684068406840401e-01 4.878487848784878733e-01 4.254425442544254587e-01 6.807680768076808109e-01 4.974497449744974542e-01 3.708370837083708182e-01 6.930693069306930187e-01 5.043504350435042971e-01 4.245424542454245276e-01 7.350735073507350670e-01 5.688568856885688474e-01 4.635463546354635644e-01
7.665766576657665476e-01 6.222622262226222833e-01 5.118511851185117978e-01 6.753675367536753349e-01 5.040504050405040237e-01 3.765376537653765121e-01 7.425742574257425677e-01 5.613561356135613467e-01 4.707470747074707362e-01 6.744674467446745147e-01 5.115511551155115244e-01 4.026402640264026278e-01
7.215721572157215435e-01 5.361536153615361622e-01 4.452445244524452228e-01 6.396639663966396938e-01 4.548454845484548592e-01 3.453345334533453603e-01 6.558655865586558997e-01 4.845484548454845330e-01 3.777377737773777167e-01 7.206720672067207234e-01 5.601560156015601422e-01 4.488448844884488365e-01
6.666666666666666297e-01 4.584458445844584729e-01 3.825382538253825349e-01 7.125712571257125649e-01 5.328532853285328219e-01 4.359435943594359708e-01 6.723672367236723790e-01 4.875487548754875444e-01 3.771377137713771144e-01 6.600660066006600601e-01 4.752475247524752255e-01 3.633363336333633176e-01
7.047704770477047909e-01 5.247524752475247745e-01 4.191419141914191626e-01 6.543654365436543108e-01 4.665466546654665203e-01 3.621362136213621130e-01 7.131713171317132227e-01 5.271527152715271836e-01 4.644464446444644401e-01 6.627662766276627426e-01 4.962496249624962497e-01 3.804380438043804546e-01
6.831683168316832200e-01 5.199519951995199563e-01 4.149414941494149467e-01 6.294629462946295106e-01 4.614461446144614287e-01 3.702370237023702160e-01 6.405640564056405140e-01 4.686468646864686560e-01 3.606360636063606351e-01 6.228622862286228301e-01 4.239423942394239253e-01 3.564356435643564192e-01
6.336633663366336711e-01 4.527452745274527235e-01 3.483348334833483162e-01 6.261626162616261704e-01 4.236423642364236519e-01 3.504350435043504519e-01 6.774677467746774706e-01 4.977497749774977276e-01 3.903390339033903644e-01 6.774677467746774706e-01 5.220522052205220920e-01 4.212421242124212428e-01
6.792679267926792219e-01 5.028502850285028192e-01 3.867386738673867508e-01 6.093609360936093067e-01 4.254425442544254587e-01 3.534353435343534078e-01 5.898589858985898715e-01 4.554455445544554615e-01 3.555355535553555435e-01 7.020702070207021084e-01 5.280528052805280037e-01 4.293429342934293458e-01
6.675667566756675608e-01 4.674467446744674515e-01 3.834383438343834660e-01 6.498649864986498770e-01 4.542454245424542569e-01 3.717371737173717494e-01 5.889588958895889403e-01 4.107410741074107308e-01 3.198319831983198469e-01 6.516651665166516283e-01 4.779477947794779635e-01 3.756375637563756364e-01
6.630663066306630160e-01 4.998499849984998633e-01 4.113411341134113330e-01 6.351635163516351490e-01 4.803480348034803726e-01 3.507350735073507253e-01 6.633663366336634004e-01 4.533453345334533258e-01 3.738373837383738296e-01 6.045604560456045995e-01 4.077407740774077194e-01 3.225322532253225294e-01
5.853585358535853267e-01 3.918391839183918424e-01 3.315331533153315080e-01 6.648664866486648783e-01 4.626462646264626333e-01 3.651365136513651244e-01 5.868586858685868046e-01 4.071407140714071171e-01 3.270327032703270187e-01 5.994599459945995079e-01 4.098409840984098551e-01 3.207320732073207226e-01
5.526552655265526415e-01 3.831383138313831371e-01 3.042304230423042433e-01 5.868586858685868046e-01 3.972397239723972628e-01 3.330333033303330414e-01 6.588658865886588556e-01 4.944494449444944428e-01 3.987398739873987408e-01 5.826582658265826442e-01 3.732373237323732273e-01 3.084308430843084037e-01
6.096609660966096911e-01 4.461446144614461540e-01 3.477347734773477139e-01 5.646564656465646870e-01 3.921392139213921157e-01 3.159315931593159044e-01 5.649564956495649604e-01 3.930393039303930469e-01 2.994299429942994251e-01 5.745574557455745968e-01 4.116411641164116619e-01 3.288328832883288255e-01
6.213621362136213522e-01 4.398439843984398578e-01 3.480348034803480428e-01 5.511551155115511635e-01 3.861386138613861485e-01 2.904290429042904464e-01 5.511551155115511635e-01 3.915391539153915135e-01 3.138313831383138242e-01 6.483648364836483990e-01 4.464446444644464274e-01 3.354335433543354505e-01
5.112511251125112510e-01 3.531353135313531344e-01 2.721272127212721048e-01 6.078607860786078287e-01 4.137413741374137421e-01 3.495349534953495207e-01 6.027602760276027372e-01 4.173417341734173558e-01 3.339333933393339171e-01 5.346534653465346842e-01 3.537353735373537367e-01 2.925292529252925267e-01
5.904590459045904183e-01 4.056405640564056392e-01 3.288328832883288255e-01 5.361536153615361622e-01 3.264326432643264164e-01 2.844284428442844237e-01 5.400540054005400492e-01 3.768376837683768410e-01 2.847284728472847526e-01 6.267626762676267171e-01 4.491449144914491654e-01 3.501350135013501230e-01
6.543654365436543108e-01 4.845484548454845330e-01 3.885388538853885576e-01 5.937593759375937585e-01 4.062406240624062415e-01 3.375337533753375308e-01 6.852685268526852447e-01 4.794479447944794415e-01 4.152415241524152201e-01 5.517551755175517103e-01 3.606360636063606351e-01 2.943294329432943335e-01
4.947494749474947717e-01 3.195319531953195180e-01 2.781278127812781276e-01 6.255625562556255126e-01 4.497449744974497676e-01 3.663366336633663289e-01 5.952595259525952365e-01 3.945394539453945248e-01 3.333333333333333148e-01 5.214521452145214342e-01 3.426342634263426223e-01 3.051305130513051189e-01
6.030603060306030105e-01 4.050405040504050369e-01 3.357335733573357239e-01 5.226522652265226387e-01 3.474347434743474405e-01 2.868286828682868328e-01 6.075607560756075554e-01 4.284428442844284701e-01 3.480348034803480428e-01 5.049504950495049549e-01 3.522352235223522587e-01 2.913291329132913221e-01
5.118511851185117978e-01 3.465346534653465094e-01 2.811281128112811389e-01 4.980498049804980565e-01 3.528352835283528610e-01 2.961296129612961403e-01 5.214521452145214342e-01 3.558355835583558169e-01 2.859285928592859016e-01 4.782478247824782369e-01 3.273327332733273476e-01 2.733273327332733094e-01
5.874587458745874624e-01 4.164416441644164246e-01 3.336333633363336437e-01 5.814581458145814397e-01 4.170417041704170269e-01 3.090309030903090060e-01 5.619561956195620045e-01 3.588358835883588283e-01 3.225322532253225294e-01 5.331533153315332063e-01 3.390339033903390087e-01 2.877287728772877085e-01
5.049504950495049549e-01 3.390339033903390087e-01 2.664266426642664110e-01 5.553555355535553240e-01 3.891389138913891599e-01 3.048304830483048455e-01 4.992499249924992610e-01 3.300330033003300301e-01 2.889288928892889130e-01 5.790579057905790306e-01 4.218421842184218451e-01 3.399339933993399399e-01
5.460546054605460720e-01 3.630363036303630442e-01 3.096309630963096082e-01 4.572457245724572683e-01 3.240324032403240073e-01 2.649264926492649330e-01 5.334533453345334797e-01 3.690369036903690114e-01 2.877287728772877085e-01 5.682568256825683006e-01 3.576357635763576237e-01 3.075307530753075280e-01
5.925592559255925540e-01 4.101410141014101285e-01 3.390339033903390087e-01 5.286528652865286615e-01 3.444344434443444292e-01 3.030303030303030387e-01 5.556555655565557084e-01 3.564356435643564192e-01 3.027302730273027098e-01 5.811581158115811663e-01 3.759375937593759653e-01 2.919291929192919244e-01
4.797479747974797704e-01 3.333333333333333148e-01 2.727272727272727071e-01 5.682568256825683006e-01 3.717371737173717494e-01 3.063306330633063235e-01 4.797479747974797704e-01 3.222322232223222560e-01 2.820282028202820146e-01 4.827482748274827262e-01 3.207320732073207226e-01 2.715271527152715025e-01
5.190519051905190251e-01 3.597359735973597594e-01 3.081308130813081303e-01 5.223522352235223654e-01 3.621362136213621130e-01 2.889288928892889130e-01 4.596459645964596219e-01 3.258325832583258141e-01 2.622262226222622505e-01 4.437443744374437449e-01 3.168316831683168355e-01 2.598259825982598414e-01
5.622562256225622779e-01 4.044404440444044346e-01 3.153315331533153576e-01 4.527452745274527235e-01 2.970297029702970160e-01 2.685268526852685467e-01 5.121512151215121822e-01 3.183318331833183135e-01 2.565256525652565012e-01 4.569456945694569394e-01 3.120312031203120173e-01 2.661266126612661376e-01
5.220522052205220920e-01 3.399339933993399399e-01 2.970297029702970160e-01 4.434443444344434715e-01 3.189318931893189157e-01 2.745274527452745139e-01 4.977497749774977276e-01 3.483348334833483162e-01 2.676267626762676155e-01 4.344434443444344374e-01 3.183318331833183135e-01 2.637263726372637285e-01
5.220522052205220920e-01 3.522352235223522587e-01 3.093309330933093348e-01 5.148514851485148647e-01 3.537353735373537367e-01 2.856285628562856282e-01 4.446444644464446205e-01 2.928292829282928555e-01 2.493249324932493294e-01 5.046504650465046815e-01 3.801380138013801258e-01 3.030303030303030387e-01
4.284428442844284701e-01 2.877287728772877085e-01 2.577257725772577057e-01 5.301530153015301394e-01 3.702370237023702160e-01 3.081308130813081303e-01 5.388538853885388447e-01 3.597359735973597594e-01 2.886288628862886396e-01 4.509450945094509722e-01 3.237323732373237339e-01 2.832283228322832191e-01
5.133513351335133867e-01 3.336333633363336437e-01 2.799279927992799344e-01 4.266426642664266633e-01 3.057305730573057212e-01 2.700270027002700246e-01 4.524452445244524501e-01 3.189318931893189157e-01 2.877287728772877085e-01 4.290429042904290169e-01 2.994299429942994251e-01 2.676267626762676155e-01
4.068406840684068437e-01 2.982298229822982205e-01 2.526252625262526141e-01 5.457545754575457986e-01 3.987398739873987408e-01 3.267326732673267453e-01 5.493549354935493012e-01 3.804380438043804546e-01 3.054305430543054478e-01 5.001500150015001367e-01 3.402340234023402132e-01 2.790279027902790032e-01
4.893489348934893512e-01 3.624362436243624419e-01 2.742274227422742405e-01 5.283528352835283881e-01 3.693369336933693403e-01 3.249324932493249385e-01 4.311431143114311526e-01 3.063306330633063235e-01 2.787278727872787298e-01 4.944494449444944428e-01 3.285328532853285521e-01 2.652265226522652064e-01
4.059405940594059681e-01 3.024302430243024364e-01 2.811281128112811389e-01 4.398439843984398578e-01 2.829282928292829458e-01 2.481248124812481248e-01 4.290429042904290169e-01 2.892289228922892419e-01 2.607260726072607171e-01 4.104410441044104574e-01 2.847284728472847526e-01 2.421242124212421298e-01
4.194419441944194360e-01 2.802280228022802078e-01 2.553255325532553521e-01 4.650465046504650424e-01 3.303330333033303590e-01 2.748274827482748428e-01 4.095409540954095262e-01 2.772277227722772519e-01 2.616261626162616483e-01 4.953495349534953740e-01 3.498349834983498496e-01 2.643264326432643307e-01
4.584458445844584729e-01 3.123312331233123462e-01 2.490249024902490282e-01 4.293429342934293458e-01 2.994299429942994251e-01 2.745274527452745139e-01 4.725472547254725431e-01 3.240324032403240073e-01 2.709270927092709003e-01 4.674467446744674515e-01 3.084308430843084037e-01 2.805280528052805367e-01
5.130513051305130023e-01 3.669366936693669312e-01 3.042304230423042433e-01 5.133513351335133867e-01 3.576357635763576237e-01 2.799279927992799344e-01 4.518451845184518478e-01 3.285328532853285521e-01 2.646264626462646041e-01 4.671467146714671226e-01 3.294329432943294278e-01 2.637263726372637285e-01
4.005400540054005476e-01 2.715271527152715025e-01 2.550255025502550232e-01 4.152415241524152201e-01 2.901290129012901176e-01 2.622262226222622505e-01 4.602460246024602242e-01 3.117311731173117439e-01 2.649264926492649330e-01 3.846384638463846151e-01 2.787278727872787298e-01 2.580258025802580346e-01
4.110411041104110597e-01 2.961296129612961403e-01 2.775277527752775253e-01 4.104410441044104574e-01 2.901290129012901176e-01 2.538253825382538187e-01 4.032403240324032301e-01 2.928292829282928555e-01 2.472247224722472214e-01 4.800480048004800437e-01 3.099309930993099371e-01 2.589258925892589103e-01
4.866486648664866688e-01 3.312331233123312346e-01 2.841284128412841503e-01 4.722472247224722697e-01 2.925292529252925267e-01 2.853285328532853549e-01 4.005400540054005476e-01 2.802280228022802078e-01 2.520252025202520119e-01 4.017401740174017521e-01 2.838283828382838214e-01 2.544254425442544210e-01
4.047404740474047635e-01 2.721272127212721048e-01 2.601260126012601148e-01 4.638463846384638378e-01 3.084308430843084037e-01 2.619261926192619216e-01 3.933393339333933203e-01 2.619261926192619216e-01 2.517251725172517385e-01 4.515451545154515189e-01 3.054305430543054478e-01 2.613261326132613194e-01
3.918391839183918424e-01 2.784278427842784009e-01 2.589258925892589103e-01 4.056405640564056392e-01 2.883288328832883107e-01 2.517251725172517385e-01 4.593459345934593485e-01 2.952295229522952091e-01 2.682268226822682178e-01 4.386438643864386533e-01 3.117311731173117439e-01 2.760276027602760474e-01
3.801380138013801258e-01 2.928292829282928555e-01 2.838283828382838214e-01 4.446444644464446205e-01 2.967296729672967426e-01 2.598259825982598414e-01 3.777377737773777167e-01 2.799279927992799344e-01 2.619261926192619216e-01 3.957395739573957294e-01 2.847284728472847526e-01 2.793279327932793321e-01
4.383438343834383244e-01 3.015301530153015053e-01 2.637263726372637285e-01 4.068406840684068437e-01 2.793279327932793321e-01 2.322232223222322200e-01 4.581458145814581440e-01 3.177317731773177112e-01 2.679267926792679444e-01 3.807380738073807280e-01 2.676267626762676155e-01 2.664266426642664110e-01
3.876387638763876264e-01 2.793279327932793321e-01 2.604260426042604437e-01 4.455445544554455517e-01 2.826282628262826169e-01 2.694269426942694223e-01 4.209420942094209694e-01 2.910291029102910487e-01 2.451245124512451135e-01 3.669366936693669312e-01 2.772277227722772519e-01 2.460246024602460169e-01
4.266426642664266633e-01 2.901290129012901176e-01 2.484248424842484260e-01 3.747374737473747608e-01 2.757275727572757185e-01 2.676267626762676155e-01 3.849384938493849440e-01 2.784278427842784009e-01 2.691269126912691489e-01 3.789378937893789212e-01 2.802280228022802078e-01 2.544254425442544210e-01
3.507350735073507253e-01 2.580258025802580346e-01 2.622262226222622505e-01 3.702370237023702160e-01 2.763276327632763207e-01 2.556255625562556255e-01 4.194419441944194360e-01 2.805280528052805367e-01 2.736273627362736383e-01 4.353435343534353685e-01 3.195319531953195180e-01 2.817281728172817412e-01
3.768376837683768410e-01 2.601260126012601148e-01 2.535253525352535453e-01 4.542454245424542569e-01 3.042304230423042433e-01 2.730273027302730360e-01 4.392439243924392556e-01 2.961296129612961403e-01 2.622262226222622505e-01 4.380438043804380510e-01 3.177317731773177112e-01 2.568256825682568301e-01
4.182418241824182314e-01 2.916291629162916510e-01 2.658265826582658087e-01 3.579357935793579526e-01 2.691269126912691489e-01 2.466246624662466191e-01 3.666366636663666578e-01 2.637263726372637285e-01 2.367236723672367371e-01 3.399339933993399399e-01 2.631263126312631262e-01 2.322232223222322200e-01
4.044404440444044346e-01 2.823282328232823435e-01 2.592259225922592392e-01 3.999399939993999453e-01 2.871287128712871062e-01 2.709270927092709003e-01 3.531353135313531344e-01 2.586258625862586369e-01 2.520252025202520119e-01 4.452445244524452228e-01 3.447344734473447581e-01 3.078307830783078569e-01
3.699369936993699426e-01 2.508250825082508073e-01 2.523252325232523408e-01 4.395439543954395289e-01 3.324332433243324392e-01 2.838283828382838214e-01 4.062406240624062415e-01 2.823282328232823435e-01 2.766276627662766496e-01 3.426342634263426223e-01 2.643264326432643307e-01 2.520252025202520119e-01
3.597359735973597594e-01 2.640264026402640019e-01 2.460246024602460169e-01 3.606360636063606351e-01 2.658265826582658087e-01 2.553255325532553521e-01 3.669366936693669312e-01 2.787278727872787298e-01 2.499249924992499317e-01 4.461446144614461540e-01 3.213321332133213248e-01 2.559255925592558989e-01
4.497449744974497676e-01 2.985298529852985494e-01 2.673267326732673421e-01 3.597359735973597594e-01 2.535253525352535453e-01 2.604260426042604437e-01 4.164416441644164246e-01 2.808280828082808100e-01 2.610261026102610460e-01 3.630363036303630442e-01 2.637263726372637285e-01 2.613261326132613194e-01
3.627362736273627153e-01 2.628262826282628528e-01 2.430243024302430332e-01 3.450345034503450314e-01 2.565256525652565012e-01 2.481248124812481248e-01 4.059405940594059681e-01 2.832283228322832191e-01 2.559255925592558989e-01 3.417341734173417467e-01 2.718271827182718314e-01 2.367236723672367371e-01
4.236423642364236519e-01 3.240324032403240073e-01 3.078307830783078569e-01 4.059405940594059681e-01 2.793279327932793321e-01 2.478247824782478237e-01 4.209420942094209694e-01 2.880288028802880373e-01 2.493249324932493294e-01 3.471347134713471116e-01 2.598259825982598414e-01 2.598259825982598414e-01
3.546354635463546123e-01 2.796279627962796055e-01 2.496249624962496305e-01 3.516351635163516565e-01 2.709270927092709003e-01 2.409240924092409253e-01 3.510351035103510542e-01 2.643264326432643307e-01 2.670267026702670132e-01 3.321332133213321103e-01 2.631263126312631262e-01 2.529252925292529430e-01
4.047404740474047635e-01 2.796279627962796055e-01 2.517251725172517385e-01 3.312331233123312346e-01 2.460246024602460169e-01 2.409240924092409253e-01 3.954395439543954560e-01 2.784278427842784009e-01 2.622262226222622505e-01 4.005400540054005476e-01 2.766276627662766496e-01 2.406240624062406241e-01
4.587458745874587462e-01 3.240324032403240073e-01 2.919291929192919244e-01 3.306330633063306323e-01 2.691269126912691489e-01 2.619261926192619216e-01 3.327332733273327126e-01 2.724272427242724337e-01 2.604260426042604437e-01 3.324332433243324392e-01 2.634263426342633996e-01 2.541254125412541476e-01
3.861386138613861485e-01 2.619261926192619216e-01 2.529252925292529430e-01 3.678367836783678624e-01 2.736273627362736383e-01 2.730273027302730360e-01 3.957395739573957294e-01 2.676267626762676155e-01 2.469246924692469203e-01 4.053405340534053658e-01 2.778277827782778542e-01 2.673267326732673421e-01
3.909390939093909667e-01 2.829282928292829458e-01 2.493249324932493294e-01 4.119411941194119353e-01 3.114311431143114151e-01 2.682268226822682178e-01 3.210321032103210515e-01 2.631263126312631262e-01 2.712271227122712292e-01 3.357335733573357239e-01 2.520252025202520119e-01 2.544254425442544210e-01
3.711371137113711471e-01 2.772277227722772519e-01 2.610261026102610460e-01 3.201320132013201203e-01 2.652265226522652064e-01 2.616261626162616483e-01 3.939393939393939226e-01 2.784278427842784009e-01 2.466246624662466191e-01 3.324332433243324392e-01 2.814281428142814123e-01 2.826282628262826169e-01
3.057305730573057212e-01 2.652265226522652064e-01 2.406240624062406241e-01 4.035403540354035590e-01 2.988298829882988228e-01 2.580258025802580346e-01 4.020402040204020255e-01 3.141314131413141530e-01 2.940294029402940046e-01 4.044404440444044346e-01 2.907290729072907198e-01 2.418241824182418287e-01
3.585358535853585549e-01 2.682268226822682178e-01 2.679267926792679444e-01 3.279327932793279499e-01 2.688268826882688201e-01 2.439243924392439367e-01 3.627362736273627153e-01 2.742274227422742405e-01 2.595259525952595125e-01 3.426342634263426223e-01 2.631263126312631262e-01 2.619261926192619216e-01
3.429342934293429512e-01 2.778277827782778542e-01 2.700270027002700246e-01 3.177317731773177112e-01 2.583258325832583080e-01 2.673267326732673421e-01 3.147314731473147553e-01 2.586258625862586369e-01 2.700270027002700246e-01 3.255325532553255408e-01 2.667266726672667398e-01 2.670267026702670132e-01
3.738373837383738296e-01 2.697269726972697512e-01 2.661266126612661376e-01 3.690369036903690114e-01 2.814281428142814123e-01 2.667266726672667398e-01 3.900390039003900355e-01 2.763276327632763207e-01 2.535253525352535453e-01 3.702370237023702160e-01 2.625262526252625239e-01 2.490249024902490282e-01
3.987398739873987408e-01 2.817281728172817412e-01 2.619261926192619216e-01 3.189318931893189157e-01 2.643264326432643307e-01 2.367236723672367371e-01 4.395439543954395289e-01 3.513351335133513276e-01 3.357335733573357239e-01 3.624362436243624419e-01 2.709270927092709003e-01 2.502250225022502050e-01
3.516351635163516565e-01 2.709270927092709003e-01 2.472247224722472214e-01 4.008400840084008210e-01 3.024302430243024364e-01 2.598259825982598414e-01 3.972397239723972628e-01 2.634263426342633996e-01 2.370237023702370105e-01 3.903390339033903644e-01 3.045304530453045166e-01 2.778277827782778542e-01
3.525352535253525321e-01 2.661266126612661376e-01 2.400240024002400219e-01 3.570357035703570214e-01 2.661266126612661376e-01 2.439243924392439367e-01 3.624362436243624419e-01 2.613261326132613194e-01 2.511251125112511362e-01 3.261326132613261430e-01 2.628262826282628528e-01 2.550255025502550232e-01
3.585358535853585549e-01 2.706270627062706269e-01 2.499249924992499317e-01 3.288328832883288255e-01 2.649264926492649330e-01 2.514251425142514096e-01 3.150315031503150287e-01 2.586258625862586369e-01 2.505250525052505339e-01 3.957395739573957294e-01 2.928292829282928555e-01 2.775277527752775253e-01
3.186318631863186424e-01 2.700270027002700246e-01 2.586258625862586369e-01 3.936393639363936492e-01 3.033303330333033121e-01 2.673267326732673421e-01 3.597359735973597594e-01 2.703270327032703535e-01 2.706270627062706269e-01 3.486348634863486451e-01 2.547254725472547499e-01 2.544254425442544210e-01
3.963396339633963317e-01 2.748274827482748428e-01 2.589258925892589103e-01 3.759375937593759653e-01 2.703270327032703535e-01 2.529252925292529430e-01 3.078307830783078569e-01 2.403240324032403230e-01 2.418241824182418287e-01 3.069306930693069257e-01 2.514251425142514096e-01 2.520252025202520119e-01
3.012301230123012319e-01 2.373237323732373116e-01 2.424242424242424310e-01 3.081308130813081303e-01 2.655265526552655353e-01 2.448244824482448123e-01 3.528352835283528610e-01 2.631263126312631262e-01 2.526252625262526141e-01 3.105310531053105394e-01 2.565256525652565012e-01 2.448244824482448123e-01
3.570357035703570214e-01 2.700270027002700246e-01 2.460246024602460169e-01 3.990399039903990142e-01 3.195319531953195180e-01 2.955295529552955380e-01 3.888388838883888310e-01 2.883288328832883107e-01 2.736273627362736383e-01 3.510351035103510542e-01 2.571257125712571034e-01 2.544254425442544210e-01
3.549354935493549412e-01 2.580258025802580346e-01 2.526252625262526141e-01 3.762376237623762387e-01 2.742274227422742405e-01 2.703270327032703535e-01 3.069306930693069257e-01 2.481248124812481248e-01 2.436243624362436355e-01 2.955295529552955380e-01 2.574257425742574323e-01 2.439243924392439367e-01
2.931293129312931289e-01 2.472247224722472214e-01 2.370237023702370105e-01 3.039303930393039144e-01 2.628262826282628528e-01 2.493249324932493294e-01 3.471347134713471116e-01 2.553255325532553521e-01 1.905190519051905285e-01 3.066306630663066524e-01 2.544254425442544210e-01 2.496249624962496305e-01
3.843384338433843417e-01 2.982298229822982205e-01 2.949294929492949358e-01 3.489348934893489185e-01 2.418241824182418287e-01 2.091209120912091157e-01 3.360336033603360528e-01 2.523252325232523408e-01 2.577257725772577057e-01 3.234323432343234050e-01 2.454245424542454146e-01 2.577257725772577057e-01
3.483348334833483162e-01 2.676267626762676155e-01 2.625262526252625239e-01 3.474347434743474405e-01 2.592259225922592392e-01 2.574257425742574323e-01 3.096309630963096082e-01 2.673267326732673421e-01 2.457245724572457157e-01 3.735373537353735562e-01 2.976297629762976182e-01 2.667266726672667398e-01
3.417341734173417467e-01 2.460246024602460169e-01 2.451245124512451135e-01 3.888388838883888310e-01 3.045304530453045166e-01 2.643264326432643307e-01 3.588358835883588283e-01 2.640264026402640019e-01 2.478247824782478237e-01 3.828382838283828637e-01 2.814281428142814123e-01 2.637263726372637285e-01
3.354335433543354505e-01 2.733273327332733094e-01 2.565256525652565012e-01 2.997299729972997540e-01 2.574257425742574323e-01 2.610261026102610460e-01 2.916291629162916510e-01 2.499249924992499317e-01 2.496249624962496305e-01 3.309330933093309057e-01 2.646264626462646041e-01 2.523252325232523408e-01
2.790279027902790032e-01 2.493249324932493294e-01 2.475247524752475226e-01 3.327332733273327126e-01 2.574257425742574323e-01 2.307230723072307144e-01 2.700270027002700246e-01 2.313231323132313166e-01 2.343234323432343280e-01 3.339333933393339171e-01 2.619261926192619216e-01 2.547254725472547499e-01
3.828382838283828637e-01 2.853285328532853549e-01 2.751275127512751162e-01 3.822382238223822615e-01 3.114311431143114151e-01 3.096309630963096082e-01 2.916291629162916510e-01 2.706270627062706269e-01 2.523252325232523408e-01 3.477347734773477139e-01 2.610261026102610460e-01 2.475247524752475226e-01
3.573357335733573503e-01 2.724272427242724337e-01 2.385238523852385162e-01 2.892289228922892419e-01 2.331233123312331235e-01 2.478247824782478237e-01 3.420342034203420201e-01 2.565256525652565012e-01 2.496249624962496305e-01 3.024302430243024364e-01 2.538253825382538187e-01 2.478247824782478237e-01
3.375337533753375308e-01 2.721272127212721048e-01 2.400240024002400219e-01 3.132313231323132219e-01 2.415241524152415276e-01 2.379237923792379139e-01 3.438343834383438269e-01 2.745274527452745139e-01 2.742274227422742405e-01 3.492349234923492474e-01 2.676267626762676155e-01 2.580258025802580346e-01
2.946294629462946069e-01 2.586258625862586369e-01 2.598259825982598414e-01 3.681368136813681358e-01 2.769276927692769230e-01 2.742274227422742405e-01 3.096309630963096082e-01 2.409240924092409253e-01 2.496249624962496305e-01 3.243324332433243362e-01 2.616261626162616483e-01 2.568256825682568301e-01
3.456345634563456337e-01 2.838283828382838214e-01 2.760276027602760474e-01 3.552355235523552146e-01 2.766276627662766496e-01 2.613261326132613194e-01 2.850285028502850260e-01 2.598259825982598414e-01 2.496249624962496305e-01 2.811281128112811389e-01 2.388238823882388173e-01 2.502250225022502050e-01
3.351335133513351217e-01 2.625262526252625239e-01 2.514251425142514096e-01 2.838283828382838214e-01 2.502250225022502050e-01 2.496249624962496305e-01 3.519351935193519298e-01 2.820282028202820146e-01 2.481248124812481248e-01 3.597359735973597594e-01 2.820282028202820146e-01 2.496249624962496305e-01
3.663366336633663289e-01 2.874287428742874351e-01 2.610261026102610460e-01 3.003300330033003562e-01 2.496249624962496305e-01 2.502250225022502050e-01 3.219321932193219271e-01 2.661266126612661376e-01 2.424242424242424310e-01 3.357335733573357239e-01 2.613261326132613194e-01 2.454245424542454146e-01
2.883288328832883107e-01 2.526252625262526141e-01 2.517251725172517385e-01 3.117311731173117439e-01 2.661266126612661376e-01 2.628262826282628528e-01 3.045304530453045166e-01 2.586258625862586369e-01 2.634263426342633996e-01 2.889288928892889130e-01 2.568256825682568301e-01 2.538253825382538187e-01
2.871287128712871062e-01 2.514251425142514096e-01 2.544254425442544210e-01 2.775277527752775253e-01 2.439243924392439367e-01 2.511251125112511362e-01 3.321332133213321103e-01 2.622262226222622505e-01 2.466246624662466191e-01 3.222322232223222560e-01 2.652265226522652064e-01 2.532253225322532164e-01
2.835283528352835480e-01 2.541254125412541476e-01 2.487248724872487271e-01 3.249324932493249385e-01 2.586258625862586369e-01 2.457245724572457157e-01 2.766276627662766496e-01 2.532253225322532164e-01 2.589258925892589103e-01 3.333333333333333148e-01 2.931293129312931289e-01 2.727272727272727071e-01
3.150315031503150287e-01 2.583258325832583080e-01 2.565256525652565012e-01 2.871287128712871062e-01 2.589258925892589103e-01 2.505250525052505339e-01 2.925292529252925267e-01 2.607260726072607171e-01 2.580258025802580346e-01 2.940294029402940046e-01 2.592259225922592392e-01 2.511251125112511362e-01
2.781278127812781276e-01 2.496249624962496305e-01 2.565256525652565012e-01 3.279327932793279499e-01 2.475247524752475226e-01 2.433243324332433344e-01 2.886288628862886396e-01 2.550255025502550232e-01 2.511251125112511362e-01 2.826282628262826169e-01 2.508250825082508073e-01 2.658265826582658087e-01
3.171317131713171089e-01 2.487248724872487271e-01 2.493249324932493294e-01 2.622262226222622505e-01 2.388238823882388173e-01 2.391239123912391185e-01 3.297329732973297567e-01 2.562256225622562278e-01 2.571257125712571034e-01 3.102310231023102105e-01 2.502250225022502050e-01 2.652265226522652064e-01
3.039303930393039144e-01 2.565256525652565012e-01 2.475247524752475226e-01 2.862286228622862305e-01 2.577257725772577057e-01 2.610261026102610460e-01 2.931293129312931289e-01 2.535253525352535453e-01 2.520252025202520119e-01 3.039303930393039144e-01 2.616261626162616483e-01 2.433243324332433344e-01
2.925292529252925267e-01 2.793279327932793321e-01 2.742274227422742405e-01 3.201320132013201203e-01 2.625262526252625239e-01 2.583258325832583080e-01 2.970297029702970160e-01 2.610261026102610460e-01 2.502250225022502050e-01 3.213321332133213248e-01 2.571257125712571034e-01 2.583258325832583080e-01
2.796279627962796055e-01 2.451245124512451135e-01 2.592259225922592392e-01 3.423342334233423490e-01 2.730273027302730360e-01 2.706270627062706269e-01 2.814281428142814123e-01 2.631263126312631262e-01 2.592259225922592392e-01 2.802280228022802078e-01 2.664266426642664110e-01 2.511251125112511362e-01
3.246324632463246096e-01 2.541254125412541476e-01 2.460246024602460169e-01 3.294329432943294278e-01 2.472247224722472214e-01 2.268226822682268273e-01 2.880288028802880373e-01 2.628262826282628528e-01 2.439243924392439367e-01 3.480348034803480428e-01 2.853285328532853549e-01 2.652265226522652064e-01
2.811281128112811389e-01 2.337233723372337257e-01 2.391239123912391185e-01 2.490249024902490282e-01 2.157215721572157130e-01 2.211221122112211335e-01 3.117311731173117439e-01 2.556255625562556255e-01 2.517251725172517385e-01 2.760276027602760474e-01 2.484248424842484260e-01 2.544254425442544210e-01
3.309330933093309057e-01 2.721272127212721048e-01 2.460246024602460169e-01 2.817281728172817412e-01 2.538253825382538187e-01 2.526252625262526141e-01 3.249324932493249385e-01 2.673267326732673421e-01 2.724272427242724337e-01 2.868286828682868328e-01 2.559255925592558989e-01 2.583258325832583080e-01
2.742274227422742405e-01 2.535253525352535453e-01 2.346234623462346292e-01 3.621362136213621130e-01 2.877287728772877085e-01 2.823282328232823435e-01 2.694269426942694223e-01 2.460246024602460169e-01 2.226222622262226114e-01 2.799279927992799344e-01 2.598259825982598414e-01 2.307230723072307144e-01
3.213321332133213248e-01 2.457245724572457157e-01 2.508250825082508073e-01 3.405340534053405421e-01 2.553255325532553521e-01 2.415241524152415276e-01 3.363336333633363262e-01 2.817281728172817412e-01 2.478247824782478237e-01 3.141314131413141530e-01 2.652265226522652064e-01 2.412241224122412264e-01
2.664266426642664110e-01 2.520252025202520119e-01 2.499249924992499317e-01 2.682268226822682178e-01 2.403240324032403230e-01 2.442244224422442378e-01 2.982298229822982205e-01 2.799279927992799344e-01 2.511251125112511362e-01 2.994299429942994251e-01 2.511251125112511362e-01 2.562256225622562278e-01
2.811281128112811389e-01 2.493249324932493294e-01 2.481248124812481248e-01 3.213321332133213248e-01 2.547254725472547499e-01 2.331233123312331235e-01 2.949294929492949358e-01 2.625262526252625239e-01 2.544254425442544210e-01 2.898289828982898442e-01 2.406240624062406241e-01 2.397239723972397207e-01
2.625262526252625239e-01 2.502250225022502050e-01 2.403240324032403230e-01 2.673267326732673421e-01 2.538253825382538187e-01 2.451245124512451135e-01 3.045304530453045166e-01 2.568256825682568301e-01 2.517251725172517385e-01 2.985298529852985494e-01 2.637263726372637285e-01 2.400240024002400219e-01
3.006300630063006296e-01 2.517251725172517385e-01 2.451245124512451135e-01 2.502250225022502050e-01 2.169216921692169175e-01 2.454245424542454146e-01 2.832283228322832191e-01 2.442244224422442378e-01 2.565256525652565012e-01 2.514251425142514096e-01 2.451245124512451135e-01 2.457245724572457157e-01
2.748274827482748428e-01 2.559255925592558989e-01 2.523252325232523408e-01 3.210321032103210515e-01 2.601260126012601148e-01 2.541254125412541476e-01 2.781278127812781276e-01 2.484248424842484260e-01 2.601260126012601148e-01 2.931293129312931289e-01 2.481248124812481248e-01 2.142214221422142351e-01
3.225322532253225294e-01 2.421242124212421298e-01 2.286228622862286342e-01 2.538253825382538187e-01 2.373237323732373116e-01 2.454245424542454146e-01 2.931293129312931289e-01 2.550255025502550232e-01 2.538253825382538187e-01 2.622262226222622505e-01 2.556255625562556255e-01 2.427242724272427321e-01
3.243324332433243362e-01 2.556255625562556255e-01 2.601260126012601148e-01 2.817281728172817412e-01 2.403240324032403230e-01 2.457245724572457157e-01 3.267326732673267453e-01 2.559255925592558989e-01 2.349234923492349303e-01 2.826282628262826169e-01 2.592259225922592392e-01 2.592259225922592392e-01
