9.837000000000000188e-01 9.785000000000000364e-01 9.826000000000000290e-01 9.770999999999999686e-01
9.565000000000000169e-01 9.596999999999999975e-01 9.607999999999999874e-01 9.542000000000000481e-01
9.576000000000000068e-01 9.514000000000000234e-01 9.505000000000000115e-01 9.502000000000000446e-01
9.344000000000000083e-01 9.206999999999999629e-01 9.368999999999999551e-01 9.411000000000000476e-01
9.019000000000000350e-01 9.354000000000000092e-01 9.013999999999999790e-01 8.938000000000000389e-01
9.030000000000000249e-01 9.038000000000000478e-01 8.707000000000000295e-01 9.190000000000000391e-01
8.850999999999999979e-01 8.745000000000000551e-01 9.014999999999999680e-01 8.893999999999999684e-01
8.712999999999999634e-01 8.426000000000000156e-01 8.729999999999999982e-01 8.735000000000000542e-01
8.222000000000000419e-01 8.609999999999999876e-01 8.292000000000000481e-01 8.556000000000000272e-01
8.627000000000000224e-01 8.030000000000000471e-01 8.460999999999999632e-01 8.135000000000000009e-01
8.051000000000000378e-01 8.541999999999999593e-01 8.381999999999999451e-01 8.527000000000000135e-01
7.798000000000000487e-01 8.138999999999999568e-01 7.682999999999999829e-01 7.780000000000000249e-01
7.671999999999999931e-01 7.610000000000000098e-01 7.934999999999999831e-01 7.606000000000000538e-01
7.560000000000000053e-01 7.912000000000000144e-01 7.981000000000000316e-01 7.356000000000000316e-01
7.116000000000000103e-01 7.036000000000000032e-01 7.759000000000000341e-01 7.329999999999999849e-01
7.537000000000000366e-01 7.733999999999999764e-01 7.659000000000000252e-01 7.167000000000000037e-01
6.945000000000000062e-01 7.102000000000000535e-01 7.072000000000000508e-01 7.087999999999999856e-01
6.966999999999999860e-01 6.711000000000000298e-01 6.935000000000000053e-01 7.361999999999999655e-01
7.677000000000000490e-01 6.699000000000000510e-01 7.316000000000000281e-01 6.805999999999999828e-01
7.258999999999999897e-01 6.453999999999999737e-01 6.503999999999999782e-01 7.197000000000000064e-01
6.585999999999999632e-01 7.038999999999999702e-01 6.505999999999999561e-01 6.612999999999999989e-01
7.155000000000000249e-01 6.556999999999999496e-01 7.267000000000000126e-01 6.613999999999999879e-01
6.872000000000000330e-01 6.380000000000000115e-01 6.340999999999999970e-01 6.347000000000000419e-01
6.240999999999999881e-01 6.264999999999999458e-01 6.822000000000000286e-01 6.945000000000000062e-01
6.691000000000000281e-01 6.233999999999999542e-01 6.185000000000000497e-01 6.987999999999999767e-01
6.712000000000000188e-01 6.531000000000000139e-01 5.927000000000000046e-01 6.578000000000000513e-01
6.659000000000000474e-01 6.532999999999999918e-01 6.543999999999999817e-01 5.970999999999999641e-01
5.880999999999999561e-01 6.495999999999999552e-01 5.921999999999999487e-01 5.848999999999999755e-01
5.376999999999999558e-01 5.724000000000000199e-01 6.615999999999999659e-01 5.762000000000000455e-01
6.308000000000000274e-01 5.639999999999999458e-01 5.667999999999999705e-01 5.957999999999999963e-01
6.162999999999999590e-01 5.651000000000000467e-01 5.608999999999999542e-01 6.420000000000000151e-01
5.250000000000000222e-01 6.151999999999999691e-01 6.086000000000000298e-01 5.282999999999999918e-01
6.017000000000000126e-01 5.184999999999999609e-01 5.417999999999999483e-01 6.283999999999999586e-01
6.483999999999999764e-01 6.001999999999999558e-01 6.604999999999999760e-01 5.305999999999999606e-01
5.010999999999999899e-01 6.086000000000000298e-01 5.826000000000000068e-01 5.249000000000000332e-01
5.939999999999999725e-01 5.107000000000000428e-01 6.010999999999999677e-01 5.116000000000000547e-01
4.999000000000000110e-01 5.014999999999999458e-01 5.217000000000000526e-01 4.843000000000000083e-01
5.889999999999999680e-01 5.769999999999999574e-01 5.626999999999999780e-01 5.039000000000000146e-01
4.924000000000000044e-01 5.553000000000000158e-01 4.909000000000000030e-01 5.674000000000000155e-01
5.598999999999999533e-01 4.773000000000000020e-01 5.500000000000000444e-01 5.463000000000000078e-01
5.813000000000000389e-01 5.403000000000000025e-01 5.345999999999999641e-01 5.613000000000000211e-01
4.783999999999999919e-01 5.697999999999999732e-01 4.693999999999999839e-01 4.681000000000000161e-01
5.330000000000000293e-01 5.289000000000000368e-01 4.778999999999999915e-01 4.499000000000000221e-01
5.591000000000000414e-01 4.520000000000000129e-01 5.097000000000000419e-01 4.657999999999999918e-01
5.232999999999999874e-01 4.409000000000000141e-01 5.022999999999999687e-01 4.512999999999999790e-01
5.181999999999999940e-01 5.109000000000000208e-01 4.279000000000000026e-01 5.218000000000000416e-01
4.386999999999999789e-01 5.311000000000000165e-01 5.278000000000000469e-01 4.416999999999999815e-01
5.026000000000000467e-01 4.245999999999999774e-01 4.470999999999999974e-01 4.343000000000000194e-01
4.313000000000000167e-01 5.453999999999999959e-01 5.265999999999999570e-01 4.954000000000000070e-01
4.843000000000000083e-01 5.395999999999999686e-01 4.279999999999999916e-01 4.903000000000000136e-01
4.198000000000000065e-01 4.309000000000000052e-01 4.275999999999999801e-01 4.183999999999999941e-01
4.238999999999999990e-01 4.749999999999999778e-01 4.166000000000000258e-01 5.001999999999999780e-01
4.631000000000000116e-01 4.190999999999999726e-01 4.806000000000000272e-01 4.697999999999999954e-01
5.144999999999999574e-01 5.161999999999999922e-01 4.663999999999999813e-01 4.637000000000000011e-01
3.986000000000000099e-01 4.031000000000000139e-01 4.621000000000000107e-01 3.862999999999999767e-01
3.948999999999999733e-01 4.071000000000000174e-01 3.931000000000000050e-01 4.813000000000000056e-01
4.890999999999999792e-01 4.692999999999999949e-01 3.961999999999999966e-01 3.907999999999999807e-01
4.017000000000000015e-01 4.617999999999999883e-01 3.842999999999999750e-01 4.505000000000000115e-01
3.925000000000000155e-01 3.936000000000000054e-01 4.527999999999999803e-01 4.425000000000000044e-01
3.836999999999999855e-01 4.423000000000000265e-01 3.665999999999999814e-01 3.988999999999999768e-01
4.373000000000000220e-01 4.057999999999999940e-01 4.586000000000000076e-01 3.815999999999999948e-01
3.664000000000000035e-01 4.420000000000000040e-01 4.163000000000000034e-01 3.588999999999999968e-01
4.295999999999999819e-01 3.771999999999999797e-01 3.704000000000000070e-01 3.854000000000000203e-01
3.588000000000000078e-01 3.598000000000000087e-01 4.218000000000000083e-01 4.284999999999999920e-01
3.733000000000000207e-01 4.588999999999999746e-01 4.279000000000000026e-01 4.452999999999999736e-01
4.168999999999999928e-01 3.578999999999999959e-01 3.687000000000000277e-01 3.420000000000000262e-01
4.109999999999999765e-01 4.055000000000000271e-01 3.629999999999999893e-01 4.591999999999999971e-01
3.618000000000000105e-01 4.547999999999999821e-01 4.088999999999999857e-01 3.610999999999999766e-01
3.521000000000000241e-01 3.659000000000000030e-01 3.527000000000000135e-01 4.525000000000000133e-01
4.481999999999999873e-01 3.568999999999999950e-01 4.325999999999999845e-01 3.533000000000000029e-01
3.553999999999999937e-01 3.422000000000000042e-01 3.986000000000000099e-01 3.553999999999999937e-01
4.153000000000000025e-01 3.982999999999999874e-01 4.294000000000000039e-01 3.417000000000000037e-01
3.413999999999999813e-01 3.472999999999999976e-01 3.557000000000000162e-01 3.463999999999999857e-01
3.936000000000000054e-01 3.255000000000000115e-01 3.942999999999999838e-01 3.936000000000000054e-01
4.363000000000000211e-01 3.210000000000000075e-01 3.413999999999999813e-01 3.448999999999999844e-01
3.790999999999999925e-01 3.825999999999999956e-01 4.008999999999999786e-01 4.113999999999999879e-01
3.905000000000000138e-01 4.174999999999999822e-01 3.405000000000000249e-01 3.403999999999999804e-01
3.751999999999999780e-01 3.231999999999999873e-01 3.929000000000000270e-01 3.368999999999999773e-01
3.035999999999999810e-01 3.973999999999999755e-01 3.996999999999999997e-01 4.026000000000000134e-01
3.731999999999999762e-01 3.265000000000000124e-01 3.780999999999999917e-01 3.322999999999999843e-01
3.351000000000000090e-01 3.295000000000000151e-01 3.225000000000000089e-01 3.239000000000000212e-01
3.679000000000000048e-01 3.657000000000000250e-01 3.920000000000000151e-01 3.704000000000000070e-01
3.988999999999999768e-01 3.187999999999999723e-01 4.278000000000000136e-01 3.695999999999999841e-01
3.635999999999999788e-01 4.098999999999999866e-01 3.921999999999999931e-01 4.122000000000000108e-01
3.544999999999999818e-01 3.613999999999999990e-01 3.608999999999999986e-01 3.250000000000000111e-01
3.478999999999999870e-01 3.245000000000000107e-01 3.235000000000000098e-01 3.966999999999999971e-01
3.271999999999999909e-01 3.839000000000000190e-01 3.528999999999999915e-01 3.472999999999999976e-01
3.932999999999999829e-01 3.816999999999999837e-01 3.146999999999999797e-01 3.010999999999999788e-01
2.960999999999999743e-01 3.121999999999999775e-01 3.553999999999999937e-01 3.200999999999999956e-01
3.486000000000000210e-01 4.055000000000000271e-01 3.935000000000000164e-01 3.523000000000000020e-01
3.386000000000000121e-01 3.739999999999999991e-01 3.060999999999999832e-01 3.079999999999999960e-01
2.916000000000000258e-01 3.068000000000000171e-01 3.573999999999999955e-01 3.115999999999999881e-01
3.865000000000000102e-01 3.403999999999999804e-01 3.558000000000000052e-01 3.103000000000000203e-01
3.363999999999999768e-01 3.396000000000000130e-01 3.019999999999999907e-01 3.836999999999999855e-01
3.496000000000000218e-01 3.815999999999999948e-01 3.406000000000000139e-01 3.726999999999999758e-01
3.291000000000000036e-01 2.968000000000000083e-01 2.980999999999999761e-01 3.444999999999999729e-01
2.852000000000000091e-01 3.402999999999999914e-01 2.732999999999999874e-01 3.317999999999999838e-01
3.754000000000000115e-01 3.805999999999999939e-01 2.958999999999999964e-01 3.393999999999999795e-01
3.583000000000000074e-01 2.883999999999999897e-01 3.451000000000000179e-01 2.938000000000000056e-01
3.281000000000000028e-01 3.212999999999999745e-01 3.522000000000000131e-01 3.457999999999999963e-01
2.916000000000000258e-01 3.689999999999999947e-01 3.241999999999999882e-01 3.269000000000000239e-01
3.376000000000000112e-01 3.622000000000000219e-01 2.959999999999999853e-01 2.917000000000000148e-01
3.316000000000000059e-01 2.985999999999999766e-01 3.669000000000000039e-01 3.527000000000000135e-01
3.598000000000000087e-01 2.919999999999999818e-01 3.234000000000000208e-01 3.234000000000000208e-01
2.917000000000000148e-01 3.057000000000000273e-01 2.987000000000000210e-01 2.824999999999999734e-01
2.822000000000000064e-01 2.742999999999999883e-01 3.202999999999999736e-01 3.159000000000000141e-01
2.863999999999999879e-01 3.256999999999999895e-01 2.862000000000000099e-01 3.326000000000000068e-01
3.247999999999999776e-01 2.849999999999999756e-01 2.857000000000000095e-01 2.828999999999999848e-01
2.892000000000000126e-01 3.276999999999999913e-01 2.872999999999999998e-01 2.853999999999999870e-01
3.108000000000000207e-01 2.731000000000000094e-01 3.116999999999999771e-01 3.125999999999999890e-01
3.073000000000000176e-01 2.950999999999999734e-01 3.121999999999999775e-01 3.034999999999999920e-01
2.994999999999999885e-01 3.121999999999999775e-01 3.094000000000000083e-01 3.165000000000000036e-01
2.797999999999999932e-01 3.541000000000000258e-01 2.826000000000000179e-01 2.887000000000000122e-01
3.114000000000000101e-01 3.109999999999999987e-01 2.857000000000000095e-01 3.397999999999999909e-01
2.757999999999999896e-01 2.590999999999999970e-01 3.038000000000000145e-01 2.766000000000000125e-01
3.368999999999999773e-01 2.862999999999999989e-01 3.346999999999999975e-01 2.802999999999999936e-01
2.867999999999999994e-01 3.669000000000000039e-01 2.691000000000000059e-01 2.656999999999999917e-01
3.346000000000000085e-01 3.297999999999999821e-01 3.300000000000000155e-01 3.028000000000000136e-01
2.752000000000000002e-01 2.717999999999999861e-01 2.994999999999999885e-01 2.993999999999999995e-01
2.748999999999999777e-01 3.343999999999999750e-01 2.782000000000000028e-01 2.747999999999999887e-01
2.717999999999999861e-01 2.646000000000000019e-01 3.024999999999999911e-01 3.116999999999999771e-01
3.024000000000000021e-01 2.632999999999999785e-01 2.665000000000000147e-01 2.615000000000000102e-01
2.692999999999999838e-01 3.299000000000000266e-01 2.671000000000000041e-01 3.050999999999999823e-01
3.160000000000000031e-01 2.684000000000000274e-01 2.947000000000000175e-01 2.660000000000000142e-01
3.240000000000000102e-01 2.651000000000000023e-01 3.242999999999999772e-01 2.712999999999999856e-01
