9.816981698169803261e-01 1.030003000300029115e+00 1.000600060005999214e+00 9.489948994899470858e-01
9.876987698769877921e-01 1.020402040204019256e+00 1.011701170117010662e+00 9.945994599459947461e-01
9.699969996999695532e-01 9.882988298829886720e-01 1.001500150014999813e+00 9.669966996699651540e-01
9.693969396939683403e-01 8.637863786378627839e-01 9.945994599459937469e-01 1.042304230423042544e+00
9.444944494449435402e-01 1.001500150015001145e+00 9.333933393339323148e-01 9.843984398439830086e-01
9.852985298529849389e-01 1.025502550255024570e+00 1.061206120612061543e+00 9.552955295529541591e-01
9.423942394239421816e-01 9.582958295829573370e-01 9.669966996699662642e-01 1.036903690369036513e+00
9.498949894989493492e-01 1.030003000300029115e+00 1.005400540054005143e+00 1.026702670267027218e+00
9.831983198319833583e-01 1.020702070207020418e+00 1.026402640264026278e+00 9.396939693969394991e-01
1.029402940294028568e+00 1.079807980798080269e+00 1.087908790879088317e+00 9.591959195919587122e-01
8.466846684668457579e-01 9.633963396339630947e-01 9.429942994299423953e-01 9.000900090009004151e-01
9.513951395139508271e-01 9.429942994299423953e-01 1.000600060006000547e+00 1.000600060006000103e+00
1.004800480048004596e+00 9.939993999399947544e-01 9.087908790879078991e-01 9.816981698169824355e-01
9.831983198319822481e-01 9.180918091809180392e-01 9.828982898289817527e-01 9.873987398739871857e-01
9.465946594659465640e-01 9.138913891389133237e-01 1.043204320432042920e+00 1.030003000300030225e+00
9.267926792679269665e-01 9.321932193219317764e-01 9.972997299729967624e-01 9.645964596459648543e-01
1.034803480348035265e+00 9.903990399039911408e-01 1.056405640564056947e+00 1.002100210021002358e+00
1.014101410141014181e+00 9.207920792079210548e-01 9.906990699069910811e-01 9.621962196219621122e-01
9.447944794479433694e-01 8.904890489048902236e-01 1.014401440144014455e+00 8.913891389138914878e-01
1.001500150015001145e+00 8.997899789979000307e-01 8.916891689168916502e-01 9.303930393039304692e-01
1.007200720072008115e+00 9.750975097509751999e-01 9.315931593159318957e-01 9.177917791779193202e-01
9.591959195919592673e-01 9.255925592559263171e-01 1.022502250225022724e+00 8.799879987998803221e-01
9.045904590459050709e-01 8.742874287428743507e-01 8.763876387638762644e-01 9.531953195319536887e-01
8.910891089108913254e-01 9.579957995799585069e-01 9.294929492949297600e-01 8.874887488748870457e-01
9.159915991599157925e-01 9.051905190519060618e-01 7.587758775877585515e-01 9.513951395139512712e-01
9.837983798379835720e-01 9.585958595859593867e-01 8.544854485448547532e-01 8.967896789678964087e-01
9.009900990099009022e-01 8.151815181518153874e-01 1.003900390039004220e+00 9.129912991299132807e-01
9.120912091209121275e-01 9.717971797179723037e-01 8.661866186618660812e-01 8.895889588958896255e-01
8.127812781278132004e-01 9.018901890189018333e-01 8.919891989198919235e-01 9.366936693669373204e-01
8.382838283828389914e-01 8.334833483348341732e-01 8.151815181518153874e-01 8.175817581758177965e-01
8.925892589258931364e-01 7.854785478547856581e-01 7.926792679267929964e-01 9.411941194119419762e-01
7.464746474647472319e-01 9.318931893189325022e-01 8.901890189018905053e-01 8.352835283528358135e-01
8.832883288328828852e-01 9.135913591359147157e-01 7.743774377437753209e-01 8.829882988298831670e-01
8.979897989798980573e-01 9.000900090009007481e-01 1.032703270327032907e+00 8.676867686768682253e-01
8.037803780378051099e-01 8.937893789378937859e-01 9.354935493549355607e-01 8.415841584158422206e-01
9.297929792979297003e-01 8.124812481248130380e-01 8.853885388538857981e-01 7.494749474947498546e-01
7.770777077707770042e-01 7.317731773177318377e-01 7.827782778277827536e-01 7.260726072607264214e-01
8.466846684668469791e-01 8.022802280228022997e-01 9.318931893189323912e-01 8.700870087008707454e-01
7.641764176417646937e-01 8.034803480348032823e-01 7.965796579657972165e-01 8.115811581158119958e-01
8.586858685868594687e-01 6.645664566456650491e-01 7.809780978097811133e-01 9.393939393939397808e-01
8.862886288628863962e-01 8.556855685568561798e-01 9.003900390039012436e-01 9.075907590759083599e-01
7.119711971197123512e-01 8.958895889588958106e-01 7.545754575457550573e-01 7.575757575757577911e-01
7.860786078607868710e-01 7.695769576957700586e-01 6.636663666366642289e-01 6.405640564056410691e-01
7.887788778877898865e-01 7.356735673567362799e-01 8.379837983798388290e-01 7.008700870087009038e-01
8.433843384338441940e-01 6.480648064806486808e-01 7.158715871587160162e-01 6.120612061206122112e-01
8.187818781878193342e-01 7.689768976897694008e-01 7.047704770477045688e-01 6.765676567656765394e-01
6.798679867986805458e-01 7.878787878787879562e-01 8.259825982598266725e-01 6.648664866486651004e-01
8.190819081908193855e-01 6.327632763276329619e-01 6.882688268826886446e-01 6.564656465646564465e-01
5.784578457845789279e-01 7.677767776777678632e-01 8.121812181218120985e-01 7.587758775877594397e-01
6.549654965496553016e-01 8.019801980198023594e-01 6.531653165316534393e-01 7.629762976297637112e-01
5.916591659165920669e-01 7.188718871887194162e-01 6.801680168016803751e-01 6.192619261926188834e-01
6.729672967296737029e-01 6.789678967896792816e-01 6.585658565856591373e-01 7.008700870087012369e-01
6.873687368736873804e-01 6.642664266426646646e-01 7.164716471647165630e-01 7.575757575757581241e-01
7.425742574257431228e-01 7.470747074707470015e-01 6.345634563456350463e-01 6.768676867686765908e-01
6.420642064206421029e-01 6.375637563756382242e-01 7.104710471047107623e-01 5.757575757575761344e-01
6.222622262226227274e-01 6.147614761476152268e-01 5.784578457845782617e-01 7.692769276927692301e-01
7.503750375037506748e-01 8.244824482448255276e-01 6.129612961296133644e-01 6.081608160816084352e-01
6.579657965796584795e-01 7.281728172817286682e-01 6.459645964596462120e-01 6.996699669967002544e-01
5.991599159915993456e-01 6.036603660366036683e-01 7.605760576057609690e-01 6.567656765676571640e-01
5.457545754575456876e-01 7.035703570357042524e-01 5.553555355535556570e-01 6.123612361236127066e-01
6.741674167416745744e-01 6.147614761476151157e-01 6.891689168916894648e-01 6.057605760576060261e-01
5.853585358535852157e-01 7.581758175817585599e-01 6.348634863486352087e-01 5.151515151515152491e-01
6.579657965796585906e-01 5.646564656465651311e-01 5.886588658865890000e-01 5.505550555055507278e-01
5.403540354035405446e-01 5.373537353735380329e-01 6.903690369036908914e-01 6.291629162916293483e-01
6.036603660366042234e-01 7.230723072307236876e-01 6.915691569156925400e-01 6.177617761776178495e-01
6.456645664566460496e-01 5.130513051305131134e-01 5.454545454545461913e-01 4.626462646264626888e-01
6.255625562556258457e-01 6.093609360936094177e-01 5.355535553555357264e-01 6.093609360936090846e-01
6.096609660966102462e-01 6.051605160516052573e-01 6.483648364836486211e-01 4.869486948694873307e-01
5.331533153315335394e-01 5.397539753975396648e-01 5.145514551455150354e-01 6.303630363036302198e-01
7.209720972097211078e-01 5.790579057905798077e-01 6.678667866786686114e-01 5.592559255925596551e-01
5.427542754275429537e-01 5.136513651365139932e-01 6.240624062406242567e-01 4.464446444644465384e-01
6.066606660666070683e-01 6.276627662766279814e-01 6.480648064806486808e-01 5.217521752175222627e-01
4.746474647464749008e-01 4.830483048304837213e-01 5.271527152715274056e-01 4.599459945994602283e-01
6.270627062706276567e-01 4.965496549654970782e-01 6.132613261326137488e-01 6.123612361236124846e-01
6.960696069606967518e-01 4.464446444644465939e-01 4.413441344134413358e-01 4.611461146114615439e-01
6.255625562556259567e-01 5.556555655565561525e-01 6.312631263126314840e-01 6.498649864986498770e-01
5.733573357335733922e-01 5.697569756975694455e-01 4.449444944494450049e-01 5.055505550555056127e-01
5.427542754275429537e-01 4.263426342634268340e-01 5.931593159315936559e-01 4.356435643564358640e-01
3.621362136213618355e-01 5.721572157215724097e-01 5.577557755775576220e-01 5.829582958295831396e-01
5.388538853885386226e-01 4.212421242124214649e-01 5.250525052505249368e-01 5.004500450045005211e-01
4.653465346534653158e-01 4.455445544554453852e-01 4.383438343834382689e-01 4.434443444344433050e-01
5.784578457845785948e-01 5.295529552955297037e-01 5.946594659465949118e-01 5.721572157215727428e-01
6.129612961296135865e-01 4.005400540054007141e-01 6.003600360036005501e-01 5.247524752475248855e-01
4.893489348934895178e-01 5.550555055505553836e-01 6.384638463846390444e-01 5.352535253525356751e-01
4.992499249924995941e-01 5.166516651665167270e-01 5.544554455445552810e-01 4.449444944494447829e-01
5.136513651365139932e-01 4.431443144314430316e-01 4.197419741974199869e-01 5.862586258625860358e-01
4.044404440444043791e-01 5.382538253825381869e-01 5.388538853885389557e-01 5.361536153615364952e-01
6.234623462346234879e-01 5.697569756975703337e-01 4.443444344434445692e-01 4.185418541854187269e-01
4.341434143414342195e-01 3.726372637263725696e-01 5.217521752175219296e-01 4.068406840684072323e-01
5.070507050705073127e-01 5.340534053405340265e-01 5.751575157515755876e-01 5.361536153615363842e-01
5.433543354335437225e-01 5.763576357635766811e-01 4.200420042004202603e-01 3.582358235823584480e-01
3.747374737473744832e-01 3.726372637263725140e-01 4.659465946594659180e-01 4.062406240624063525e-01
5.532553255325531882e-01 5.304530453045306349e-01 5.088508850885090640e-01 4.917491749174919269e-01
5.046504650465050146e-01 5.220522052205223140e-01 3.726372637263723475e-01 4.944494449444945539e-01
5.322532253225328303e-01 5.172517251725173848e-01 5.322532253225322751e-01 5.679567956795682493e-01
4.428442844284432578e-01 3.879387938793881219e-01 3.747374737473749273e-01 4.512451245124509680e-01
3.366336633663366551e-01 4.566456645664569436e-01 3.504350435043505074e-01 4.707470747074709028e-01
5.676567656765677539e-01 5.220522052205219810e-01 3.153315331533151356e-01 5.076507650765077484e-01
4.932493249324934603e-01 4.161416141614161512e-01 5.061506150615063815e-01 3.936393639363939267e-01
4.362436243624365217e-01 4.530453045304531634e-01 4.821482148214824570e-01 5.028502850285027082e-01
3.678367836783679179e-01 5.478547854785482674e-01 4.557455745574559569e-01 4.449444944494447829e-01
4.614461446144617063e-01 4.971497149714971253e-01 3.252325232523252119e-01 3.771377137713771144e-01
4.692469246924692583e-01 3.504350435043503409e-01 4.578457845784578706e-01 4.827482748274827817e-01
4.977497749774973390e-01 4.023402340234026320e-01 4.098409840984097441e-01 4.686468646864691001e-01
3.588358835883587727e-01 3.996399639963997275e-01 4.011401140114010389e-01 3.501350135013501230e-01
3.615361536153618993e-01 3.519351935193516523e-01 4.563456345634562261e-01 4.242424242424243652e-01
3.369336933693367619e-01 4.446444644464449536e-01 3.291329132913292654e-01 3.933393339333928762e-01
4.266426642664266078e-01 3.351335133513349551e-01 3.534353435343532412e-01 3.555355535553551549e-01
3.420342034203417980e-01 4.845484548454849216e-01 3.519351935193519298e-01 3.612361236123614594e-01
4.545454545454544748e-01 3.093309330933093904e-01 4.776477647764776902e-01 4.452445244524452228e-01
3.897389738973898177e-01 3.465346534653463428e-01 3.708370837083712623e-01 3.702370237023696609e-01
3.138313831383139907e-01 4.311431143114314302e-01 3.582358235823581705e-01 4.509450945094512497e-01
3.627362736273629373e-01 4.785478547854787879e-01 3.141314131413140975e-01 2.925292529252921381e-01
4.575457545754576527e-01 4.734473447344735297e-01 3.195319531953192405e-01 4.533453345334531037e-01
3.813381338133813858e-01 3.210321032103213845e-01 4.200420042004200383e-01 3.372337233723371464e-01
4.224422442244223364e-01 3.363336333633361597e-01 4.452445244524455559e-01 3.510351035103510542e-01
2.967296729672966871e-01 5.055505550555053906e-01 2.928292829282927445e-01 2.910291029102909377e-01
4.776477647764780232e-01 4.971497149714972918e-01 4.116411641164114954e-01 3.879387938793879553e-01
2.931293129312930179e-01 3.279327932793282274e-01 3.060306030603056615e-01 4.011401140114012609e-01
3.435343534353437756e-01 4.329432943294328484e-01 3.516351635163518785e-01 3.873387338733874641e-01
2.772277227722771964e-01 2.856285628562856282e-01 3.948394839483946317e-01 3.444344434443440406e-01
3.918391839183917869e-01 3.453345334533452493e-01 3.735373537353734452e-01 2.646264626462644931e-01
3.090309030903090615e-01 4.368436843684371240e-01 3.492349234923496359e-01 3.492349234923490253e-01
4.698469846984698606e-01 2.949294929492946582e-01 3.681368136813678027e-01 2.625262526252624129e-01
4.662466246624667465e-01 3.699369936993701646e-01 4.473447344734476916e-01 3.294329432943292613e-01
