4.000000000000000000e+00 4.000000000000000000e+00 6.000000000000000000e+00 6.000000000000000000e+00
1.800000000000000000e+01 1.800000000000000000e+01 1.800000000000000000e+01 1.800000000000000000e+01
3.000000000000000000e+01 3.000000000000000000e+01 3.000000000000000000e+01 3.000000000000000000e+01
3.400000000000000000e+01 4.000000000000000000e+01 4.200000000000000000e+01 4.000000000000000000e+01
5.200000000000000000e+01 5.200000000000000000e+01 5.200000000000000000e+01 5.000000000000000000e+01
6.200000000000000000e+01 6.400000000000000000e+01 5.800000000000000000e+01 6.400000000000000000e+01
7.800000000000000000e+01 7.600000000000000000e+01 7.800000000000000000e+01 7.600000000000000000e+01
8.800000000000000000e+01 9.000000000000000000e+01 9.000000000000000000e+01 9.000000000000000000e+01
9.800000000000000000e+01 1.000000000000000000e+02 9.400000000000000000e+01 9.600000000000000000e+01
1.100000000000000000e+02 1.100000000000000000e+02 1.060000000000000000e+02 1.080000000000000000e+02
1.200000000000000000e+02 1.200000000000000000e+02 1.220000000000000000e+02 1.120000000000000000e+02
1.320000000000000000e+02 1.340000000000000000e+02 1.300000000000000000e+02 1.300000000000000000e+02
1.460000000000000000e+02 1.480000000000000000e+02 1.500000000000000000e+02 1.460000000000000000e+02
1.580000000000000000e+02 1.580000000000000000e+02 1.600000000000000000e+02 1.520000000000000000e+02
1.680000000000000000e+02 1.640000000000000000e+02 1.700000000000000000e+02 1.680000000000000000e+02
1.800000000000000000e+02 1.780000000000000000e+02 1.840000000000000000e+02 1.860000000000000000e+02
1.780000000000000000e+02 1.940000000000000000e+02 1.940000000000000000e+02 1.940000000000000000e+02
2.080000000000000000e+02 2.040000000000000000e+02 2.060000000000000000e+02 2.060000000000000000e+02
2.120000000000000000e+02 2.140000000000000000e+02 2.040000000000000000e+02 2.160000000000000000e+02
2.220000000000000000e+02 2.200000000000000000e+02 2.320000000000000000e+02 2.280000000000000000e+02
2.380000000000000000e+02 2.300000000000000000e+02 2.380000000000000000e+02 2.420000000000000000e+02
2.460000000000000000e+02 2.500000000000000000e+02 2.480000000000000000e+02 2.440000000000000000e+02
2.600000000000000000e+02 2.560000000000000000e+02 2.580000000000000000e+02 2.580000000000000000e+02
2.720000000000000000e+02 2.660000000000000000e+02 2.740000000000000000e+02 2.620000000000000000e+02
2.840000000000000000e+02 2.820000000000000000e+02 2.780000000000000000e+02 2.860000000000000000e+02
2.940000000000000000e+02 2.940000000000000000e+02 2.880000000000000000e+02 2.860000000000000000e+02
3.080000000000000000e+02 3.080000000000000000e+02 3.100000000000000000e+02 3.020000000000000000e+02
3.160000000000000000e+02 3.100000000000000000e+02 3.120000000000000000e+02 3.200000000000000000e+02
3.320000000000000000e+02 3.320000000000000000e+02 3.280000000000000000e+02 3.280000000000000000e+02
3.440000000000000000e+02 3.440000000000000000e+02 3.400000000000000000e+02 3.480000000000000000e+02
3.540000000000000000e+02 3.520000000000000000e+02 3.560000000000000000e+02 3.560000000000000000e+02
3.660000000000000000e+02 3.680000000000000000e+02 3.680000000000000000e+02 3.700000000000000000e+02
3.760000000000000000e+02 3.800000000000000000e+02 3.700000000000000000e+02 3.800000000000000000e+02
3.820000000000000000e+02 3.900000000000000000e+02 3.840000000000000000e+02 3.820000000000000000e+02
4.000000000000000000e+02 4.040000000000000000e+02 4.020000000000000000e+02 4.060000000000000000e+02
4.080000000000000000e+02 4.120000000000000000e+02 4.040000000000000000e+02 4.020000000000000000e+02
4.280000000000000000e+02 4.180000000000000000e+02 4.100000000000000000e+02 4.040000000000000000e+02
4.320000000000000000e+02 4.360000000000000000e+02 4.300000000000000000e+02 4.260000000000000000e+02
4.500000000000000000e+02 4.500000000000000000e+02 4.440000000000000000e+02 4.360000000000000000e+02
4.600000000000000000e+02 4.640000000000000000e+02 4.540000000000000000e+02 4.680000000000000000e+02
4.680000000000000000e+02 4.720000000000000000e+02 4.700000000000000000e+02 4.740000000000000000e+02
4.800000000000000000e+02 4.840000000000000000e+02 4.820000000000000000e+02 4.820000000000000000e+02
4.940000000000000000e+02 4.900000000000000000e+02 4.980000000000000000e+02 4.960000000000000000e+02
5.020000000000000000e+02 5.040000000000000000e+02 5.020000000000000000e+02 4.980000000000000000e+02
5.080000000000000000e+02 5.120000000000000000e+02 5.140000000000000000e+02 5.160000000000000000e+02
5.200000000000000000e+02 5.280000000000000000e+02 5.220000000000000000e+02 5.380000000000000000e+02
5.500000000000000000e+02 5.440000000000000000e+02 5.340000000000000000e+02 5.340000000000000000e+02
5.520000000000000000e+02 5.560000000000000000e+02 5.440000000000000000e+02 5.560000000000000000e+02
5.540000000000000000e+02 5.540000000000000000e+02 5.680000000000000000e+02 5.580000000000000000e+02
5.640000000000000000e+02 5.680000000000000000e+02 5.660000000000000000e+02 5.800000000000000000e+02
5.740000000000000000e+02 5.880000000000000000e+02 5.780000000000000000e+02 5.820000000000000000e+02
5.920000000000000000e+02 6.040000000000000000e+02 6.040000000000000000e+02 5.960000000000000000e+02
6.060000000000000000e+02 6.040000000000000000e+02 6.020000000000000000e+02 6.060000000000000000e+02
6.220000000000000000e+02 6.140000000000000000e+02 6.000000000000000000e+02 6.300000000000000000e+02
6.240000000000000000e+02 6.200000000000000000e+02 6.160000000000000000e+02 6.360000000000000000e+02
6.340000000000000000e+02 6.460000000000000000e+02 6.520000000000000000e+02 6.560000000000000000e+02
6.600000000000000000e+02 6.680000000000000000e+02 6.480000000000000000e+02 6.480000000000000000e+02
6.640000000000000000e+02 6.720000000000000000e+02 6.720000000000000000e+02 6.580000000000000000e+02
6.880000000000000000e+02 6.840000000000000000e+02 6.720000000000000000e+02 6.840000000000000000e+02
6.900000000000000000e+02 7.000000000000000000e+02 6.840000000000000000e+02 6.880000000000000000e+02
7.040000000000000000e+02 6.920000000000000000e+02 6.980000000000000000e+02 6.960000000000000000e+02
7.080000000000000000e+02 7.200000000000000000e+02 7.080000000000000000e+02 7.060000000000000000e+02
7.340000000000000000e+02 7.140000000000000000e+02 7.160000000000000000e+02 7.380000000000000000e+02
7.440000000000000000e+02 7.360000000000000000e+02 7.440000000000000000e+02 7.400000000000000000e+02
7.460000000000000000e+02 7.480000000000000000e+02 7.340000000000000000e+02 7.500000000000000000e+02
7.560000000000000000e+02 7.520000000000000000e+02 7.600000000000000000e+02 7.600000000000000000e+02
7.580000000000000000e+02 7.820000000000000000e+02 7.840000000000000000e+02 7.700000000000000000e+02
7.780000000000000000e+02 7.880000000000000000e+02 7.760000000000000000e+02 7.740000000000000000e+02
7.900000000000000000e+02 7.880000000000000000e+02 7.880000000000000000e+02 7.840000000000000000e+02
8.080000000000000000e+02 8.060000000000000000e+02 7.920000000000000000e+02 8.160000000000000000e+02
8.100000000000000000e+02 8.100000000000000000e+02 8.060000000000000000e+02 8.120000000000000000e+02
8.280000000000000000e+02 8.220000000000000000e+02 8.200000000000000000e+02 8.300000000000000000e+02
8.220000000000000000e+02 8.340000000000000000e+02 8.400000000000000000e+02 8.520000000000000000e+02
8.560000000000000000e+02 8.460000000000000000e+02 8.440000000000000000e+02 8.440000000000000000e+02
8.660000000000000000e+02 8.640000000000000000e+02 8.640000000000000000e+02 8.660000000000000000e+02
