9.582958295829583362e-01 9.381938193819382432e-01 9.114911491149114697e-01 9.636963696369637011e-01 9.378937893789378588e-01 9.036903690369036957e-01 9.561956195619562004e-01 9.504950495049504511e-01 9.084908490849085139e-01 9.627962796279627700e-01 9.351935193519351763e-01 9.240924092409240620e-01
9.030903090309030379e-01 8.304830483048304401e-01 7.764776477647764574e-01 9.147914791479148100e-01 8.619861986198620318e-01 7.770777077707771152e-01 9.111911191119111963e-01 8.385838583858385986e-01 7.827782778277827536e-01 8.928892889288928547e-01 8.352835283528352583e-01 7.590759075907590470e-01
8.889888988898889677e-01 7.803780378037803445e-01 7.275727572757275663e-01 8.304830483048304401e-01 7.470747074707471125e-01 5.970597059705970988e-01 8.658865886588659189e-01 7.608760876087609093e-01 6.843684368436843135e-01 8.736873687368736929e-01 7.641764176417641385e-01 6.873687368736873804e-01
8.310831083108310979e-01 7.302730273027302488e-01 6.243624362436243080e-01 8.499849984998499863e-01 7.350735073507350670e-01 6.027602760276027372e-01 8.073807380738073913e-01 6.702670267026702433e-01 5.412541254125412538e-01 8.166816681668166433e-01 7.020702070207021084e-01 5.601560156015601422e-01
7.935793579357935945e-01 6.390639063906390360e-01 5.259525952595259790e-01 7.617761776177617294e-01 6.300630063006300574e-01 4.812481248124812483e-01 7.746774677467747061e-01 5.871587158715871890e-01 4.656465646564656446e-01 7.962796279627962770e-01 6.330633063306330133e-01 5.232523252325232965e-01
7.467746774677467281e-01 5.730573057305730078e-01 4.353435343534353685e-01 7.374737473747374761e-01 5.067506750675067062e-01 4.044404440444044346e-01 7.830783078307830269e-01 6.207620762076208054e-01 4.698469846984698606e-01 7.545754575457546132e-01 5.730573057305730078e-01 4.272427242724272656e-01
6.957695769576958122e-01 4.824482448244824528e-01 3.399339933993399399e-01 7.251725172517251572e-01 5.328532853285328219e-01 4.089408940894089239e-01 6.846684668466846979e-01 4.482448244824482342e-01 3.474347434743474405e-01 6.942694269426942233e-01 4.902490249024902269e-01 3.285328532853285521e-01
6.702670267026702433e-01 4.878487848784878733e-01 3.123312331233123462e-01 6.690669066906690388e-01 4.608460846084608264e-01 3.150315031503150287e-01 6.762676267626762661e-01 4.470447044704470296e-01 3.216321632163216537e-01 6.477647764776477413e-01 4.701470147014701340e-01 2.904290429042904464e-01
6.426642664266426497e-01 4.539453945394539280e-01 3.042304230423042433e-01 6.666666666666666297e-01 4.374437443744374487e-01 3.087308730873087326e-01 6.396639663966396938e-01 3.936393639363936492e-01 2.709270927092709003e-01 6.225622562256225567e-01 3.855385538553855462e-01 2.694269426942694223e-01
6.000600060006000547e-01 3.684368436843684091e-01 2.298229822982298109e-01 6.129612961296129203e-01 4.113411341134113330e-01 2.691269126912691489e-01 6.282628262826283061e-01 4.005400540054005476e-01 2.502250225022502050e-01 5.847584758475847799e-01 3.618361836183618396e-01 2.187218721872187244e-01
5.574557455745574597e-01 3.297329732973297567e-01 1.950195019501950178e-01 5.856585658565857111e-01 3.330333033303330414e-01 2.121212121212121271e-01 6.003600360036003281e-01 3.318331833183318369e-01 2.127212721272127294e-01 6.066606660666066242e-01 3.666366636663666578e-01 2.313231323132313166e-01
5.124512451245124556e-01 2.901290129012901176e-01 1.458145814581458255e-01 5.334533453345334797e-01 2.826282628262826169e-01 1.629162916291629071e-01 5.193519351935192985e-01 2.718271827182718314e-01 1.770177017701770050e-01 5.421542154215421849e-01 3.174317431743174378e-01 1.821182118211821244e-01
5.001500150015001367e-01 2.691269126912691489e-01 1.557155715571557075e-01 5.526552655265526415e-01 3.339333933393339171e-01 1.755175517551755271e-01 5.013501350135013412e-01 2.754275427542754451e-01 1.323132313231323021e-01 4.938493849384938406e-01 2.586258625862586369e-01 1.251125112511251025e-01
4.935493549354935672e-01 2.457245724572457157e-01 1.341134113411341089e-01 4.719471947194719408e-01 2.091209120912091157e-01 1.191119111911191075e-01 4.830483048304830551e-01 2.514251425142514096e-01 1.122112211221122091e-01 4.785478547854785658e-01 2.553255325532553521e-01 1.278127812781278128e-01
5.097509750975097731e-01 2.613261326132613194e-01 1.620162016201620037e-01 4.608460846084608264e-01 2.406240624062406241e-01 1.125112511251125103e-01 4.383438343834383244e-01 2.100210021002100191e-01 1.026102610261026143e-01 4.542454245424542569e-01 1.968196819681968246e-01 1.140114011401140159e-01
3.999399939993999453e-01 1.797179717971797153e-01 8.760876087608761298e-02 4.305430543054305503e-01 1.974197419741974269e-01 8.340834083408341093e-02 3.966396639663966606e-01 1.641164116411641116e-01 8.100810081008100183e-02 4.107410741074107308e-01 1.755175517551755271e-01 7.650765076507651252e-02
3.960396039603960583e-01 1.746174617461746237e-01 7.740774077407740206e-02 4.113411341134113330e-01 1.647164716471647139e-01 8.340834083408341093e-02 3.783378337833783189e-01 1.524152415241524228e-01 6.150615061506150422e-02 4.035403540354035590e-01 1.686168616861686287e-01 6.990699069906990137e-02
3.489348934893489185e-01 1.515151515151515194e-01 5.700570057005700797e-02 4.113411341134113330e-01 2.022202220222022173e-01 8.460846084608460160e-02 3.699369936993699426e-01 1.506150615061506159e-01 7.140714071407140706e-02 3.771377137713771144e-01 1.578157815781578155e-01 7.140714071407140706e-02
3.741374137413741585e-01 1.677167716771677253e-01 6.750675067506750615e-02 3.783378337833783189e-01 1.464146414641464278e-01 6.450645064506450865e-02 3.903390339033903644e-01 1.329132913291329043e-01 6.030603060306030661e-02 3.378337833783378596e-01 1.356135613561356146e-01 5.670567056705670683e-02
3.393339333933393376e-01 1.305130513051305230e-01 5.070507050705070490e-02 3.204320432043204492e-01 1.326132613261326032e-01 4.830483048304830274e-02 3.147314731473147553e-01 1.290129012901290173e-01 4.500450045004500410e-02 3.462346234623462360e-01 1.434143414341434164e-01 5.670567056705670683e-02
3.357335733573357239e-01 1.056105610561056118e-01 4.950495049504950729e-02 3.306330633063306323e-01 1.224122412241224062e-01 4.740474047404740626e-02 3.381338133813381330e-01 1.116111611161116068e-01 4.950495049504950729e-02 3.168316831683168355e-01 1.185118511851185052e-01 4.710471047104710512e-02
3.372337233723372574e-01 1.296129612961296196e-01 4.890489048904890501e-02 2.955295529552955380e-01 1.005100510051005064e-01 3.630363036303630581e-02 2.859285928592859016e-01 8.280828082808280866e-02 3.210321032103210376e-02 3.273327332733273476e-01 1.116111611161116068e-01 4.530453045304530524e-02
2.880288028802880373e-01 9.510951095109511366e-02 2.730273027302730290e-02 2.901290129012901176e-01 9.240924092409240342e-02 3.270327032703270603e-02 2.868286828682868328e-01 9.750975097509750888e-02 3.750375037503750342e-02 2.892289228922892419e-01 9.660966096609660547e-02 3.990399039903990558e-02
2.880288028802880373e-01 9.540954095409541480e-02 3.390339033903390364e-02 2.952295229522952091e-01 9.150915091509151389e-02 4.170417041704170547e-02 2.955295529552955380e-01 9.960996099609961685e-02 3.750375037503750342e-02 2.772277227722772519e-01 9.450945094509451139e-02 3.450345034503450592e-02
2.661266126612661376e-01 8.010801080108011230e-02 2.460246024602460307e-02 2.808280828082808100e-01 8.310831083108310979e-02 2.730273027302730290e-02 2.526252625262526141e-01 8.340834083408341093e-02 2.340234023402340199e-02 2.358235823582358337e-01 6.180618061806180535e-02 2.190219021902190324e-02
2.406240624062406241e-01 7.950795079507951002e-02 2.670267026702670410e-02 2.457245724572457157e-01 5.340534053405340820e-02 2.310231023102310086e-02 2.655265526552655353e-01 7.980798079807981116e-02 3.090309030903090268e-02 2.514251425142514096e-01 7.140714071407140706e-02 2.550255025502550302e-02
2.568256825682568301e-01 6.840684068406840956e-02 2.160216021602160211e-02 2.253225322532253216e-01 6.750675067506750615e-02 2.370237023702370313e-02 2.316231623162316178e-01 7.170717071707170820e-02 2.580258025802580416e-02 2.379237923792379139e-01 7.140714071407140706e-02 2.250225022502250205e-02
2.358235823582358337e-01 5.790579057905790444e-02 2.100210021002100330e-02 2.085208520852085134e-01 6.480648064806480979e-02 2.100210021002100330e-02 2.082208220822082123e-01 5.520552055205520808e-02 1.590159015901590131e-02 2.064206420642064332e-01 5.790579057905790444e-02 2.130213021302130097e-02
2.127212721272127294e-01 4.650465046504650285e-02 1.890189018901890228e-02 2.007200720072007116e-01 4.710471047104710512e-02 1.530153015301530077e-02 1.902190219021902273e-01 4.830483048304830274e-02 1.230123012301230154e-02 2.121212121212121271e-01 5.280528052805280592e-02 1.560156015601560191e-02
1.938193819381938132e-01 4.710471047104710512e-02 1.440144014401440083e-02 1.938193819381938132e-01 4.560456045604560638e-02 2.100210021002100330e-02 1.770177017701770050e-01 3.540354035403540239e-02 1.290129012901290208e-02 1.887188718871887216e-01 4.260426042604260194e-02 1.530153015301530077e-02
1.770177017701770050e-01 3.510351035103510126e-02 1.440144014401440083e-02 1.971197119711971257e-01 4.470447044704470296e-02 2.070207020702070216e-02 2.151215121512151107e-01 6.180618061806180535e-02 1.830183018301830347e-02 1.821182118211821244e-01 4.830483048304830274e-02 1.530153015301530077e-02
1.566156615661566109e-01 3.120312031203120381e-02 1.290129012901290208e-02 1.671167116711671230e-01 3.570357035703570353e-02 1.380138013801380202e-02 1.812181218121812210e-01 3.360336033603360251e-02 1.650165016501650012e-02 2.076207620762076100e-01 6.120612061206120308e-02 1.920192019201920341e-02
1.746174617461746237e-01 4.410441044104410763e-02 1.410141014101410142e-02 1.728172817281728169e-01 4.650465046504650285e-02 1.860186018601860114e-02 1.734173417341734191e-01 3.570357035703570353e-02 1.530153015301530077e-02 1.743174317431743225e-01 3.750375037503750342e-02 1.230123012301230154e-02
1.692169216921692032e-01 3.000300030003000273e-02 1.140114011401140159e-02 1.605160516051605257e-01 3.270327032703270603e-02 1.410141014101410142e-02 1.644164416441644128e-01 3.420342034203420478e-02 1.530153015301530077e-02 1.749174917491749248e-01 3.780378037803780455e-02 1.140114011401140159e-02
1.476147614761476046e-01 2.310231023102310086e-02 1.050105010501050165e-02 1.440144014401440187e-01 2.430243024302430194e-02 1.290129012901290208e-02 1.437143714371437175e-01 2.970297029702970160e-02 9.900990099009901110e-03 1.416141614161416096e-01 2.640264026402640296e-02 9.600960096009601707e-03
1.329132913291329043e-01 2.130213021302130097e-02 8.400840084008400627e-03 1.383138313831383248e-01 3.060306030603060154e-02 8.700870087008700030e-03 1.338133813381338078e-01 2.610261026102610182e-02 9.900990099009901110e-03 1.638163816381638105e-01 3.420342034203420478e-02 1.080108010801080105e-02
1.281128112811281139e-01 2.400240024002400080e-02 1.260126012601260094e-02 1.362136213621362169e-01 2.580258025802580416e-02 9.000900090009001167e-03 1.416141614161416096e-01 2.250225022502250205e-02 1.050105010501050165e-02 1.494149414941494114e-01 4.140414041404140433e-02 1.170117011701170100e-02
1.185118511851185052e-01 2.370237023702370313e-02 1.050105010501050165e-02 1.221122112211221189e-01 2.670267026702670410e-02 8.700870087008700030e-03 1.497149714971497125e-01 2.310231023102310086e-02 1.020102010201020051e-02 1.356135613561356146e-01 2.040204020402040103e-02 1.290129012901290208e-02
1.116111611161116068e-01 2.460246024602460307e-02 7.200720072007200413e-03 1.068106810681068164e-01 2.160216021602160211e-02 7.800780078007800954e-03 1.038103810381038050e-01 1.560156015601560191e-02 1.110111011101110046e-02 1.224122412241224062e-01 3.240324032403240490e-02 9.300930093009300570e-03
1.221122112211221189e-01 1.830183018301830347e-02 9.000900090009001167e-03 1.176117611761176157e-01 2.340234023402340199e-02 1.410141014101410142e-02 9.930993099309931571e-02 1.470147014701470196e-02 6.600660066006600740e-03 1.131113111311131125e-01 2.250225022502250205e-02 9.000900090009001167e-03
1.062106210621062141e-01 2.310231023102310086e-02 8.400840084008400627e-03 1.335133513351335066e-01 2.610261026102610182e-02 8.100810081008101224e-03 1.173117311731173146e-01 1.800180018001800233e-02 1.200120012001200040e-02 1.002100210021002052e-01 1.980198019801980222e-02 9.000900090009001167e-03
1.083108310831083082e-01 1.860186018601860114e-02 1.050105010501050165e-02 1.101110111011101150e-01 1.530153015301530077e-02 9.000900090009001167e-03 9.600960096009600320e-02 1.530153015301530077e-02 6.600660066006600740e-03 1.002100210021002052e-01 1.890189018901890228e-02 8.400840084008400627e-03
8.700870087008701070e-02 1.590159015901590131e-02 1.200120012001200040e-02 1.005100510051005064e-01 1.710171017101710239e-02 8.100810081008101224e-03 9.000900090009000820e-02 1.530153015301530077e-02 8.400840084008400627e-03 1.092109210921092116e-01 1.740174017401740006e-02 9.300930093009300570e-03
1.008100810081008075e-01 2.220222022202220091e-02 1.170117011701170100e-02 9.210921092109210229e-02 1.650165016501650012e-02 1.110111011101110046e-02 9.540954095409541480e-02 1.710171017101710239e-02 1.020102010201020051e-02 8.790879087908791412e-02 1.590159015901590131e-02 5.400540054005400527e-03
9.660966096609660547e-02 1.920192019201920341e-02 9.600960096009601707e-03 9.030903090309030934e-02 1.230123012301230154e-02 9.300930093009300570e-03 8.790879087908791412e-02 1.110111011101110046e-02 6.600660066006600740e-03 7.620762076207621138e-02 1.470147014701470196e-02 1.230123012301230154e-02
9.990999099909990411e-02 1.560156015601560191e-02 9.900990099009901110e-03 7.140714071407140706e-02 1.170117011701170100e-02 9.000900090009001167e-03 7.800780078007800433e-02 1.260126012601260094e-02 6.300630063006300470e-03 7.740774077407740206e-02 1.290129012901290208e-02 9.600960096009601707e-03
8.490849084908490274e-02 1.380138013801380202e-02 7.500750075007500683e-03 7.650765076507651252e-02 1.080108010801080105e-02 1.200120012001200040e-02 9.300930093009300570e-02 1.560156015601560191e-02 6.900690069006901010e-03 7.860786078607860661e-02 1.050105010501050165e-02 1.140114011401140159e-02
8.400840084008401321e-02 1.230123012301230154e-02 1.140114011401140159e-02 9.150915091509151389e-02 1.560156015601560191e-02 8.100810081008101224e-03 7.890789078907890775e-02 9.900990099009901110e-03 8.100810081008101224e-03 7.590759075907591025e-02 1.530153015301530077e-02 7.800780078007800954e-03
8.040804080408041343e-02 9.900990099009901110e-03 4.500450045004500584e-03 7.110711071107110592e-02 1.260126012601260094e-02 9.600960096009601707e-03 6.510651065106511093e-02 1.110111011101110046e-02 7.800780078007800954e-03 7.350735073507350115e-02 1.320132013201320148e-02 9.300930093009300570e-03
6.180618061806180535e-02 1.440144014401440083e-02 7.800780078007800954e-03 7.200720072007200934e-02 1.320132013201320148e-02 9.600960096009601707e-03 6.870687068706871070e-02 1.530153015301530077e-02 9.900990099009901110e-03 6.180618061806180535e-02 1.320132013201320148e-02 7.800780078007800954e-03
7.050705070507050365e-02 1.290129012901290208e-02 8.700870087008700030e-03 5.520552055205520808e-02 1.230123012301230154e-02 6.600660066006600740e-03 6.960696069606960024e-02 1.080108010801080105e-02 8.100810081008101224e-03 6.090609060906090888e-02 1.020102010201020051e-02 6.600660066006600740e-03
6.030603060306030661e-02 9.600960096009601707e-03 7.200720072007200413e-03 5.520552055205520808e-02 1.170117011701170100e-02 7.200720072007200413e-03 5.520552055205520808e-02 1.110111011101110046e-02 8.400840084008400627e-03 5.760576057605760331e-02 1.080108010801080105e-02 1.020102010201020051e-02
5.310531053105310706e-02 1.080108010801080105e-02 1.050105010501050165e-02 5.730573057305730911e-02 1.050105010501050165e-02 5.700570057005700797e-03 5.460546054605460581e-02 1.020102010201020051e-02 1.050105010501050165e-02 5.190519051905190251e-02 1.140114011401140159e-02 9.000900090009001167e-03
5.490549054905490695e-02 1.080108010801080105e-02 8.400840084008400627e-03 5.370537053705370240e-02 1.230123012301230154e-02 7.500750075007500683e-03 5.880588058805880786e-02 1.170117011701170100e-02 5.700570057005700797e-03 6.330633063306330410e-02 9.000900090009001167e-03 8.100810081008101224e-03
5.790579057905790444e-02 1.170117011701170100e-02 9.300930093009300570e-03 5.100510051005100604e-02 1.020102010201020051e-02 9.000900090009001167e-03 5.040504050405040376e-02 1.140114011401140159e-02 7.500750075007500683e-03 4.140414041404140433e-02 9.300930093009300570e-03 9.600960096009601707e-03
4.440444044404440183e-02 9.900990099009901110e-03 9.600960096009601707e-03 5.010501050105010262e-02 7.500750075007500683e-03 7.200720072007200413e-03 4.290429042904290308e-02 9.300930093009300570e-03 9.300930093009300570e-03 4.260426042604260194e-02 1.260126012601260094e-02 7.200720072007200413e-03
4.410441044104410763e-02 8.400840084008400627e-03 8.100810081008101224e-03 4.530453045304530524e-02 9.300930093009300570e-03 5.400540054005400527e-03 4.860486048604860387e-02 6.900690069006901010e-03 7.500750075007500683e-03 5.310531053105310706e-02 9.300930093009300570e-03 9.000900090009001167e-03
4.200420042004200660e-02 6.900690069006901010e-03 1.020102010201020051e-02 4.500450045004500410e-02 1.050105010501050165e-02 4.800480048004800854e-03 4.620462046204620171e-02 1.200120012001200040e-02 9.900990099009901110e-03 3.900390039003900217e-02 9.600960096009601707e-03 7.200720072007200413e-03
3.960396039603960444e-02 8.700870087008700030e-03 8.100810081008101224e-03 4.020402040204020672e-02 6.000600060006000200e-03 6.900690069006901010e-03 3.870387038703870103e-02 1.080108010801080105e-02 6.300630063006300470e-03 4.440444044404440183e-02 7.200720072007200413e-03 9.300930093009300570e-03
4.110411041104110319e-02 7.500750075007500683e-03 5.400540054005400527e-03 3.780378037803780455e-02 1.020102010201020051e-02 8.100810081008101224e-03 3.540354035403540239e-02 8.400840084008400627e-03 4.500450045004500584e-03 3.690369036903690114e-02 1.110111011101110046e-02 8.100810081008101224e-03
3.870387038703870103e-02 8.100810081008101224e-03 6.600660066006600740e-03 3.120312031203120381e-02 7.200720072007200413e-03 8.700870087008700030e-03 3.840384038403840683e-02 8.400840084008400627e-03 7.800780078007800954e-03 4.050405040504050092e-02 7.800780078007800954e-03 9.300930093009300570e-03
3.660366036603660694e-02 6.900690069006901010e-03 5.100510051005100257e-03 3.420342034203420478e-02 1.230123012301230154e-02 8.700870087008700030e-03 4.530453045304530524e-02 1.260126012601260094e-02 1.020102010201020051e-02 3.660366036603660694e-02 5.400540054005400527e-03 7.500750075007500683e-03
4.290429042904290308e-02 9.900990099009901110e-03 1.080108010801080105e-02 3.840384038403840683e-02 6.900690069006901010e-03 8.400840084008400627e-03 3.720372037203720228e-02 7.200720072007200413e-03 5.700570057005700797e-03 3.450345034503450592e-02 7.200720072007200413e-03 6.600660066006600740e-03
3.450345034503450592e-02 6.300630063006300470e-03 1.170117011701170100e-02 3.060306030603060154e-02 8.700870087008700030e-03 6.600660066006600740e-03 4.350435043504350535e-02 1.290129012901290208e-02 6.900690069006901010e-03 4.200420042004200660e-02 1.200120012001200040e-02 9.600960096009601707e-03
2.820282028202820285e-02 9.000900090009001167e-03 9.300930093009300570e-03 3.750375037503750342e-02 8.100810081008101224e-03 7.500750075007500683e-03 3.300330033003300023e-02 8.100810081008101224e-03 6.900690069006901010e-03 2.640264026402640296e-02 9.300930093009300570e-03 1.110111011101110046e-02
2.970297029702970160e-02 8.400840084008400627e-03 6.000600060006000200e-03 3.690369036903690114e-02 9.000900090009001167e-03 6.900690069006901010e-03 2.700270027002700177e-02 8.100810081008101224e-03 9.300930093009300570e-03 2.730273027302730290e-02 6.900690069006901010e-03 6.600660066006600740e-03
2.550255025502550302e-02 8.400840084008400627e-03 7.500750075007500683e-03 2.790279027902790171e-02 6.300630063006300470e-03 7.200720072007200413e-03 2.520252025202520188e-02 1.140114011401140159e-02 6.900690069006901010e-03 2.580258025802580416e-02 9.000900090009001167e-03 4.800480048004800854e-03
3.240324032403240490e-02 6.600660066006600740e-03 8.700870087008700030e-03 2.490249024902490421e-02 1.110111011101110046e-02 8.100810081008101224e-03 3.600360036003600467e-02 1.050105010501050165e-02 1.020102010201020051e-02 3.390339033903390364e-02 9.300930093009300570e-03 6.600660066006600740e-03
2.640264026402640296e-02 8.700870087008700030e-03 4.500450045004500584e-03 2.940294029402940393e-02 9.600960096009601707e-03 6.900690069006901010e-03 3.210321032103210376e-02 9.300930093009300570e-03 8.400840084008400627e-03 2.700270027002700177e-02 8.400840084008400627e-03 8.100810081008101224e-03
2.310231023102310086e-02 9.900990099009901110e-03 7.500750075007500683e-03 2.490249024902490421e-02 9.300930093009300570e-03 9.600960096009601707e-03 2.760276027602760404e-02 1.200120012001200040e-02 7.800780078007800954e-03 2.340234023402340199e-02 8.100810081008101224e-03 8.400840084008400627e-03
2.640264026402640296e-02 6.000600060006000200e-03 6.300630063006300470e-03 2.370237023702370313e-02 6.000600060006000200e-03 8.700870087008700030e-03 2.760276027602760404e-02 6.000600060006000200e-03 1.050105010501050165e-02 2.640264026402640296e-02 5.400540054005400527e-03 9.000900090009001167e-03
2.280228022802280319e-02 7.200720072007200413e-03 6.600660066006600740e-03 1.890189018901890228e-02 8.100810081008101224e-03 6.300630063006300470e-03 2.130213021302130097e-02 7.200720072007200413e-03 9.900990099009901110e-03 2.460246024602460307e-02 6.600660066006600740e-03 6.300630063006300470e-03
2.250225022502250205e-02 9.300930093009300570e-03 1.110111011101110046e-02 1.860186018601860114e-02 7.200720072007200413e-03 5.400540054005400527e-03 2.430243024302430194e-02 7.800780078007800954e-03 5.400540054005400527e-03 1.980198019801980222e-02 8.700870087008700030e-03 7.200720072007200413e-03
2.220222022202220091e-02 7.200720072007200413e-03 8.700870087008700030e-03 1.920192019201920341e-02 8.700870087008700030e-03 5.700570057005700797e-03 1.770177017701770120e-02 8.100810081008101224e-03 6.000600060006000200e-03 3.030303030303030387e-02 9.300930093009300570e-03 9.600960096009601707e-03
2.640264026402640296e-02 1.080108010801080105e-02 6.900690069006901010e-03 2.250225022502250205e-02 9.000900090009001167e-03 9.900990099009901110e-03 2.250225022502250205e-02 6.900690069006901010e-03 1.020102010201020051e-02 1.800180018001800233e-02 1.020102010201020051e-02 1.170117011701170100e-02
