9.565000000000000169e-01 9.588999999999999746e-01 9.575000000000000178e-01 9.628999999999999782e-01
9.090000000000000302e-01 9.092000000000000082e-01 9.165999999999999703e-01 9.045999999999999597e-01
8.804999999999999494e-01 8.447999999999999954e-01 8.725000000000000533e-01 8.722999999999999643e-01
8.427000000000000046e-01 8.453000000000000513e-01 8.087999999999999634e-01 8.295000000000000151e-01
7.905999999999999694e-01 7.785999999999999588e-01 7.697000000000000508e-01 7.942000000000000171e-01
7.518000000000000238e-01 7.369999999999999885e-01 7.791000000000000147e-01 7.415000000000000480e-01
6.952000000000000401e-01 7.320999999999999730e-01 6.905999999999999917e-01 6.824999999999999956e-01
6.631000000000000227e-01 6.695999999999999730e-01 6.751000000000000334e-01 6.533999999999999808e-01
6.509000000000000341e-01 6.543999999999999817e-01 6.310999999999999943e-01 6.217000000000000304e-01
5.887999999999999901e-01 6.219999999999999973e-01 6.173999999999999488e-01 5.849999999999999645e-01
5.566999999999999726e-01 5.876000000000000112e-01 5.760999999999999455e-01 6.075000000000000400e-01
5.252999999999999892e-01 5.309000000000000385e-01 5.330000000000000293e-01 5.393000000000000016e-01
5.100999999999999979e-01 5.401000000000000245e-01 4.813000000000000056e-01 4.937000000000000277e-01
4.792000000000000148e-01 4.549000000000000266e-01 4.789999999999999813e-01 4.763000000000000012e-01
5.088000000000000300e-01 4.580000000000000182e-01 4.394000000000000128e-01 4.576999999999999957e-01
4.228000000000000091e-01 4.168000000000000038e-01 4.036000000000000143e-01 4.089999999999999747e-01
4.015000000000000235e-01 3.960000000000000187e-01 3.840999999999999970e-01 3.834000000000000186e-01
3.706999999999999740e-01 4.122000000000000108e-01 3.677000000000000268e-01 3.930000000000000160e-01
3.779000000000000137e-01 3.662000000000000255e-01 3.751999999999999780e-01 3.526000000000000245e-01
3.358999999999999764e-01 3.367999999999999883e-01 3.259000000000000230e-01 3.507000000000000117e-01
3.239000000000000212e-01 3.387000000000000011e-01 3.300000000000000155e-01 3.205000000000000071e-01
3.335000000000000187e-01 2.942000000000000171e-01 2.892000000000000126e-01 3.260000000000000120e-01
2.826000000000000179e-01 2.785000000000000253e-01 2.893000000000000016e-01 2.881000000000000227e-01
2.771000000000000130e-01 2.842999999999999972e-01 2.963999999999999968e-01 2.846000000000000196e-01
2.679000000000000270e-01 2.666999999999999926e-01 2.479999999999999982e-01 2.554000000000000159e-01
2.406999999999999973e-01 2.310999999999999999e-01 2.650000000000000133e-01 2.535999999999999921e-01
2.461000000000000132e-01 2.328999999999999959e-01 2.341000000000000025e-01 2.495999999999999885e-01
2.376000000000000056e-01 2.076999999999999957e-01 2.084999999999999909e-01 2.076000000000000068e-01
1.978999999999999926e-01 1.955000000000000071e-01 1.884000000000000119e-01 2.028000000000000080e-01
1.917999999999999983e-01 2.006000000000000005e-01 1.809999999999999942e-01 1.870999999999999885e-01
1.819000000000000061e-01 1.791000000000000092e-01 2.053000000000000103e-01 1.759000000000000008e-01
1.516000000000000125e-01 1.633000000000000007e-01 1.706000000000000016e-01 2.089000000000000024e-01
1.711000000000000021e-01 1.811000000000000110e-01 1.675000000000000100e-01 1.711000000000000021e-01
1.633000000000000007e-01 1.469999999999999918e-01 1.645999999999999963e-01 1.665999999999999981e-01
1.433000000000000107e-01 1.378999999999999948e-01 1.482999999999999874e-01 1.439999999999999891e-01
1.305000000000000049e-01 1.393000000000000071e-01 1.345999999999999974e-01 1.726999999999999924e-01
1.297999999999999987e-01 1.265000000000000013e-01 1.380000000000000115e-01 1.436000000000000054e-01
1.243999999999999967e-01 1.207000000000000017e-01 1.477999999999999869e-01 1.255999999999999894e-01
1.150000000000000050e-01 1.116999999999999937e-01 1.129000000000000004e-01 1.270000000000000018e-01
1.197000000000000008e-01 1.231000000000000011e-01 1.066000000000000003e-01 1.145999999999999935e-01
1.106000000000000039e-01 1.320999999999999952e-01 1.029000000000000054e-01 1.014000000000000040e-01
1.018000000000000016e-01 1.089999999999999997e-01 1.045999999999999985e-01 1.082000000000000045e-01
9.070000000000000284e-02 1.028000000000000025e-01 9.750000000000000333e-02 1.004000000000000031e-01
1.008000000000000007e-01 9.550000000000000155e-02 9.279999999999999361e-02 9.130000000000000615e-02
9.199999999999999845e-02 8.429999999999999993e-02 8.559999999999999554e-02 8.440000000000000280e-02
9.740000000000000047e-02 7.430000000000000493e-02 8.260000000000000675e-02 7.699999999999999900e-02
7.670000000000000429e-02 7.670000000000000429e-02 8.899999999999999578e-02 6.829999999999999960e-02
8.079999999999999682e-02 8.150000000000000300e-02 7.939999999999999836e-02 7.580000000000000626e-02
7.660000000000000142e-02 7.059999999999999609e-02 6.850000000000000533e-02 7.820000000000000562e-02
6.679999999999999827e-02 8.019999999999999352e-02 6.419999999999999318e-02 5.850000000000000339e-02
8.369999999999999662e-02 5.870000000000000218e-02 6.279999999999999472e-02 6.690000000000000113e-02
5.850000000000000339e-02 5.519999999999999907e-02 5.009999999999999870e-02 6.010000000000000064e-02
5.319999999999999729e-02 4.800000000000000100e-02 5.330000000000000016e-02 5.109999999999999959e-02
5.410000000000000225e-02 5.360000000000000181e-02 5.589999999999999830e-02 5.949999999999999734e-02
6.049999999999999822e-02 5.020000000000000157e-02 5.149999999999999717e-02 4.469999999999999668e-02
5.240000000000000213e-02 5.260000000000000092e-02 5.000000000000000278e-02 4.349999999999999700e-02
4.560000000000000164e-02 4.730000000000000177e-02 4.710000000000000298e-02 4.649999999999999967e-02
4.150000000000000216e-02 4.460000000000000075e-02 4.279999999999999777e-02 4.630000000000000088e-02
4.270000000000000184e-02 4.159999999999999809e-02 4.009999999999999676e-02 4.150000000000000216e-02
4.299999999999999656e-02 4.229999999999999732e-02 3.710000000000000103e-02 4.399999999999999745e-02
4.370000000000000273e-02 3.509999999999999926e-02 4.440000000000000197e-02 3.819999999999999785e-02
3.939999999999999752e-02 3.729999999999999982e-02 4.490000000000000241e-02 3.869999999999999829e-02
4.070000000000000007e-02 3.660000000000000059e-02 3.320000000000000034e-02 3.409999999999999837e-02
3.420000000000000123e-02 3.200000000000000067e-02 4.359999999999999987e-02 3.819999999999999785e-02
3.080000000000000099e-02 3.339999999999999913e-02 3.409999999999999837e-02 3.540000000000000091e-02
3.039999999999999994e-02 3.450000000000000289e-02 3.059999999999999873e-02 2.800000000000000058e-02
2.900000000000000147e-02 3.130000000000000143e-02 2.529999999999999957e-02 2.790000000000000119e-02
2.699999999999999969e-02 2.469999999999999973e-02 3.189999999999999780e-02 2.929999999999999966e-02
2.920000000000000026e-02 2.539999999999999897e-02 3.070000000000000159e-02 3.169999999999999901e-02
2.630000000000000046e-02 2.500000000000000139e-02 2.759999999999999953e-02 2.639999999999999986e-02
2.309999999999999901e-02 2.340000000000000066e-02 2.380000000000000171e-02 2.690000000000000030e-02
2.450000000000000094e-02 2.450000000000000094e-02 2.539999999999999897e-02 2.520000000000000018e-02
2.239999999999999977e-02 2.179999999999999993e-02 2.299999999999999961e-02 2.050000000000000086e-02
2.000000000000000042e-02 2.029999999999999860e-02 1.679999999999999896e-02 2.369999999999999885e-02
2.330000000000000127e-02 1.969999999999999876e-02 1.959999999999999937e-02 2.440000000000000155e-02
