9.717971797179713045e-01 9.810981098109803344e-01 9.255925592559246518e-01 1.006900690069005622e+00
9.942994299429943617e-01 9.354935493549344505e-01 1.000600060005999659e+00 9.318931893189321691e-01
1.053405340534053991e+00 8.472847284728460826e-01 9.993999399939991202e-01 1.015901590159015599e+00
9.267926792679266335e-01 9.474947494749472732e-01 9.525952595259522537e-01 9.039903990399031919e-01
9.894989498949890994e-01 8.763876387638753762e-01 1.028202820282028362e+00 1.012901290129013532e+00
9.564956495649562518e-01 1.096609660966097577e+00 9.567956795679563031e-01 9.717971797179718596e-01
9.798979897989802401e-01 9.858985898589863739e-01 1.056705670567057220e+00 9.405940594059410964e-01
8.595859585958587346e-01 9.396939693969397212e-01 1.009300930093010251e+00 8.232823282328227688e-01
8.703870387038705747e-01 9.963996399639964974e-01 1.009000900090009090e+00 9.804980498049814530e-01
9.246924692469251639e-01 8.739873987398739663e-01 9.333933393339332030e-01 8.874887488748882669e-01
8.781878187818785708e-01 9.699969996999708854e-01 1.018301830183019341e+00 9.513951395139514933e-01
8.127812781278133114e-01 9.153915391539163560e-01 9.195919591959200723e-01 8.562856285628569486e-01
8.487848784878492259e-01 8.316831683168324219e-01 8.100810081008102959e-01 8.307830783078311576e-01
8.775877587758780241e-01 9.075907590759084709e-01 8.070807080708074510e-01 7.974797479747981477e-01
9.072907290729083085e-01 7.731773177317731172e-01 7.875787578757879048e-01 8.862886288628868403e-01
7.482748274827487611e-01 7.827782778277836417e-01 7.785778577857799254e-01 7.821782178217826509e-01
7.416741674167424136e-01 8.232823282328243231e-01 7.392739273927397825e-01 7.746774677467751502e-01
6.492649264926498853e-01 7.119711971197125733e-01 7.293729372937303168e-01 7.293729372937300948e-01
6.867686768676873887e-01 7.602760276027610287e-01 8.325832583258335751e-01 6.633663366336640665e-01
6.771677167716777523e-01 6.117611761176123819e-01 6.021602160216026345e-01 6.651665166516659289e-01
7.398739873987402182e-01 6.720672067206729938e-01 7.290729072907300434e-01 6.420642064206427690e-01
6.717671767176724984e-01 6.213621362136222404e-01 6.414641464146422223e-01 6.924692469246932491e-01
6.060606060606067436e-01 6.258625862586264521e-01 6.054605460546061968e-01 6.177617761776184047e-01
6.117611761176124929e-01 6.528652865286534990e-01 6.252625262526259053e-01 5.826582658265835324e-01
5.826582658265831993e-01 6.204620462046214202e-01 5.310531053105318477e-01 5.439543954395444914e-01
5.100510051005106016e-01 6.000600060006009429e-01 5.880588058805890084e-01 5.655565556555661733e-01
5.868586858685878038e-01 4.971497149714977914e-01 5.055505550555060568e-01 5.220522052205225361e-01
5.547554755475554433e-01 4.521452145214524543e-01 4.749474947494753407e-01 4.668466846684673488e-01
5.175517551755184353e-01 4.761476147614768228e-01 4.380438043804385506e-01 4.935493549354941223e-01
4.545454545454551409e-01 4.656465646564663663e-01 4.377437743774383883e-01 4.536453645364544873e-01
4.401440144014406308e-01 4.779477947794789072e-01 4.782478247824790141e-01 4.167416741674173641e-01
3.891389138913897150e-01 4.080408040804088254e-01 4.593459345934601812e-01 4.584458445844589169e-01
4.056405640564063053e-01 3.975397539753980358e-01 4.284428442844290252e-01 4.227422742274234424e-01
4.290429042904296830e-01 3.975397539753980358e-01 4.059405940594065232e-01 4.227422742274233314e-01
3.840384038403846234e-01 3.720372037203726889e-01 3.519351935193525405e-01 3.552355235523556587e-01
3.432343234323437242e-01 3.318331833183322810e-01 3.330333033303335410e-01 3.996399639964002826e-01
3.249324932493255491e-01 3.402340234023408239e-01 3.678367836783685285e-01 3.357335733573361680e-01
2.949294929492953243e-01 2.949294929492953798e-01 3.900390039003904796e-01 3.585358535853591100e-01
2.682268226822686064e-01 2.634263426342638437e-01 2.757275727572761070e-01 2.793279327932795542e-01
3.204320432043208378e-01 2.967296729672971312e-01 2.604260426042608878e-01 2.808280828082812541e-01
2.577257725772581498e-01 3.303330333033308031e-01 3.099309930993103257e-01 2.502250225022506491e-01
2.796279627962799941e-01 2.934293429342938464e-01 2.487248724872491157e-01 2.523252325232527293e-01
2.253225322532257657e-01 2.583258325832586966e-01 2.325232523252328543e-01 2.847284728472852522e-01
2.475247524752478279e-01 2.379237923792383025e-01 2.451245124512455853e-01 2.214221422142217677e-01
2.418241824182421063e-01 2.433243324332435842e-01 2.370237023702373991e-01 1.968196819681971577e-01
2.628262826282632414e-01 1.881188118811884247e-01 2.025202520252028793e-01 2.031203120312033705e-01
2.208220822082211654e-01 2.091209120912095043e-01 2.391239123912393960e-01 2.157215721572160738e-01
2.265226522652269703e-01 2.358235823582361945e-01 2.151215121512153883e-01 1.896189618961899581e-01
2.160216021602163750e-01 1.851185118511854133e-01 1.698169816981701108e-01 1.902190219021905326e-01
1.500150015001502357e-01 1.860186018601864000e-01 1.701170117011704397e-01 1.536153615361538494e-01
1.815181518151817164e-01 1.353135313531354800e-01 1.845184518451848110e-01 1.587158715871590242e-01
1.593159315931595987e-01 1.377137713771378891e-01 1.407140714071409560e-01 1.506150615061508102e-01
1.374137413741377267e-01 1.461146114611463764e-01 1.437143714371440228e-01 1.305130513051307173e-01
1.407140714071409004e-01 1.317131713171319218e-01 1.470147014701472521e-01 1.710171017101713153e-01
1.479147914791481278e-01 1.314131413141315929e-01 1.245124512451247223e-01 1.059105910591060518e-01
1.131113111311133068e-01 1.350135013501351788e-01 1.101110111011102399e-01 9.720972097209733265e-02
1.152115211521153731e-01 1.134113411341135941e-01 1.326132613261328252e-01 1.404140414041406271e-01
1.155115511551157159e-01 1.083108310831084609e-01 1.125112511251126352e-01 9.540954095409558133e-02
1.008100810081009463e-01 1.095109510951097348e-01 9.000900090009009147e-02 1.209120912091211364e-01
1.062106210621063807e-01 9.090909090909102264e-02 8.550855085508562992e-02 8.550855085508560216e-02
9.840984098409857883e-02 8.070807080708081171e-02 9.780978097809797656e-02 1.074107410741075991e-01
9.420942094209432127e-02 7.440744074407450170e-02 1.083108310831084747e-01 1.011101110111013168e-01
1.098109810981099527e-01 1.029102910291030959e-01 9.570957095709585472e-02 8.850885088508868292e-02
9.630963096309645699e-02 7.230723072307242150e-02 9.870987098709885221e-02 9.960996099609975563e-02
6.690669066906698714e-02 9.570957095709581308e-02 8.160816081608171513e-02 6.240624062406251171e-02
6.990699069906998464e-02 9.060906090609072150e-02 6.600660066006608373e-02 6.780678067806789056e-02
5.880588058805888418e-02 7.200720072007212036e-02 4.830483048304834437e-02 5.520552055205527747e-02
8.610861086108625995e-02 4.950495049504957668e-02 8.670867086708683447e-02 8.040804080408051058e-02
5.760576057605767963e-02 6.630663066306639875e-02 7.680768076807692468e-02 6.390639063906400352e-02
4.710471047104715370e-02 5.640564056405648202e-02 5.460546054605466132e-02 5.430543054305437406e-02
6.750675067506763105e-02 6.180618061806191638e-02 7.530753075307543287e-02 7.200720072007213424e-02
5.340534053405349146e-02 3.870387038703872878e-02 5.220522052205228691e-02 6.030603060306041763e-02
5.070507050705076041e-02 3.960396039603965301e-02 5.490549054905499021e-02 4.050405040504054949e-02
5.370537053705377872e-02 3.720372037203724391e-02 3.480348034803486257e-02 7.260726072607272263e-02
5.370537053705374403e-02 5.040504050405050090e-02 5.700570057005709818e-02 3.510351035103515677e-02
