9.285928592859286068e-01 9.096909690969097184e-01 8.982898289828983307e-01 9.363936393639363809e-01 9.153915391539153568e-01 8.865886588658865586e-01 9.114911491149114697e-01 9.006900690069007398e-01 8.676867686768676702e-01 9.042904290429042424e-01 8.862886288628862852e-01 8.694869486948695325e-01
8.757875787578758287e-01 8.436843684368436902e-01 7.818781878187819334e-01 9.339933993399339718e-01 8.730873087308730351e-01 8.367836783678367363e-01 9.240924092409240620e-01 8.652865286528652611e-01 8.232823282328233239e-01 9.024902490249024911e-01 8.484848484848485084e-01 8.085808580858085959e-01
9.033903390339034223e-01 8.181818181818182323e-01 7.731773177317732282e-01 9.015901590159015599e-01 8.340834083408340538e-01 7.881788178817882295e-01 9.096909690969097184e-01 8.382838283828383252e-01 7.884788478847885029e-01 9.060906090609061048e-01 8.394839483948395298e-01 7.782778277827783198e-01
8.253825382538253486e-01 7.518751875187519307e-01 6.771677167716771972e-01 8.559855985598560091e-01 7.521752175217522041e-01 6.813681368136813576e-01 8.358835883588359161e-01 7.167716771677167253e-01 6.522652265226522861e-01 8.766876687668766488e-01 7.674767476747674788e-01 7.314731473147314533e-01
8.235823582358235972e-01 7.023702370237023818e-01 6.024602460246024638e-01 8.295829582958296200e-01 6.942694269426942233e-01 6.294629462946295106e-01 8.244824482448245284e-01 7.071707170717072000e-01 6.243624362436243080e-01 8.253825382538253486e-01 7.176717671767176565e-01 6.234623462346234879e-01
8.298829882988298934e-01 7.182718271827183143e-01 6.294629462946295106e-01 7.719771977197720236e-01 6.489648964896489458e-01 5.526552655265526415e-01 7.995799579957996173e-01 6.801680168016801531e-01 5.841584158415841221e-01 7.818781878187819334e-01 6.675667566756675608e-01 5.748574857485748701e-01
8.085808580858085959e-01 6.900690069006900629e-01 5.790579057905790306e-01 7.695769576957696145e-01 6.342634263426342178e-01 5.277527752775277303e-01 7.713771377137713658e-01 6.297629762976297840e-01 5.409540954095409804e-01 7.524752475247524774e-01 6.312631263126312620e-01 5.322532253225322751e-01
7.707770777077708191e-01 6.255625562556255126e-01 5.268526852685267992e-01 7.353735373537353404e-01 6.006600660066007125e-01 4.887488748874887490e-01 7.545754575457546132e-01 6.225622562256225567e-01 4.890489048904890224e-01 7.674767476747674788e-01 6.162616261626162606e-01 5.169516951695170004e-01
6.972697269726972902e-01 5.508550855085508902e-01 4.362436243624362442e-01 7.437743774377437722e-01 5.703570357035703253e-01 4.611461146114611553e-01 7.164716471647164520e-01 5.640564056405640292e-01 4.473447344734473585e-01 7.062706270627062688e-01 5.385538553855385713e-01 4.221422142214221185e-01
7.020702070207021084e-01 5.634563456345634824e-01 4.719471947194719408e-01 6.582658265826583088e-01 5.139513951395139335e-01 4.068406840684068437e-01 7.281728172817282241e-01 5.880588058805880092e-01 4.596459645964596219e-01 7.260726072607260884e-01 5.658565856585658915e-01 4.542454245424542569e-01
6.732673267326733102e-01 5.238523852385238433e-01 4.026402640264026278e-01 6.735673567356735836e-01 5.079507950795079108e-01 4.260426042604260610e-01 6.495649564956496036e-01 5.022502250225022724e-01 4.065406540654065148e-01 6.999699969996999727e-01 5.427542754275427317e-01 4.311431143114311526e-01
6.465646564656465367e-01 4.512451245124512456e-01 3.837383738373837394e-01 6.756675667566757193e-01 5.184518451845184783e-01 4.161416141614161512e-01 6.498649864986498770e-01 4.872487248724872710e-01 3.852385238523852173e-01 6.741674167416741303e-01 4.863486348634863399e-01 4.035403540354035590e-01
6.351635163516351490e-01 4.749474947494749522e-01 3.585358535853585549e-01 6.417641764176417185e-01 4.680468046804680537e-01 3.687368736873687380e-01 6.258625862586258970e-01 4.437443744374437449e-01 3.441344134413441558e-01 6.507650765076508081e-01 4.704470447044704629e-01 3.870387038703870242e-01
6.267626762676267171e-01 4.575457545754575417e-01 3.642364236423642487e-01 6.579657965796579244e-01 4.677467746774677249e-01 3.720372037203720228e-01 6.603660366036603335e-01 4.905490549054905558e-01 3.834383438343834660e-01 6.045604560456045995e-01 4.485448544854485631e-01 3.435343534353435535e-01
5.646564656465646870e-01 4.065406540654065148e-01 3.156315631563156310e-01 6.069606960696070086e-01 4.233423342334233230e-01 3.351335133513351217e-01 6.678667866786678342e-01 4.905490549054905558e-01 3.822382238223822615e-01 5.817581758175817130e-01 4.077407740774077194e-01 3.213321332133213248e-01
5.787578757875787572e-01 3.987398739873987408e-01 2.991299129912991517e-01 6.489648964896489458e-01 4.803480348034803726e-01 3.639363936393639198e-01 6.228622862286228301e-01 4.689468946894689294e-01 3.708370837083708182e-01 5.979597959795979190e-01 4.026402640264026278e-01 3.318331833183318369e-01
5.748574857485748701e-01 4.020402040204020255e-01 3.279327932793279499e-01 5.580558055805580064e-01 4.122412241224122642e-01 3.108310831083108128e-01 5.469546954695470031e-01 3.954395439543954560e-01 3.117311731173117439e-01 5.589558955895589376e-01 3.873387338733873531e-01 3.102310231023102105e-01
5.490549054905490278e-01 3.963396339633963317e-01 3.108310831083108128e-01 5.454545454545454142e-01 3.666366636663666578e-01 3.078307830783078569e-01 5.643564356435643026e-01 3.957395739573957294e-01 3.123312331233123462e-01 6.048604860486048729e-01 4.035403540354035590e-01 3.372337233723372574e-01
5.745574557455745968e-01 3.927392739273927180e-01 3.243324332433243362e-01 5.271527152715271836e-01 3.594359435943594305e-01 2.943294329432943335e-01 6.000600060006000547e-01 4.146414641464146178e-01 3.399339933993399399e-01 5.358535853585358888e-01 3.621362136213621130e-01 2.898289828982898442e-01
5.718571857185718033e-01 3.834383438343834660e-01 3.033303330333033121e-01 5.343534353435342998e-01 3.384338433843384064e-01 2.859285928592859016e-01 5.436543654365436629e-01 3.609360936093609085e-01 3.105310531053105394e-01 5.820582058205820974e-01 4.167416741674167535e-01 3.267326732673267453e-01
5.106510651065107043e-01 3.447344734473447581e-01 2.928292829282928555e-01 5.619561956195620045e-01 3.972397239723972628e-01 3.156315631563156310e-01 5.235523552355235699e-01 3.456345634563456337e-01 2.838283828382838214e-01 5.046504650465046815e-01 3.546354635463546123e-01 2.880288028802880373e-01
4.836483648364836574e-01 3.177317731773177112e-01 2.952295229522952091e-01 5.076507650765076374e-01 3.546354635463546123e-01 2.961296129612961403e-01 4.998499849984998633e-01 3.231323132313231317e-01 2.682268226822682178e-01 5.058505850585058861e-01 3.291329132913291544e-01 2.697269726972697512e-01
5.481548154815482077e-01 3.774377437743774433e-01 3.093309330933093348e-01 4.935493549354935672e-01 3.315331533153315080e-01 2.700270027002700246e-01 5.025502550255025458e-01 3.591359135913591571e-01 2.937293729372937312e-01 4.923492349234923626e-01 3.306330633063306323e-01 2.955295529552955380e-01
4.794479447944794415e-01 3.201320132013201203e-01 2.727272727272727071e-01 4.731473147314731453e-01 3.126312631263126196e-01 2.700270027002700246e-01 5.196519651965196829e-01 3.588358835883588283e-01 2.835283528352835480e-01 4.899489948994899535e-01 3.345334533453345194e-01 2.835283528352835480e-01
5.307530753075307972e-01 3.753375337533753631e-01 2.934293429342934023e-01 4.575457545754575417e-01 3.231323132313231317e-01 2.568256825682568301e-01 4.878487848784878733e-01 3.084308430843084037e-01 2.874287428742874351e-01 4.758475847584758278e-01 3.312331233123312346e-01 2.760276027602760474e-01
4.986498649864986588e-01 3.312331233123312346e-01 2.799279927992799344e-01 4.293429342934293458e-01 3.069306930693069257e-01 2.631263126312631262e-01 4.626462646264626333e-01 3.057305730573057212e-01 2.763276327632763207e-01 4.950495049504950451e-01 3.414341434143414178e-01 2.709270927092709003e-01
4.524452445244524501e-01 3.135313531353135508e-01 2.754275427542754451e-01 4.932493249324932383e-01 3.228322832283228583e-01 2.757275727572757185e-01 4.785478547854785658e-01 3.330333033303330414e-01 2.736273627362736383e-01 4.632463246324632355e-01 3.162316231623162333e-01 2.715271527152715025e-01
4.371437143714371198e-01 2.928292829282928555e-01 2.628262826282628528e-01 4.734473447344734742e-01 3.396339633963396110e-01 2.787278727872787298e-01 4.533453345334533258e-01 3.138313831383138242e-01 2.688268826882688201e-01 4.320432043204320283e-01 3.033303330333033121e-01 2.631263126312631262e-01
3.954395439543954560e-01 2.721272127212721048e-01 2.532253225322532164e-01 4.245424542454245276e-01 2.892289228922892419e-01 2.523252325232523408e-01 4.503450345034503699e-01 3.174317431743174378e-01 2.616261626162616483e-01 4.302430243024302214e-01 2.760276027602760474e-01 2.607260726072607171e-01
4.572457245724572683e-01 3.045304530453045166e-01 2.667266726672667398e-01 4.449444944494449494e-01 3.000300030003000273e-01 2.655265526552655353e-01 4.578457845784578706e-01 3.075307530753075280e-01 2.775277527752775253e-01 4.140414041404140155e-01 2.907290729072907198e-01 2.613261326132613194e-01
4.509450945094509722e-01 3.186318631863186424e-01 2.901290129012901176e-01 4.434443444344434715e-01 3.132313231323132219e-01 2.667266726672667398e-01 4.380438043804380510e-01 2.991299129912991517e-01 2.748274827482748428e-01 4.047404740474047635e-01 2.607260726072607171e-01 2.565256525652565012e-01
3.789378937893789212e-01 2.604260426042604437e-01 2.541254125412541476e-01 4.296429642964296192e-01 2.808280828082808100e-01 2.544254425442544210e-01 4.458445844584458251e-01 3.051305130513051189e-01 2.652265226522652064e-01 4.101410141014101285e-01 2.868286828682868328e-01 2.595259525952595125e-01
4.620462046204620310e-01 3.360336033603360528e-01 2.871287128712871062e-01 3.981398139813981385e-01 2.655265526552655353e-01 2.382238223822382150e-01 4.206420642064206405e-01 2.904290429042904464e-01 2.688268826882688201e-01 3.915391539153915135e-01 2.745274527452745139e-01 2.403240324032403230e-01
4.206420642064206405e-01 2.925292529252925267e-01 2.757275727572757185e-01 4.209420942094209694e-01 2.928292829282928555e-01 2.592259225922592392e-01 4.497449744974497676e-01 3.273327332733273476e-01 2.835283528352835480e-01 4.026402640264026278e-01 2.868286828682868328e-01 2.538253825382538187e-01
3.714371437143714205e-01 2.601260126012601148e-01 2.370237023702370105e-01 3.915391539153915135e-01 2.730273027302730360e-01 2.625262526252625239e-01 4.137413741374137421e-01 2.823282328232823435e-01 2.535253525352535453e-01 3.852385238523852173e-01 2.790279027902790032e-01 2.469246924692469203e-01
3.765376537653765121e-01 2.727272727272727071e-01 2.502250225022502050e-01 3.960396039603960583e-01 2.796279627962796055e-01 2.583258325832583080e-01 4.026402640264026278e-01 2.724272427242724337e-01 2.595259525952595125e-01 3.957395739573957294e-01 2.670267026702670132e-01 2.688268826882688201e-01
3.654365436543654533e-01 2.676267626762676155e-01 2.427242724272427321e-01 3.708370837083708182e-01 2.670267026702670132e-01 2.457245724572457157e-01 3.792379237923792501e-01 2.739273927392739116e-01 2.541254125412541476e-01 3.390339033903390087e-01 2.436243624362436355e-01 2.298229822982298109e-01
3.702370237023702160e-01 2.607260726072607171e-01 2.328232823282328223e-01 3.654365436543654533e-01 2.559255925592558989e-01 2.568256825682568301e-01 3.810381038103810569e-01 2.667266726672667398e-01 2.376237623762376128e-01 3.714371437143714205e-01 2.661266126612661376e-01 2.436243624362436355e-01
3.789378937893789212e-01 2.901290129012901176e-01 2.541254125412541476e-01 3.876387638763876264e-01 2.808280828082808100e-01 2.466246624662466191e-01 3.831383138313831371e-01 2.658265826582658087e-01 2.523252325232523408e-01 3.897389738973897622e-01 2.898289828982898442e-01 2.835283528352835480e-01
3.816381638163816592e-01 2.700270027002700246e-01 2.424242424242424310e-01 3.498349834983498496e-01 2.688268826882688201e-01 2.601260126012601148e-01 3.828382838283828637e-01 2.673267326732673421e-01 2.670267026702670132e-01 4.026402640264026278e-01 2.892289228922892419e-01 2.610261026102610460e-01
3.519351935193519298e-01 2.517251725172517385e-01 2.340234023402340269e-01 3.345334533453345194e-01 2.688268826882688201e-01 2.511251125112511362e-01 4.083408340834083217e-01 2.871287128712871062e-01 2.646264626462646041e-01 3.630363036303630442e-01 2.382238223822382150e-01 2.280228022802280319e-01
3.462346234623462360e-01 2.457245724572457157e-01 2.481248124812481248e-01 3.465346534653465094e-01 2.637263726372637285e-01 2.679267926792679444e-01 3.480348034803480428e-01 2.805280528052805367e-01 2.628262826282628528e-01 3.246324632463246096e-01 2.559255925592558989e-01 2.394239423942394196e-01
3.729372937293729540e-01 2.775277527752775253e-01 2.532253225322532164e-01 3.768376837683768410e-01 2.574257425742574323e-01 2.418241824182418287e-01 3.591359135913591571e-01 2.793279327932793321e-01 2.775277527752775253e-01 3.579357935793579526e-01 2.766276627662766496e-01 2.694269426942694223e-01
3.594359435943594305e-01 2.676267626762676155e-01 2.721272127212721048e-01 3.459345934593459071e-01 2.691269126912691489e-01 2.472247224722472214e-01 3.114311431143114151e-01 2.220222022202220091e-01 2.133213321332133316e-01 3.369336933693369285e-01 2.493249324932493294e-01 2.445244524452445112e-01
3.813381338133813303e-01 2.580258025802580346e-01 2.445244524452445112e-01 3.252325232523252119e-01 2.622262226222622505e-01 2.571257125712571034e-01 3.111311131113111417e-01 2.556255625562556255e-01 2.493249324932493294e-01 3.108310831083108128e-01 2.622262226222622505e-01 2.571257125712571034e-01
3.522352235223522587e-01 2.658265826582658087e-01 2.643264326432643307e-01 3.867386738673867508e-01 2.724272427242724337e-01 2.757275727572757185e-01 3.402340234023402132e-01 2.628262826282628528e-01 2.367236723672367371e-01 3.270327032703270187e-01 2.568256825682568301e-01 2.703270327032703535e-01
3.054305430543054478e-01 2.535253525352535453e-01 2.394239423942394196e-01 3.318331833183318369e-01 2.556255625562556255e-01 2.427242724272427321e-01 3.495349534953495207e-01 2.532253225322532164e-01 2.466246624662466191e-01 3.588358835883588283e-01 2.739273927392739116e-01 2.667266726672667398e-01
3.597359735973597594e-01 2.853285328532853549e-01 2.712271227122712292e-01 3.276327632763276210e-01 2.505250525052505339e-01 2.559255925592558989e-01 3.321332133213321103e-01 2.793279327932793321e-01 2.568256825682568301e-01 3.075307530753075280e-01 2.739273927392739116e-01 2.493249324932493294e-01
3.120312031203120173e-01 2.622262226222622505e-01 2.508250825082508073e-01 3.477347734773477139e-01 2.664266426642664110e-01 2.568256825682568301e-01 3.321332133213321103e-01 2.766276627662766496e-01 2.577257725772577057e-01 3.498349834983498496e-01 2.637263726372637285e-01 2.421242124212421298e-01
3.162316231623162333e-01 2.514251425142514096e-01 2.487248724872487271e-01 3.339333933393339171e-01 2.793279327932793321e-01 2.625262526252625239e-01 3.216321632163216537e-01 2.724272427242724337e-01 2.652265226522652064e-01 3.393339333933393376e-01 2.673267326732673421e-01 2.610261026102610460e-01
3.207320732073207226e-01 2.622262226222622505e-01 2.394239423942394196e-01 3.213321332133213248e-01 2.502250225022502050e-01 2.439243924392439367e-01 3.219321932193219271e-01 2.565256525652565012e-01 2.514251425142514096e-01 3.024302430243024364e-01 2.388238823882388173e-01 2.460246024602460169e-01
3.234323432343234050e-01 2.517251725172517385e-01 2.520252025202520119e-01 3.174317431743174378e-01 2.493249324932493294e-01 2.403240324032403230e-01 3.132313231323132219e-01 2.604260426042604437e-01 2.583258325832583080e-01 2.937293729372937312e-01 2.454245424542454146e-01 2.301230123012301121e-01
3.147314731473147553e-01 2.493249324932493294e-01 2.511251125112511362e-01 3.066306630663066524e-01 2.523252325232523408e-01 2.520252025202520119e-01 3.459345934593459071e-01 2.580258025802580346e-01 2.508250825082508073e-01 3.222322232223222560e-01 2.469246924692469203e-01 2.337233723372337257e-01
3.387338733873387353e-01 2.718271827182718314e-01 2.826282628262826169e-01 3.213321332133213248e-01 2.532253225322532164e-01 2.499249924992499317e-01 3.471347134713471116e-01 2.649264926492649330e-01 2.709270927092709003e-01 3.186318631863186424e-01 2.532253225322532164e-01 2.523252325232523408e-01
3.126312631263126196e-01 2.721272127212721048e-01 2.784278427842784009e-01 2.808280828082808100e-01 2.391239123912391185e-01 2.337233723372337257e-01 3.063306330633063235e-01 2.547254725472547499e-01 2.550255025502550232e-01 2.916291629162916510e-01 2.568256825682568301e-01 2.565256525652565012e-01
2.961296129612961403e-01 2.538253825382538187e-01 2.499249924992499317e-01 2.868286828682868328e-01 2.427242724272427321e-01 2.415241524152415276e-01 3.150315031503150287e-01 2.700270027002700246e-01 2.607260726072607171e-01 2.919291929192919244e-01 2.307230723072307144e-01 2.370237023702370105e-01
3.099309930993099371e-01 2.559255925592558989e-01 2.487248724872487271e-01 3.033303330333033121e-01 2.649264926492649330e-01 2.712271227122712292e-01 2.943294329432943335e-01 2.502250225022502050e-01 2.541254125412541476e-01 2.799279927992799344e-01 2.331233123312331235e-01 2.352235223522352314e-01
2.991299129912991517e-01 2.604260426042604437e-01 2.532253225322532164e-01 3.231323132313231317e-01 2.655265526552655353e-01 2.514251425142514096e-01 2.973297329732973449e-01 2.556255625562556255e-01 2.667266726672667398e-01 3.201320132013201203e-01 2.397239723972397207e-01 2.466246624662466191e-01
2.694269426942694223e-01 2.289228922892289353e-01 2.493249324932493294e-01 2.970297029702970160e-01 2.472247224722472214e-01 2.478247824782478237e-01 3.321332133213321103e-01 2.802280228022802078e-01 2.577257725772577057e-01 2.868286828682868328e-01 2.394239423942394196e-01 2.409240924092409253e-01
2.991299129912991517e-01 2.646264626462646041e-01 2.634263426342633996e-01 3.198319831983198469e-01 2.751275127512751162e-01 2.565256525652565012e-01 3.003300330033003562e-01 2.664266426642664110e-01 2.484248424842484260e-01 2.853285328532853549e-01 2.586258625862586369e-01 2.586258625862586369e-01
3.231323132313231317e-01 2.727272727272727071e-01 2.742274227422742405e-01 2.832283228322832191e-01 2.403240324032403230e-01 2.412241224122412264e-01 3.069306930693069257e-01 2.514251425142514096e-01 2.529252925292529430e-01 2.955295529552955380e-01 2.538253825382538187e-01 2.562256225622562278e-01
2.958295829582958114e-01 2.571257125712571034e-01 2.547254725472547499e-01 3.261326132613261430e-01 2.658265826582658087e-01 2.526252625262526141e-01 2.706270627062706269e-01 2.301230123012301121e-01 2.175217521752175198e-01 2.802280228022802078e-01 2.493249324932493294e-01 2.397239723972397207e-01
3.255325532553255408e-01 2.673267326732673421e-01 2.439243924392439367e-01 2.994299429942994251e-01 2.673267326732673421e-01 2.775277527752775253e-01 2.871287128712871062e-01 2.553255325532553521e-01 2.619261926192619216e-01 3.156315631563156310e-01 2.694269426942694223e-01 2.550255025502550232e-01
2.646264626462646041e-01 2.529252925292529430e-01 2.307230723072307144e-01 2.940294029402940046e-01 2.610261026102610460e-01 2.670267026702670132e-01 3.132313231323132219e-01 2.682268226822682178e-01 2.625262526252625239e-01 2.586258625862586369e-01 2.541254125412541476e-01 2.442244224422442378e-01
2.823282328232823435e-01 2.631263126312631262e-01 2.430243024302430332e-01 2.892289228922892419e-01 2.475247524752475226e-01 2.505250525052505339e-01 2.829282928292829458e-01 2.451245124512451135e-01 2.553255325532553521e-01 2.796279627962796055e-01 2.421242124212421298e-01 2.388238823882388173e-01
2.997299729972997540e-01 2.670267026702670132e-01 2.604260426042604437e-01 2.763276327632763207e-01 2.403240324032403230e-01 2.532253225322532164e-01 2.796279627962796055e-01 2.394239423942394196e-01 2.412241224122412264e-01 2.745274527452745139e-01 2.565256525652565012e-01 2.520252025202520119e-01
2.826282628262826169e-01 2.541254125412541476e-01 2.439243924392439367e-01 3.141314131413141530e-01 2.523252325232523408e-01 2.445244524452445112e-01 2.790279027902790032e-01 2.565256525652565012e-01 2.559255925592558989e-01 2.811281128112811389e-01 2.649264926492649330e-01 2.565256525652565012e-01
2.913291329132913221e-01 2.721272127212721048e-01 2.643264326432643307e-01 2.997299729972997540e-01 2.574257425742574323e-01 2.580258025802580346e-01 2.889288928892889130e-01 2.526252625262526141e-01 2.475247524752475226e-01 2.925292529252925267e-01 2.625262526252625239e-01 2.709270927092709003e-01
2.814281428142814123e-01 2.412241224122412264e-01 2.514251425142514096e-01 2.538253825382538187e-01 2.475247524752475226e-01 2.334233423342334246e-01 2.754275427542754451e-01 2.559255925592558989e-01 2.478247824782478237e-01 2.742274227422742405e-01 2.658265826582658087e-01 2.526252625262526141e-01
3.051305130513051189e-01 2.511251125112511362e-01 2.463246324632463180e-01 2.697269726972697512e-01 2.460246024602460169e-01 2.325232523252325212e-01 2.760276027602760474e-01 2.286228622862286342e-01 2.514251425142514096e-01 2.712271227122712292e-01 2.538253825382538187e-01 2.445244524452445112e-01
2.805280528052805367e-01 2.661266126612661376e-01 2.496249624962496305e-01 2.754275427542754451e-01 2.529252925292529430e-01 2.517251725172517385e-01 2.958295829582958114e-01 2.661266126612661376e-01 2.742274227422742405e-01 2.991299129912991517e-01 2.649264926492649330e-01 2.667266726672667398e-01
2.961296129612961403e-01 2.703270327032703535e-01 2.877287728772877085e-01 2.901290129012901176e-01 2.481248124812481248e-01 2.490249024902490282e-01 2.595259525952595125e-01 2.418241824182418287e-01 2.541254125412541476e-01 2.847284728472847526e-01 2.601260126012601148e-01 2.682268226822682178e-01
2.658265826582658087e-01 2.481248124812481248e-01 2.634263426342633996e-01 2.838283828382838214e-01 2.418241824182418287e-01 2.469246924692469203e-01 2.892289228922892419e-01 2.700270027002700246e-01 2.568256825682568301e-01 2.628262826282628528e-01 2.493249324932493294e-01 2.316231623162316178e-01
3.108310831083108128e-01 2.538253825382538187e-01 2.679267926792679444e-01 2.532253225322532164e-01 2.364236423642364360e-01 2.334233423342334246e-01 2.808280828082808100e-01 2.478247824782478237e-01 2.520252025202520119e-01 2.871287128712871062e-01 2.640264026402640019e-01 2.370237023702370105e-01
2.742274227422742405e-01 2.469246924692469203e-01 2.445244524452445112e-01 2.820282028202820146e-01 2.622262226222622505e-01 2.637263726372637285e-01 2.694269426942694223e-01 2.304230423042304132e-01 2.367236723672367371e-01 2.721272127212721048e-01 2.340234023402340269e-01 2.526252625262526141e-01
