8.538853885388538734e-01 8.145814581458146186e-01 7.743774377437744327e-01 8.733873387338734195e-01 8.088808880888088693e-01 8.037803780378037777e-01 8.568856885688569403e-01 7.950795079507950724e-01 7.818781878187819334e-01 8.811881188118811936e-01 8.163816381638163699e-01 7.977797779777977549e-01
8.100810081008100738e-01 7.155715571557155208e-01 6.225622562256225567e-01 7.923792379237923900e-01 6.588658865886588556e-01 5.520552055205520947e-01 7.941794179417941413e-01 6.687668766876687654e-01 5.964596459645964410e-01 7.848784878487848893e-01 6.960696069606960856e-01 5.949594959495949631e-01
7.035703570357035863e-01 5.811581158115811663e-01 4.434443444344434715e-01 7.530753075307530242e-01 6.042604260426042151e-01 4.962496249624962497e-01 7.209720972097209968e-01 5.310531053105310706e-01 4.809480948094809749e-01 6.747674767476747881e-01 5.514551455145514369e-01 4.125412541254125376e-01
6.372637263726372847e-01 4.704470447044704629e-01 3.516351635163516565e-01 6.801680168016801531e-01 5.259525952595259790e-01 3.747374737473747608e-01 6.492649264926492192e-01 4.659465946594659735e-01 3.351335133513351217e-01 6.594659465946595134e-01 4.938493849384938406e-01 3.582358235823582260e-01
6.039603960396039417e-01 4.353435343534353685e-01 3.066306630663066524e-01 5.991599159915991235e-01 3.894389438943894333e-01 2.922292229222922533e-01 5.709570957095709831e-01 3.774377437743774433e-01 2.700270027002700246e-01 6.342634263426342178e-01 4.284428442844284701e-01 3.147314731473147553e-01
5.526552655265526415e-01 3.639363936393639198e-01 2.424242424242424310e-01 5.412541254125412538e-01 3.264326432643264164e-01 2.031203120312031207e-01 5.358535853585358888e-01 3.210321032103210515e-01 1.848184818481848068e-01 5.397539753975397758e-01 3.684368436843684091e-01 2.271227122712271285e-01
5.052505250525052283e-01 2.691269126912691489e-01 1.725172517251725157e-01 4.992499249924992610e-01 3.252325232523252119e-01 1.881188118811881194e-01 5.139513951395139335e-01 2.895289528952895153e-01 1.941194119411941144e-01 4.677467746774677249e-01 2.832283228322832191e-01 1.791179117911791130e-01
4.788478847884788392e-01 2.733273327332733094e-01 1.608160816081608269e-01 4.797479747974797704e-01 2.733273327332733094e-01 1.752175217521752260e-01 4.503450345034503699e-01 1.998199819981998082e-01 1.236123612361236107e-01 4.113411341134113330e-01 2.262226222622262251e-01 1.083108310831083082e-01
3.987398739873987408e-01 1.911191119111911307e-01 1.155115511551155077e-01 3.774377437743774433e-01 1.854185418541854091e-01 9.630963096309630433e-02 4.266426642664266633e-01 2.079207920792079112e-01 1.326132613261326032e-01 4.098409840984098551e-01 2.298229822982298109e-01 1.008100810081008075e-01
3.537353735373537367e-01 1.749174917491749248e-01 9.060906090609061048e-02 3.468346834683468383e-01 1.482148214821482068e-01 8.130813081308130297e-02 3.696369636963696137e-01 1.566156615661566109e-01 7.800780078007800433e-02 3.660366036603660556e-01 1.557155715571557075e-01 7.920792079207920888e-02
3.333333333333333148e-01 1.560156015601560087e-01 8.370837083708371207e-02 3.450345034503450314e-01 1.221122112211221189e-01 7.800780078007800433e-02 3.483348334833483162e-01 1.482148214821482068e-01 7.830783078307830547e-02 3.345334533453345194e-01 1.605160516051605257e-01 7.380738073807380228e-02
3.096309630963096082e-01 1.467146714671467012e-01 6.450645064506450865e-02 3.447344734473447581e-01 1.440144014401440187e-01 8.640864086408640843e-02 3.081308130813081303e-01 1.116111611161116068e-01 6.840684068406840956e-02 3.468346834683468383e-01 1.455145514551455244e-01 8.340834083408341093e-02
2.802280228022802078e-01 9.480948094809481252e-02 6.120612061206120308e-02 2.481248124812481248e-01 8.160816081608160411e-02 4.740474047404740626e-02 3.159315931593159044e-01 1.476147614761476046e-01 7.890789078907890775e-02 2.718271827182718314e-01 8.940894089408940593e-02 4.380438043804380649e-02
2.448244824482448123e-01 9.900990099009901457e-02 4.410441044104410763e-02 2.310231023102310155e-01 7.530753075307530797e-02 3.870387038703870103e-02 2.478247824782478237e-01 7.560756075607560911e-02 4.590459045904590751e-02 2.379237923792379139e-01 9.330933093309330684e-02 5.040504050405040376e-02
2.040204020402040241e-01 7.230723072307231047e-02 3.600360036003600467e-02 2.442244224422442378e-01 9.120912091209121275e-02 4.890489048904890501e-02 2.694269426942694223e-01 1.143114311431143171e-01 5.700570057005700797e-02 2.670267026702670132e-01 1.047104710471047084e-01 5.940594059405940319e-02
1.965196519651965235e-01 6.690669066906690388e-02 4.110411041104110319e-02 2.058205820582058310e-01 6.330633063306330410e-02 4.170417041704170547e-02 2.454245424542454146e-01 8.880888088808880365e-02 4.650465046504650285e-02 2.085208520852085134e-01 6.420642064206420752e-02 4.170417041704170547e-02
1.782178217821782096e-01 5.100510051005100604e-02 3.900390039003900217e-02 1.833183318331833289e-01 6.240624062406240763e-02 3.660366036603660694e-02 1.881188118811881194e-01 6.540654065406541207e-02 3.690369036903690114e-02 1.734173417341734191e-01 6.060606060606060774e-02 3.600360036003600467e-02
1.761176117611761294e-01 6.510651065106511093e-02 3.960396039603960444e-02 1.917191719171917330e-01 5.640564056405640569e-02 3.450345034503450592e-02 1.878187818781878182e-01 6.510651065106511093e-02 4.410441044104410763e-02 1.782178217821782096e-01 6.270627062706270183e-02 3.510351035103510126e-02
1.584158415841584178e-01 5.220522052205220365e-02 3.720372037203720228e-02 2.001200120012001094e-01 7.110711071107110592e-02 3.720372037203720228e-02 1.602160216021602246e-01 6.270627062706270183e-02 3.480348034803480012e-02 1.503150315031503148e-01 4.860486048604860387e-02 3.210321032103210376e-02
1.662166216621662196e-01 5.310531053105310706e-02 4.140414041404140433e-02 1.542154215421542018e-01 5.790579057905790444e-02 3.870387038703870103e-02 1.896189618961896250e-01 6.900690069006901184e-02 4.080408040804080205e-02 1.353135313531353134e-01 4.170417041704170547e-02 3.390339033903390364e-02
1.377137713771377225e-01 4.500450045004500410e-02 3.720372037203720228e-02 1.248124812481248153e-01 4.410441044104410763e-02 3.240324032403240490e-02 1.434143414341434164e-01 4.680468046804680399e-02 3.420342034203420478e-02 1.191119111911191075e-01 4.470447044704470296e-02 3.870387038703870103e-02
1.155115511551155077e-01 4.500450045004500410e-02 3.210321032103210376e-02 1.638163816381638105e-01 6.480648064806480979e-02 3.660366036603660694e-02 1.020102010201020121e-01 3.720372037203720228e-02 2.850285028502850398e-02 1.680168016801680264e-01 5.550555055505550228e-02 3.810381038103810569e-02
1.215121512151215166e-01 4.440444044404440183e-02 2.760276027602760404e-02 1.239123912391239118e-01 4.650465046504650285e-02 3.330333033303330137e-02 1.074107410741074048e-01 3.150315031503150148e-02 2.550255025502550302e-02 1.125112511251125103e-01 4.140414041404140433e-02 3.630363036303630581e-02
1.032103210321032166e-01 3.900390039003900217e-02 3.840384038403840683e-02 9.090909090909091161e-02 3.600360036003600467e-02 3.270327032703270603e-02 1.059105910591059130e-01 3.750375037503750342e-02 2.730273027302730290e-02 1.101110111011101150e-01 4.500450045004500410e-02 3.480348034803480012e-02
1.191119111911191075e-01 3.750375037503750342e-02 2.730273027302730290e-02 9.120912091209121275e-02 4.110411041104110319e-02 2.970297029702970160e-02 9.660966096609660547e-02 2.880288028802880165e-02 3.120312031203120381e-02 9.300930093009300570e-02 4.350435043504350535e-02 3.270327032703270603e-02
9.900990099009901457e-02 3.210321032103210376e-02 3.090309030903090268e-02 9.870987098709871344e-02 3.690369036903690114e-02 3.180318031803180262e-02 7.980798079807981116e-02 3.210321032103210376e-02 3.570357035703570353e-02 9.000900090009000820e-02 3.810381038103810569e-02 3.180318031803180262e-02
8.670867086708670957e-02 3.630363036303630581e-02 3.540354035403540239e-02 9.570957095709571594e-02 3.420342034203420478e-02 3.330333033303330137e-02 7.830783078307830547e-02 3.510351035103510126e-02 2.910291029102910279e-02 7.830783078307830547e-02 3.690369036903690114e-02 3.240324032403240490e-02
7.560756075607560911e-02 3.690369036903690114e-02 3.240324032403240490e-02 8.940894089408940593e-02 3.630363036303630581e-02 3.570357035703570353e-02 6.270627062706270183e-02 3.180318031803180262e-02 3.270327032703270603e-02 7.320732073207321389e-02 3.720372037203720228e-02 3.000300030003000273e-02
7.290729072907291275e-02 3.060306030603060154e-02 3.300330033003300023e-02 7.770777077707770319e-02 3.840384038403840683e-02 3.330333033303330137e-02 6.930693069306931298e-02 2.940294029402940393e-02 3.210321032103210376e-02 7.200720072007200934e-02 3.780378037803780455e-02 2.850285028502850398e-02
6.690669066906690388e-02 3.750375037503750342e-02 3.120312031203120381e-02 6.840684068406840956e-02 3.690369036903690114e-02 3.030303030303030387e-02 7.920792079207920888e-02 3.480348034803480012e-02 3.180318031803180262e-02 6.120612061206120308e-02 3.810381038103810569e-02 3.000300030003000273e-02
7.920792079207920888e-02 3.270327032703270603e-02 2.640264026402640296e-02 5.580558055805580342e-02 2.490249024902490421e-02 3.180318031803180262e-02 7.980798079807981116e-02 3.120312031203120381e-02 3.180318031803180262e-02 6.240624062406240763e-02 3.120312031203120381e-02 3.180318031803180262e-02
6.120612061206120308e-02 2.940294029402940393e-02 2.970297029702970160e-02 6.510651065106511093e-02 2.370237023702370313e-02 2.760276027602760404e-02 6.690669066906690388e-02 3.630363036303630581e-02 3.000300030003000273e-02 6.900690069006901184e-02 3.690369036903690114e-02 3.060306030603060154e-02
6.750675067506750615e-02 3.090309030903090268e-02 3.420342034203420478e-02 6.870687068706871070e-02 4.080408040804080205e-02 2.700270027002700177e-02 5.430543054305430467e-02 3.480348034803480012e-02 3.150315031503150148e-02 6.570657065706571320e-02 2.910291029102910279e-02 2.580258025802580416e-02
5.670567056705670683e-02 3.510351035103510126e-02 3.120312031203120381e-02 6.030603060306030661e-02 3.450345034503450592e-02 2.850285028502850398e-02 5.100510051005100604e-02 3.570357035703570353e-02 3.390339033903390364e-02 5.460546054605460581e-02 3.060306030603060154e-02 3.330333033303330137e-02
7.500750075007500683e-02 3.060306030603060154e-02 3.030303030303030387e-02 4.950495049504950729e-02 3.690369036903690114e-02 3.390339033903390364e-02 5.250525052505250478e-02 3.750375037503750342e-02 3.690369036903690114e-02 5.430543054305430467e-02 3.390339033903390364e-02 2.850285028502850398e-02
4.860486048604860387e-02 2.940294029402940393e-02 2.910291029102910279e-02 4.110411041104110319e-02 3.030303030303030387e-02 2.880288028802880165e-02 5.040504050405040376e-02 3.120312031203120381e-02 3.390339033903390364e-02 4.800480048004800160e-02 3.180318031803180262e-02 3.450345034503450592e-02
4.710471047104710512e-02 3.210321032103210376e-02 3.150315031503150148e-02 5.400540054005400353e-02 3.240324032403240490e-02 2.460246024602460307e-02 4.980498049804980842e-02 2.880288028802880165e-02 2.820282028202820285e-02 6.480648064806480979e-02 3.450345034503450592e-02 3.420342034203420478e-02
4.680468046804680399e-02 2.940294029402940393e-02 3.360336033603360251e-02 4.260426042604260194e-02 2.730273027302730290e-02 3.450345034503450592e-02 4.530453045304530524e-02 2.970297029702970160e-02 3.090309030903090268e-02 4.620462046204620171e-02 2.670267026702670410e-02 2.280228022802280319e-02
4.830483048304830274e-02 3.240324032403240490e-02 2.700270027002700177e-02 4.500450045004500410e-02 3.330333033303330137e-02 2.790279027902790171e-02 4.350435043504350535e-02 3.330333033303330137e-02 3.630363036303630581e-02 5.310531053105310706e-02 2.880288028802880165e-02 2.910291029102910279e-02
4.470447044704470296e-02 3.720372037203720228e-02 3.300330033003300023e-02 5.160516051605160831e-02 3.240324032403240490e-02 3.390339033903390364e-02 4.290429042904290308e-02 3.030303030303030387e-02 3.120312031203120381e-02 5.010501050105010262e-02 3.360336033603360251e-02 3.300330033003300023e-02
4.260426042604260194e-02 3.630363036303630581e-02 2.670267026702670410e-02 3.960396039603960444e-02 3.300330033003300023e-02 2.550255025502550302e-02 4.500450045004500410e-02 3.570357035703570353e-02 3.210321032103210376e-02 4.260426042604260194e-02 3.000300030003000273e-02 3.120312031203120381e-02
3.570357035703570353e-02 2.940294029402940393e-02 3.150315031503150148e-02 3.780378037803780455e-02 3.390339033903390364e-02 2.940294029402940393e-02 4.710471047104710512e-02 3.090309030903090268e-02 2.970297029702970160e-02 4.590459045904590751e-02 3.090309030903090268e-02 3.180318031803180262e-02
4.440444044404440183e-02 2.850285028502850398e-02 3.270327032703270603e-02 4.020402040204020672e-02 2.970297029702970160e-02 3.540354035403540239e-02 4.950495049504950729e-02 3.360336033603360251e-02 3.120312031203120381e-02 4.140414041404140433e-02 3.270327032703270603e-02 3.240324032403240490e-02
3.630363036303630581e-02 2.910291029102910279e-02 3.240324032403240490e-02 4.020402040204020672e-02 3.150315031503150148e-02 3.510351035103510126e-02 3.900390039003900217e-02 2.790279027902790171e-02 3.150315031503150148e-02 3.990399039903990558e-02 3.000300030003000273e-02 3.120312031203120381e-02
4.320432043204320421e-02 3.240324032403240490e-02 3.030303030303030387e-02 4.530453045304530524e-02 3.240324032403240490e-02 3.210321032103210376e-02 3.990399039903990558e-02 2.940294029402940393e-02 2.760276027602760404e-02 3.600360036003600467e-02 2.970297029702970160e-02 3.180318031803180262e-02
