8.629000000000000004e-01 8.646000000000000352e-01 8.576000000000000290e-01 8.754999999999999449e-01
7.946999999999999620e-01 7.806999999999999496e-01 8.015999999999999792e-01 7.824999999999999734e-01
7.231999999999999540e-01 7.419000000000000039e-01 7.164000000000000368e-01 6.911000000000000476e-01
6.462999999999999856e-01 6.731000000000000316e-01 6.551000000000000156e-01 6.532999999999999918e-01
6.058999999999999941e-01 5.979999999999999760e-01 5.960999999999999632e-01 6.187000000000000277e-01
5.584000000000000075e-01 5.291000000000000147e-01 5.164999999999999591e-01 5.387999999999999456e-01
4.994000000000000106e-01 5.098000000000000309e-01 5.173999999999999710e-01 4.766000000000000236e-01
4.742000000000000104e-01 4.934000000000000052e-01 4.445999999999999952e-01 4.227000000000000202e-01
4.111000000000000210e-01 3.860999999999999988e-01 4.247000000000000219e-01 4.139999999999999791e-01
3.563000000000000056e-01 3.428999999999999826e-01 3.597000000000000197e-01 3.724999999999999978e-01
3.321999999999999953e-01 3.276000000000000023e-01 3.435000000000000275e-01 3.548000000000000043e-01
3.059000000000000052e-01 3.378999999999999782e-01 3.084999999999999964e-01 3.538000000000000034e-01
2.861000000000000210e-01 2.514000000000000123e-01 3.420000000000000262e-01 2.645000000000000129e-01
2.426000000000000101e-01 2.386999999999999955e-01 2.513000000000000234e-01 2.464000000000000079e-01
2.078000000000000125e-01 2.386000000000000065e-01 2.823999999999999844e-01 2.737999999999999878e-01
1.930000000000000049e-01 2.028000000000000080e-01 2.492999999999999938e-01 1.953999999999999904e-01
1.819999999999999951e-01 1.736999999999999933e-01 1.806999999999999995e-01 1.824999999999999956e-01
1.829000000000000070e-01 1.875000000000000000e-01 1.958000000000000018e-01 1.847999999999999921e-01
1.708999999999999964e-01 1.960999999999999965e-01 1.633999999999999897e-01 1.459999999999999909e-01
1.600000000000000033e-01 1.517000000000000015e-01 1.897000000000000075e-01 1.323999999999999899e-01
1.325999999999999956e-01 1.144000000000000017e-01 1.386000000000000010e-01 1.215999999999999998e-01
1.213000000000000050e-01 1.615000000000000047e-01 1.098999999999999977e-01 1.615999999999999936e-01
1.170000000000000068e-01 1.350999999999999979e-01 1.073000000000000065e-01 1.175999999999999962e-01
1.050999999999999990e-01 1.003000000000000003e-01 1.060999999999999999e-01 1.204999999999999960e-01
1.087999999999999939e-01 9.969999999999999696e-02 9.840000000000000135e-02 1.018000000000000016e-01
9.379999999999999449e-02 1.069999999999999979e-01 8.229999999999999816e-02 8.840000000000000635e-02
9.329999999999999405e-02 8.830000000000000349e-02 8.029999999999999638e-02 8.440000000000000280e-02
7.749999999999999944e-02 8.849999999999999534e-02 7.290000000000000646e-02 6.919999999999999762e-02
7.649999999999999856e-02 8.119999999999999440e-02 7.270000000000000073e-02 7.770000000000000517e-02
7.839999999999999747e-02 6.300000000000000044e-02 7.510000000000000009e-02 6.959999999999999520e-02
8.119999999999999440e-02 5.920000000000000262e-02 7.850000000000000033e-02 6.260000000000000286e-02
6.869999999999999718e-02 5.940000000000000141e-02 6.840000000000000246e-02 6.710000000000000686e-02
6.239999999999999714e-02 6.450000000000000178e-02 5.979999999999999899e-02 6.579999999999999738e-02
5.220000000000000334e-02 5.330000000000000016e-02 5.600000000000000117e-02 5.569999999999999951e-02
6.769999999999999629e-02 5.349999999999999895e-02 5.319999999999999729e-02 6.060000000000000109e-02
5.469999999999999862e-02 5.000000000000000278e-02 4.920000000000000068e-02 5.390000000000000346e-02
4.970000000000000112e-02 4.479999999999999954e-02 4.760000000000000342e-02 6.379999999999999560e-02
4.250000000000000305e-02 5.229999999999999927e-02 4.420000000000000318e-02 4.619999999999999801e-02
4.519999999999999712e-02 5.000000000000000278e-02 4.889999999999999902e-02 5.029999999999999749e-02
4.979999999999999705e-02 5.210000000000000048e-02 4.490000000000000241e-02 4.410000000000000031e-02
4.610000000000000209e-02 4.019999999999999962e-02 4.229999999999999732e-02 4.070000000000000007e-02
3.899999999999999994e-02 3.989999999999999797e-02 4.320000000000000229e-02 4.399999999999999745e-02
4.340000000000000108e-02 4.150000000000000216e-02 4.250000000000000305e-02 4.070000000000000007e-02
3.950000000000000039e-02 3.610000000000000014e-02 3.919999999999999873e-02 3.479999999999999760e-02
3.740000000000000269e-02 3.930000000000000160e-02 3.910000000000000281e-02 3.960000000000000325e-02
