8.922892289228914198e-01 9.972997299729972065e-01 9.672967296729673148e-01 9.921992199219915598e-01
9.060906090609054386e-01 9.525952595259526978e-01 9.726972697269716805e-01 8.613861386138604859e-01
8.106810681068101765e-01 9.426942694269428991e-01 1.050705070507050420e+00 7.824782478247822581e-01
8.520852085208521220e-01 8.373837383738363949e-01 8.850885088508851917e-01 8.550855085508554110e-01
8.124812481248119278e-01 9.213921392139219346e-01 8.505850585058509772e-01 9.321932193219319984e-01
8.085808580858087069e-01 8.475847584758480213e-01 8.292829282928300128e-01 7.410741074107410897e-01
8.808880888088813643e-01 7.101710171017099338e-01 8.673867386738680629e-01 7.326732673267328799e-01
7.773777377737777217e-01 7.944794479447950808e-01 8.751875187518761701e-01 6.636663666366640069e-01
7.383738373837392954e-01 6.723672367236728231e-01 7.887788778877895535e-01 6.408640864086408984e-01
6.270627062706276567e-01 6.771677167716777523e-01 7.170717071707174428e-01 7.101710171017113771e-01
6.156615661566160469e-01 7.467746774677476163e-01 6.786678667866794523e-01 5.958595859585964494e-01
5.532553255325536323e-01 6.885688568856893621e-01 6.579657965796584795e-01 6.873687368736879355e-01
6.174617461746182423e-01 5.469546954695476693e-01 5.838583858385845149e-01 5.910591059105918532e-01
4.815481548154820768e-01 5.058505850585062191e-01 5.625562556255632174e-01 4.842484248424844262e-01
4.311431143114317077e-01 5.079507950795089100e-01 5.223522352235228094e-01 5.463546354635467894e-01
4.299429942994304477e-01 4.692469246924699244e-01 5.163516351635166757e-01 4.746474647464752339e-01
4.206420642064211401e-01 3.993399339933998426e-01 4.050405040504055920e-01 3.744374437443749315e-01
3.726372637263730137e-01 4.404440444044411818e-01 4.122412241224126528e-01 3.816381638163821033e-01
3.558355835583563720e-01 4.242424242424246428e-01 3.273327332733278472e-01 3.372337233723375904e-01
3.807380738073810056e-01 3.276327632763278985e-01 4.026402640264031274e-01 3.147314731473151439e-01
3.153315331533158572e-01 2.745274527452749025e-01 3.240324032403243404e-01 2.619261926192623657e-01
2.436243624362438298e-01 3.336333633363338658e-01 2.229222922292232734e-01 3.756375637563760250e-01
2.589258925892592988e-01 2.655265526552659239e-01 2.532253225322536050e-01 2.496249624962500191e-01
2.310231023102314041e-01 1.974197419741976212e-01 2.325232523252327987e-01 2.301230123012303896e-01
2.721272127212725489e-01 1.800180018001802940e-01 2.346234623462349345e-01 1.812181218121813875e-01
2.316231623162320341e-01 2.172217221722175240e-01 1.788178817881790894e-01 1.875187518751877669e-01
1.866186618661869190e-01 2.178217821782181818e-01 1.587158715871589409e-01 1.566156615661568052e-01
1.485148514851487023e-01 1.950195019501953231e-01 1.254125412541255424e-01 1.380138013801381902e-01
1.599159915991601177e-01 1.512151215121514680e-01 1.518151815181520425e-01 1.311131113111312363e-01
1.194119411941195058e-01 1.248124812481249124e-01 1.650165016501651816e-01 9.930993099309934347e-02
1.659165916591661405e-01 1.245124512451246807e-01 1.776177617761778849e-01 1.254125412541255702e-01
1.251125112511252968e-01 1.518151815181520425e-01 1.218121812181218733e-01 1.269126912691270481e-01
1.440144014401443240e-01 1.107110711071108422e-01 9.000900090009007759e-02 1.356135613561358366e-01
9.600960096009608646e-02 1.059105910591059824e-01 7.980798079807983891e-02 1.053105310531054356e-01
1.635163516351637314e-01 7.170717071707174983e-02 8.190819081908194688e-02 8.970897089708974870e-02
8.670867086708683447e-02 6.120612061206125165e-02 9.150915091509165267e-02 8.310831083108310979e-02
7.650765076507652640e-02 8.940894089408946144e-02 9.120912091209128214e-02 1.251125112511252968e-01
8.580858085808586166e-02 8.040804080408049670e-02 7.770777077707780034e-02 8.130813081308133072e-02
7.470747074707476121e-02 6.300630063006304460e-02 6.690669066906694551e-02 1.020102010201021092e-01
5.550555055505546759e-02 9.150915091509163879e-02 6.900690069006905347e-02 8.250825082508259078e-02
4.560456045604555780e-02 4.530453045304531218e-02 6.000600060006004710e-02 6.900690069006899796e-02
5.040504050405041764e-02 4.110411041104108237e-02 7.830783078307830547e-02 7.680768076807688305e-02
8.040804080408049670e-02 6.690669066906694551e-02 7.890789078907896326e-02 5.850585058505852754e-02
5.400540054005403823e-02 6.120612061206126553e-02 6.480648064806490694e-02 6.090609060906096439e-02
6.270627062706274346e-02 7.080708070807083254e-02 5.910591059105909512e-02 5.070507050705069796e-02
