8.793879387938794423e-01 8.208820882088209148e-01 7.524752475247524774e-01 8.682868286828683280e-01 7.803780378037803445e-01 7.095709570957096091e-01 8.646864686468647143e-01 7.887788778877887763e-01 7.032703270327033129e-01 8.847884788478848073e-01 8.214821482148214615e-01 7.578757875787578424e-01
7.470747074707471125e-01 6.021602160216021904e-01 4.599459945994599508e-01 7.626762676267626606e-01 6.225622562256225567e-01 4.908490849084908292e-01 7.482748274827483170e-01 6.063606360636063508e-01 4.704470447044704629e-01 7.833783378337834113e-01 6.417641764176417185e-01 5.184518451845184783e-01
6.477647764776477413e-01 4.482448244824482342e-01 2.892289228922892419e-01 6.117611761176117158e-01 3.861386138613861485e-01 2.643264326432643307e-01 5.850585058505850533e-01 3.708370837083708182e-01 2.625262526252625239e-01 6.192619261926192165e-01 4.038403840384038324e-01 2.709270927092709003e-01
5.100510051005100465e-01 2.649264926492649330e-01 1.464146414641464278e-01 5.277527752775277303e-01 3.006300630063006296e-01 1.659165916591659184e-01 5.328532853285328219e-01 3.084308430843084037e-01 1.851185118511851080e-01 5.250525052505250478e-01 2.724272427242724337e-01 1.695169516951695043e-01
4.650465046504650424e-01 1.932193219321932109e-01 1.017101710171017109e-01 4.344434443444344374e-01 2.133213321332133316e-01 8.940894089408940593e-02 4.362436243624362442e-01 1.869186918691869148e-01 8.550855085508550502e-02 4.566456645664566660e-01 1.989198919891989326e-01 1.056105610561056118e-01
3.801380138013801258e-01 1.482148214821482068e-01 5.760576057605760331e-02 3.651365136513651244e-01 1.521152115211521216e-01 5.100510051005100604e-02 3.624362436243624419e-01 1.431143114311431153e-01 5.520552055205520808e-02 3.660366036603660556e-01 1.383138313831383248e-01 6.210621062106210649e-02
2.661266126612661376e-01 8.520852085208520388e-02 2.490249024902490421e-02 3.189318931893189157e-01 1.107110711071107173e-01 4.290429042904290308e-02 2.967296729672967426e-01 1.005100510051005064e-01 2.940294029402940393e-02 2.892289228922892419e-01 9.210921092109210229e-02 2.670267026702670410e-02
2.661266126612661376e-01 6.750675067506750615e-02 2.160216021602160211e-02 2.409240924092409253e-01 5.400540054005400353e-02 1.470147014701470196e-02 2.322232223222322200e-01 6.570657065706571320e-02 1.740174017401740006e-02 2.490249024902490282e-01 7.320732073207321389e-02 2.100210021002100330e-02
2.148214821482148096e-01 5.700570057005700797e-02 1.380138013801380202e-02 2.007200720072007116e-01 4.350435043504350535e-02 6.900690069006901010e-03 2.055205520552055298e-01 4.350435043504350535e-02 7.500750075007500683e-03 2.277227722772277307e-01 5.340534053405340820e-02 1.200120012001200040e-02
1.875187518751875171e-01 3.510351035103510126e-02 6.600660066006600740e-03 1.770177017701770050e-01 3.450345034503450592e-02 1.020102010201020051e-02 1.857185718571857103e-01 3.000300030003000273e-02 5.400540054005400527e-03 1.824182418241824255e-01 3.480348034803480012e-02 4.500450045004500584e-03
1.473147314731473034e-01 1.980198019801980222e-02 4.800480048004800854e-03 1.647164716471647139e-01 2.820282028202820285e-02 4.800480048004800854e-03 1.506150615061506159e-01 2.160216021602160211e-02 5.400540054005400527e-03 1.653165316531653162e-01 3.270327032703270603e-02 5.100510051005100257e-03
1.200120012001200109e-01 1.260126012601260094e-02 3.000300030003000100e-03 1.176117611761176157e-01 1.110111011101110046e-02 3.000300030003000100e-03 1.263126312631263071e-01 1.800180018001800233e-02 3.600360036003600207e-03 1.143114311431143171e-01 1.560156015601560191e-02 2.400240024002400427e-03
1.047104710471047084e-01 1.500150015001500137e-02 1.800180018001800103e-03 9.750975097509750888e-02 1.320132013201320148e-02 1.500150015001500050e-03 1.176117611761176157e-01 1.620162016201620245e-02 1.500150015001500050e-03 9.600960096009600320e-02 8.700870087008700030e-03 1.500150015001500050e-03
9.780978097809781002e-02 8.400840084008400627e-03 1.200120012001200213e-03 7.080708070807080479e-02 7.500750075007500683e-03 1.200120012001200213e-03 7.950795079507951002e-02 8.400840084008400627e-03 1.200120012001200213e-03 8.280828082808280866e-02 8.400840084008400627e-03 1.500150015001500050e-03
7.050705070507050365e-02 8.100810081008101224e-03 3.000300030003000534e-04 7.380738073807380228e-02 6.600660066006600740e-03 9.000900090009000517e-04 6.510651065106511093e-02 6.900690069006901010e-03 0.000000000000000000e+00 6.210621062106210649e-02 4.200420042004200313e-03 0.000000000000000000e+00
6.540654065406541207e-02 2.700270027002700263e-03 0.000000000000000000e+00 5.820582058205820558e-02 2.100210021002100157e-03 0.000000000000000000e+00 5.640564056405640569e-02 3.000300030003000100e-03 0.000000000000000000e+00 4.770477047704770740e-02 2.700270027002700263e-03 3.000300030003000534e-04
4.740474047404740626e-02 2.100210021002100157e-03 0.000000000000000000e+00 4.440444044404440183e-02 3.000300030003000100e-03 3.000300030003000534e-04 3.930393039303930330e-02 2.100210021002100157e-03 0.000000000000000000e+00 4.200420042004200660e-02 1.800180018001800103e-03 6.000600060006001067e-04
3.990399039903990558e-02 2.400240024002400427e-03 3.000300030003000534e-04 3.810381038103810569e-02 1.200120012001200213e-03 0.000000000000000000e+00 3.990399039903990558e-02 2.700270027002700263e-03 0.000000000000000000e+00 4.260426042604260194e-02 3.600360036003600207e-03 0.000000000000000000e+00
3.510351035103510126e-02 1.800180018001800103e-03 0.000000000000000000e+00 2.910291029102910279e-02 1.200120012001200213e-03 0.000000000000000000e+00 2.610261026102610182e-02 1.200120012001200213e-03 0.000000000000000000e+00 3.240324032403240490e-02 1.800180018001800103e-03 0.000000000000000000e+00
2.220222022202220091e-02 9.000900090009000517e-04 0.000000000000000000e+00 2.220222022202220091e-02 3.000300030003000534e-04 0.000000000000000000e+00 2.580258025802580416e-02 3.000300030003000534e-04 0.000000000000000000e+00 2.130213021302130097e-02 1.200120012001200213e-03 3.000300030003000534e-04
