8.770000000000000018e-01 8.701999999999999735e-01 8.626000000000000334e-01 8.901999999999999913e-01
7.485000000000000542e-01 7.660000000000000142e-01 7.528000000000000247e-01 7.745999999999999552e-01
6.382999999999999785e-01 6.230999999999999872e-01 6.066000000000000281e-01 6.187000000000000277e-01
5.164999999999999591e-01 5.281000000000000139e-01 5.423999999999999932e-01 5.296999999999999487e-01
4.588999999999999746e-01 4.309000000000000052e-01 4.262000000000000233e-01 4.501999999999999891e-01
3.734000000000000097e-01 3.624999999999999889e-01 3.724000000000000088e-01 3.760999999999999899e-01
2.696999999999999953e-01 3.245999999999999996e-01 2.969999999999999862e-01 2.837000000000000077e-01
2.600000000000000089e-01 2.343999999999999972e-01 2.247000000000000108e-01 2.477999999999999925e-01
2.141000000000000125e-01 1.965000000000000080e-01 2.041999999999999926e-01 2.228999999999999870e-01
1.907000000000000084e-01 1.864000000000000101e-01 1.811000000000000110e-01 1.736999999999999933e-01
1.486999999999999988e-01 1.580000000000000016e-01 1.471000000000000085e-01 1.501000000000000112e-01
1.147999999999999993e-01 1.185999999999999971e-01 1.237000000000000044e-01 1.252999999999999947e-01
1.059999999999999970e-01 1.058000000000000052e-01 1.150999999999999940e-01 1.000999999999999945e-01
8.849999999999999534e-02 6.710000000000000686e-02 8.640000000000000457e-02 8.429999999999999993e-02
7.649999999999999856e-02 7.030000000000000138e-02 6.419999999999999318e-02 6.809999999999999387e-02
5.859999999999999931e-02 5.619999999999999996e-02 5.859999999999999931e-02 5.220000000000000334e-02
4.610000000000000209e-02 4.440000000000000197e-02 4.050000000000000128e-02 5.279999999999999971e-02
3.710000000000000103e-02 4.359999999999999987e-02 3.919999999999999873e-02 3.769999999999999740e-02
3.749999999999999861e-02 3.109999999999999917e-02 2.570000000000000062e-02 3.549999999999999684e-02
3.039999999999999994e-02 2.750000000000000014e-02 2.670000000000000151e-02 2.440000000000000155e-02
