9.279927992799276160e-01 9.732973297329738926e-01 9.309930993099301277e-01 9.477947794779473245e-01
8.946894689468942730e-01 9.111911191119110853e-01 8.961896189618958619e-01 9.432943294329437789e-01
8.877887788778876521e-01 9.411941194119411991e-01 9.051905190519058397e-01 9.171917191719173301e-01
8.817881788178824065e-01 8.472847284728479700e-01 8.583858385838589733e-01 9.273927392739276243e-01
9.171917191719182183e-01 7.527752775277527508e-01 8.334833483348343952e-01 8.787878787878798947e-01
7.533753375337541858e-01 6.900690069006901739e-01 7.131713171317137778e-01 7.452745274527459163e-01
5.676567656765683090e-01 6.675667566756678939e-01 6.180618061806189001e-01 6.180618061806189001e-01
6.174617461746184643e-01 5.754575457545763051e-01 5.169516951695174445e-01 5.484548454845488141e-01
4.872487248724877151e-01 4.785478547854791764e-01 4.935493549354942333e-01 5.349534953495355127e-01
4.638463846384643929e-01 4.377437743774383883e-01 4.725472547254732647e-01 4.473447344734480802e-01
3.873387338733880192e-01 4.143414341434148440e-01 3.924392439243931663e-01 4.029402940294034008e-01
3.252325232523258225e-01 3.225322532253230845e-01 3.285328532853290517e-01 2.985298529852989935e-01
2.709270927092713444e-01 2.544254425442547540e-01 3.057305730573061098e-01 2.634263426342638992e-01
2.694269426942698664e-01 1.911191119111914638e-01 2.145214521452148693e-01 2.247224722472251357e-01
1.875187518751878502e-01 2.025202520252027683e-01 1.746174617461749845e-01 1.737173717371740533e-01
1.881188118811885079e-01 1.683168316831686329e-01 1.602160216021605021e-01 1.353135313531355355e-01
1.359135913591360822e-01 1.245124512451247917e-01 1.116111611161117734e-01 1.212121212121213681e-01
1.128112811281129779e-01 1.107110711071108838e-01 1.116111611161118011e-01 1.170117011701171661e-01
9.990999099910004289e-02 8.370837083708383697e-02 7.470747074707481672e-02 9.180918091809193993e-02
6.390639063906398964e-02 6.570657065706585198e-02 7.650765076507663742e-02 6.060606060606069795e-02
