1.400000000000000000e+01 1.400000000000000000e+01 1.400000000000000000e+01 1.200000000000000000e+01
4.000000000000000000e+01 4.000000000000000000e+01 4.000000000000000000e+01 4.000000000000000000e+01
6.600000000000000000e+01 7.000000000000000000e+01 6.600000000000000000e+01 6.800000000000000000e+01
9.800000000000000000e+01 9.400000000000000000e+01 1.000000000000000000e+02 9.400000000000000000e+01
1.160000000000000000e+02 1.180000000000000000e+02 1.240000000000000000e+02 1.180000000000000000e+02
1.500000000000000000e+02 1.560000000000000000e+02 1.500000000000000000e+02 1.440000000000000000e+02
1.820000000000000000e+02 1.720000000000000000e+02 1.820000000000000000e+02 1.760000000000000000e+02
1.960000000000000000e+02 1.920000000000000000e+02 2.020000000000000000e+02 2.020000000000000000e+02
2.320000000000000000e+02 2.320000000000000000e+02 2.340000000000000000e+02 2.380000000000000000e+02
2.560000000000000000e+02 2.580000000000000000e+02 2.500000000000000000e+02 2.480000000000000000e+02
2.800000000000000000e+02 2.800000000000000000e+02 2.820000000000000000e+02 2.760000000000000000e+02
3.200000000000000000e+02 3.160000000000000000e+02 3.080000000000000000e+02 3.120000000000000000e+02
3.340000000000000000e+02 3.360000000000000000e+02 3.360000000000000000e+02 3.460000000000000000e+02
3.700000000000000000e+02 3.580000000000000000e+02 3.780000000000000000e+02 3.820000000000000000e+02
3.920000000000000000e+02 3.940000000000000000e+02 4.000000000000000000e+02 3.840000000000000000e+02
4.180000000000000000e+02 4.160000000000000000e+02 4.100000000000000000e+02 4.200000000000000000e+02
4.520000000000000000e+02 4.420000000000000000e+02 4.440000000000000000e+02 4.620000000000000000e+02
4.740000000000000000e+02 4.800000000000000000e+02 4.720000000000000000e+02 4.640000000000000000e+02
5.080000000000000000e+02 4.900000000000000000e+02 5.020000000000000000e+02 4.940000000000000000e+02
5.220000000000000000e+02 5.380000000000000000e+02 5.300000000000000000e+02 5.340000000000000000e+02
5.620000000000000000e+02 5.480000000000000000e+02 5.600000000000000000e+02 5.620000000000000000e+02
5.960000000000000000e+02 5.900000000000000000e+02 5.840000000000000000e+02 5.860000000000000000e+02
6.220000000000000000e+02 6.000000000000000000e+02 6.060000000000000000e+02 6.060000000000000000e+02
6.380000000000000000e+02 6.420000000000000000e+02 6.320000000000000000e+02 6.340000000000000000e+02
6.540000000000000000e+02 6.660000000000000000e+02 6.780000000000000000e+02 6.700000000000000000e+02
