8.910891089108911034e-01 8.421842184218422123e-01 7.572757275727572956e-01 9.027902790279027645e-01 8.466846684668466461e-01 7.812781278127812756e-01 8.955895589558955372e-01 8.151815181518151654e-01 7.461746174617461813e-01 9.045904590459046268e-01 8.421842184218422123e-01 7.839783978397839581e-01
7.890789078907890497e-01 6.513651365136513549e-01 5.316531653165316174e-01 7.620762076207621138e-01 6.099609960996099645e-01 4.932493249324932383e-01 7.698769876987698879e-01 6.177617761776177385e-01 5.115511551155115244e-01 7.803780378037803445e-01 6.288628862886288529e-01 5.220522052205220920e-01
6.627662766276627426e-01 4.365436543654365176e-01 2.988298829882988228e-01 6.357635763576358068e-01 4.203420342034203672e-01 2.760276027602760474e-01 6.936693669366936765e-01 5.010501050105010679e-01 3.393339333933393376e-01 6.540654065406540374e-01 4.674467446744674515e-01 3.255325532553255408e-01
5.553555355535553240e-01 3.282328232823282232e-01 1.890189018901890228e-01 5.769576957695770059e-01 3.285328532853285521e-01 1.917191719171917330e-01 5.745574557455745968e-01 3.330333033303330414e-01 2.022202220222022173e-01 5.790579057905790306e-01 3.630363036303630442e-01 2.145214521452145084e-01
5.151515151515151381e-01 2.736273627362736383e-01 1.584158415841584178e-01 5.274527452745274569e-01 2.871287128712871062e-01 1.689168916891689298e-01 5.097509750975097731e-01 2.508250825082508073e-01 1.299129912991299207e-01 5.139513951395139335e-01 2.637263726372637285e-01 1.485148514851485080e-01
4.119411941194119353e-01 1.851185118511851080e-01 7.770777077707770319e-02 3.795379537953795235e-01 1.536153615361536273e-01 6.210621062106210649e-02 3.894389438943894333e-01 1.512151215121512182e-01 7.260726072607261161e-02 4.050405040504050369e-01 1.785178517851785107e-01 7.530753075307530797e-02
3.666366636663666578e-01 1.386138613861386260e-01 5.520552055205520808e-02 3.582358235823582260e-01 1.329132913291329043e-01 5.730573057305730911e-02 3.489348934893489185e-01 1.377137713771377225e-01 5.460546054605460581e-02 3.741374137413741585e-01 1.464146414641464278e-01 5.760576057605760331e-02
3.129312931293129485e-01 1.002100210021002052e-01 3.000300030003000273e-02 3.288328832883288255e-01 1.095109510951095128e-01 4.650465046504650285e-02 3.360336033603360528e-01 9.990999099909990411e-02 3.930393039303930330e-02 3.327332733273327126e-01 1.308130813081308241e-01 4.380438043804380649e-02
3.075307530753075280e-01 9.540954095409541480e-02 3.090309030903090268e-02 2.328232823282328223e-01 6.210621062106210649e-02 2.160216021602160211e-02 2.652265226522652064e-01 7.230723072307231047e-02 1.920192019201920341e-02 2.508250825082508073e-01 6.390639063906390638e-02 1.830183018301830347e-02
2.091209120912091157e-01 5.760576057605760331e-02 1.140114011401140159e-02 2.466246624662466191e-01 6.960696069606960024e-02 1.740174017401740006e-02 2.310231023102310155e-01 6.510651065106511093e-02 1.410141014101410142e-02 2.184218421842184232e-01 4.890489048904890501e-02 1.470147014701470196e-02
1.767176717671767039e-01 3.510351035103510126e-02 1.110111011101110046e-02 1.746174617461746237e-01 3.510351035103510126e-02 6.300630063006300470e-03 1.752175217521752260e-01 3.090309030903090268e-02 3.300330033003300370e-03 1.764176417641764305e-01 3.750375037503750342e-02 9.000900090009001167e-03
1.311131113111311253e-01 2.010201020102010336e-02 2.400240024002400427e-03 1.491149114911491103e-01 2.430243024302430194e-02 2.100210021002100157e-03 1.545154515451545030e-01 3.120312031203120381e-02 4.500450045004500584e-03 1.485148514851485080e-01 2.400240024002400080e-02 2.400240024002400427e-03
1.317131713171316998e-01 2.640264026402640296e-02 2.400240024002400427e-03 1.323132313231323021e-01 1.770177017701770120e-02 3.600360036003600207e-03 1.494149414941494114e-01 2.130213021302130097e-02 6.000600060006000200e-03 1.296129612961296196e-01 2.040204020402040103e-02 5.700570057005700797e-03
1.023102310231023132e-01 1.680168016801680125e-02 2.100210021002100157e-03 1.143114311431143171e-01 1.290129012901290208e-02 1.800180018001800103e-03 1.086108610861086093e-01 1.500150015001500137e-02 2.400240024002400427e-03 1.341134113411341089e-01 2.100210021002100330e-02 2.400240024002400427e-03
8.490849084908490274e-02 9.000900090009001167e-03 9.000900090009000517e-04 9.300930093009300570e-02 1.560156015601560191e-02 2.100210021002100157e-03 1.008100810081008075e-01 1.170117011701170100e-02 2.700270027002700263e-03 9.660966096609660547e-02 1.350135013501350088e-02 1.200120012001200213e-03
7.980798079807981116e-02 6.000600060006000200e-03 0.000000000000000000e+00 8.460846084608460160e-02 9.900990099009901110e-03 3.000300030003000534e-04 7.680768076807681366e-02 7.500750075007500683e-03 1.800180018001800103e-03 9.840984098409841230e-02 9.300930093009300570e-03 1.200120012001200213e-03
6.840684068406840956e-02 4.200420042004200313e-03 1.500150015001500050e-03 6.240624062406240763e-02 1.800180018001800103e-03 0.000000000000000000e+00 8.400840084008401321e-02 6.000600060006000200e-03 1.200120012001200213e-03 6.000600060006000547e-02 2.700270027002700263e-03 0.000000000000000000e+00
5.160516051605160831e-02 3.600360036003600207e-03 3.000300030003000534e-04 5.220522052205220365e-02 4.800480048004800854e-03 6.000600060006001067e-04 5.250525052505250478e-02 4.500450045004500584e-03 1.200120012001200213e-03 6.000600060006000547e-02 4.800480048004800854e-03 0.000000000000000000e+00
5.520552055205520808e-02 3.600360036003600207e-03 1.200120012001200213e-03 5.220522052205220365e-02 2.700270027002700263e-03 6.000600060006001067e-04 3.990399039903990558e-02 1.800180018001800103e-03 3.000300030003000534e-04 4.200420042004200660e-02 3.300330033003300370e-03 6.000600060006001067e-04
4.470447044704470296e-02 6.000600060006001067e-04 0.000000000000000000e+00 4.920492049204920615e-02 3.300330033003300370e-03 0.000000000000000000e+00 4.230423042304230080e-02 2.400240024002400427e-03 3.000300030003000534e-04 3.060306030603060154e-02 1.800180018001800103e-03 3.000300030003000534e-04
3.990399039903990558e-02 2.100210021002100157e-03 0.000000000000000000e+00 2.700270027002700177e-02 6.000600060006001067e-04 0.000000000000000000e+00 3.240324032403240490e-02 2.100210021002100157e-03 0.000000000000000000e+00 3.450345034503450592e-02 2.100210021002100157e-03 3.000300030003000534e-04
3.090309030903090268e-02 9.000900090009000517e-04 0.000000000000000000e+00 2.910291029102910279e-02 9.000900090009000517e-04 0.000000000000000000e+00 3.300330033003300023e-02 9.000900090009000517e-04 0.000000000000000000e+00 3.030303030303030387e-02 6.000600060006001067e-04 0.000000000000000000e+00
2.220222022202220091e-02 6.000600060006001067e-04 0.000000000000000000e+00 2.100210021002100330e-02 1.200120012001200213e-03 0.000000000000000000e+00 2.190219021902190324e-02 3.000300030003000534e-04 3.000300030003000534e-04 2.850285028502850398e-02 1.200120012001200213e-03 0.000000000000000000e+00
1.770177017701770120e-02 1.200120012001200213e-03 0.000000000000000000e+00 2.310231023102310086e-02 3.000300030003000534e-04 0.000000000000000000e+00 2.040204020402040103e-02 6.000600060006001067e-04 0.000000000000000000e+00 1.890189018901890228e-02 6.000600060006001067e-04 0.000000000000000000e+00
1.770177017701770120e-02 9.000900090009000517e-04 0.000000000000000000e+00 1.890189018901890228e-02 3.000300030003000534e-04 0.000000000000000000e+00 1.680168016801680125e-02 3.000300030003000534e-04 0.000000000000000000e+00 1.560156015601560191e-02 9.000900090009000517e-04 0.000000000000000000e+00
