8.928000000000000380e-01 8.931000000000000050e-01 8.869000000000000217e-01 9.051000000000000156e-01
7.840000000000000302e-01 7.680000000000000160e-01 7.762000000000000011e-01 7.839000000000000412e-01
6.713999999999999968e-01 6.408000000000000362e-01 6.814000000000000057e-01 6.592999999999999972e-01
5.511000000000000343e-01 5.556999999999999718e-01 5.695999999999999952e-01 5.849999999999999645e-01
5.047000000000000375e-01 5.363999999999999879e-01 4.839999999999999858e-01 5.199000000000000288e-01
4.098999999999999866e-01 3.800000000000000044e-01 3.935000000000000164e-01 4.063999999999999835e-01
3.623000000000000109e-01 3.493999999999999884e-01 3.553999999999999937e-01 3.622000000000000219e-01
3.042000000000000259e-01 3.353999999999999759e-01 3.109999999999999987e-01 3.347999999999999865e-01
2.974999999999999867e-01 2.412999999999999867e-01 2.572999999999999732e-01 2.394000000000000017e-01
2.192000000000000060e-01 2.414000000000000035e-01 2.214000000000000135e-01 2.169999999999999984e-01
1.849999999999999978e-01 1.764999999999999902e-01 1.814999999999999947e-01 1.845999999999999863e-01
1.370999999999999996e-01 1.531000000000000139e-01 1.562999999999999945e-01 1.461999999999999966e-01
1.327000000000000124e-01 1.233999999999999958e-01 1.353000000000000036e-01 1.328999999999999904e-01
1.073000000000000065e-01 1.089999999999999997e-01 1.113999999999999990e-01 1.275999999999999912e-01
8.709999999999999687e-02 1.019999999999999934e-01 1.013000000000000012e-01 1.039000000000000062e-01
7.660000000000000142e-02 8.609999999999999598e-02 8.390000000000000235e-02 9.529999999999999583e-02
6.199999999999999956e-02 6.149999999999999911e-02 8.089999999999999969e-02 6.260000000000000286e-02
5.899999999999999689e-02 5.419999999999999818e-02 5.449999999999999983e-02 5.650000000000000161e-02
4.989999999999999991e-02 5.120000000000000245e-02 4.309999999999999942e-02 4.469999999999999668e-02
3.629999999999999893e-02 4.540000000000000285e-02 4.130000000000000338e-02 3.400000000000000244e-02
4.240000000000000019e-02 3.200000000000000067e-02 3.250000000000000111e-02 3.200000000000000067e-02
2.570000000000000062e-02 2.819999999999999937e-02 3.470000000000000168e-02 2.970000000000000070e-02
2.589999999999999941e-02 2.330000000000000127e-02 2.319999999999999840e-02 2.740000000000000074e-02
1.810000000000000150e-02 1.959999999999999937e-02 2.290000000000000022e-02 1.689999999999999836e-02
1.820000000000000090e-02 1.969999999999999876e-02 1.909999999999999892e-02 1.370000000000000037e-02
