9.039903990399027478e-01 9.495949594959491868e-01 9.873987398739871857e-01 9.711971197119716459e-01
9.447944794479447017e-01 9.495949594959489648e-01 9.678967896789670844e-01 9.765976597659757896e-01
9.774977497749768318e-01 9.222922292229223107e-01 9.171917191719173301e-01 8.853885388538849099e-01
8.703870387038705747e-01 9.369936993699374828e-01 9.267926792679265224e-01 8.625862586258624676e-01
8.829882988298829449e-01 8.898889888988903429e-01 9.066906690669068736e-01 8.991899189918994839e-01
7.581758175817584489e-01 7.398739873987398852e-01 7.872787278727877425e-01 7.548754875487553306e-01
7.392739273927395605e-01 7.332733273327332046e-01 6.882688268826883116e-01 7.407740774077407053e-01
6.681668166816686627e-01 7.044704470447049616e-01 7.476747674767481033e-01 6.495649564956498256e-01
6.672667266726673985e-01 5.337533753375339751e-01 5.979597959795984741e-01 5.790579057905793636e-01
4.659465946594663066e-01 5.484548454845485921e-01 5.118511851185120198e-01 5.232523252325235186e-01
4.359435943594361373e-01 4.248424842484250230e-01 4.362436243624365217e-01 4.257425742574259542e-01
3.354335433543356171e-01 3.765376537653766786e-01 3.744374437443744319e-01 3.759375937593762984e-01
3.183318331833184245e-01 3.474347434743476626e-01 3.903390339033904199e-01 3.333333333333335924e-01
2.586258625862588589e-01 3.060306030603062166e-01 2.832283228322834412e-01 3.417341734173420242e-01
2.286228622862287452e-01 2.343234323432344668e-01 2.700270027002702466e-01 2.505250525052505894e-01
2.214221422142215734e-01 2.244224422442245570e-01 2.097209720972098845e-01 2.685268526852687687e-01
1.941194119411942531e-01 1.818181818181819065e-01 2.352235223522354812e-01 1.719171917191720522e-01
1.443144314431443753e-01 1.428142814281429251e-01 1.452145214521453065e-01 1.656165616561658394e-01
1.560156015601561197e-01 1.491149114911491935e-01 1.146114611461147154e-01 1.167116711671168094e-01
1.323132313231323853e-01 1.377137713771378058e-01 1.200120012001201081e-01 8.670867086708677896e-02
1.134113411341135108e-01 7.920792079207927827e-02 9.090909090909095325e-02 9.750975097509756440e-02
9.000900090009006371e-02 8.460846084608465711e-02 9.630963096309635985e-02 8.910891089108918806e-02
6.480648064806485142e-02 5.940594059405943789e-02 6.510651065106516644e-02 8.190819081908200239e-02
4.950495049504953504e-02 6.840684068406845120e-02 5.940594059405947952e-02 5.490549054905493470e-02
5.040504050405043845e-02 5.580558055805583118e-02 4.950495049504954892e-02 4.410441044104414232e-02
