9.834983498349835207e-01 9.642964296429642479e-01 9.534953495349535180e-01 9.822982298229823162e-01 9.651965196519651791e-01 9.525952595259525868e-01 9.828982898289828629e-01 9.702970297029702706e-01 9.510951095109511089e-01 9.825982598259825895e-01 9.669966996699670414e-01 9.528952895289528602e-01
9.609960996099610187e-01 9.219921992199220373e-01 8.880888088808880365e-01 9.555955595559555427e-01 9.168916891689169457e-01 8.913891389138913768e-01 9.630963096309630433e-01 9.312931293129312893e-01 9.030903090309030379e-01 9.588958895889588829e-01 9.159915991599160145e-01 8.913891389138913768e-01
9.438943894389438816e-01 8.847884788478848073e-01 8.427842784278427590e-01 9.480948094809480420e-01 9.072907290729073093e-01 8.493849384938494396e-01 9.507950795079508355e-01 9.006900690069007398e-01 8.580858085808580338e-01 9.447944794479448127e-01 9.093909390939094450e-01 8.550855085508550779e-01
9.210921092109211061e-01 8.565856585658565558e-01 7.929792979297929367e-01 9.231923192319232419e-01 8.553855385538553513e-01 7.899789978997899809e-01 9.048904890489049002e-01 8.364836483648364629e-01 7.878787878787878451e-01 9.294929492949295380e-01 8.580858085808580338e-01 8.058805880588059134e-01
8.931893189318932391e-01 7.911791179117911854e-01 7.353735373537353404e-01 9.126912691269126743e-01 8.301830183018301668e-01 7.683768376837684100e-01 8.880888088808880365e-01 8.175817581758175745e-01 7.260726072607260884e-01 8.970897089708971262e-01 8.037803780378037777e-01 7.281728172817282241e-01
9.033903390339034223e-01 8.181818181818182323e-01 7.386738673867386806e-01 8.589858985898589649e-01 7.641764176417641385e-01 6.717671767176717212e-01 8.706870687068707371e-01 7.662766276627662743e-01 7.080708070807080201e-01 8.856885688568857384e-01 7.755775577557755263e-01 7.149714971497149740e-01
8.664866486648664656e-01 7.884788478847885029e-01 7.011701170117011772e-01 8.589858985898589649e-01 7.581758175817582268e-01 6.507650765076508081e-01 8.895889588958896255e-01 8.040804080408040511e-01 7.353735373537353404e-01 8.535853585358536000e-01 7.377737773777377495e-01 6.375637563756375581e-01
8.688868886888688747e-01 7.557755775577558177e-01 6.792679267926792219e-01 8.460846084608460993e-01 6.999699969996999727e-01 6.183618361836183963e-01 8.706870687068707371e-01 7.482748274827483170e-01 6.630663066306630160e-01 8.718871887188719416e-01 7.368736873687368183e-01 6.753675367536753349e-01
8.310831083108310979e-01 6.819681968196820154e-01 5.904590459045904183e-01 8.073807380738073913e-01 6.507650765076508081e-01 5.406540654065407070e-01 8.067806780678067335e-01 6.834683468346834934e-01 5.721572157215721877e-01 7.809780978097810022e-01 6.462646264626462633e-01 5.319531953195320018e-01
7.998799879987998906e-01 6.975697569756975636e-01 5.703570357035703253e-01 8.001800180018001640e-01 6.471647164716471945e-01 5.469546954695470031e-01 8.322832283228323025e-01 7.101710171017101558e-01 6.024602460246024638e-01 7.983798379837984127e-01 6.384638463846384893e-01 5.364536453645364356e-01
7.884788478847885029e-01 6.585658565856585822e-01 5.373537353735373667e-01 7.893789378937894341e-01 6.522652265226522861e-01 5.448544854485448674e-01 8.097809780978098004e-01 6.687668766876687654e-01 5.691569156915691208e-01 7.878787878787878451e-01 6.738673867386738570e-01 5.568556855685568019e-01
7.557755775577558177e-01 5.967596759675967144e-01 4.689468946894689294e-01 8.118811881188119361e-01 6.642664266426642206e-01 5.487548754875487544e-01 7.680768076807680256e-01 6.075607560756075554e-01 5.016501650165016146e-01 7.662766276627662743e-01 6.153615361536153294e-01 4.749474947494749522e-01
7.572757275727572956e-01 6.003600360036003281e-01 5.118511851185117978e-01 7.305730573057305222e-01 5.583558355835583908e-01 4.635463546354635644e-01 7.617761776177617294e-01 6.033603360336033949e-01 4.806480648064806460e-01 7.374737473747374761e-01 5.682568256825683006e-01 4.737473747374737476e-01
7.203720372037203390e-01 5.730573057305730078e-01 4.476447644764476319e-01 7.782778277827783198e-01 6.018601860186018060e-01 5.031503150315032036e-01 7.767776777677767308e-01 6.255625562556255126e-01 5.088508850885088419e-01 7.167716771677167253e-01 5.745574557455745968e-01 4.479447944794479608e-01
7.137713771377137695e-01 5.436543654365436629e-01 4.389438943894389267e-01 6.987698769876987681e-01 5.322532253225322751e-01 4.098409840984098551e-01 7.623762376237623872e-01 6.045604560456045995e-01 5.127512751275127290e-01 7.110711071107110870e-01 5.361536153615361622e-01 4.311431143114311526e-01
7.176717671767176565e-01 5.661566156615661649e-01 4.254425442544254587e-01 7.479747974797479326e-01 5.712571257125712565e-01 4.713471347134713385e-01 7.602760276027602515e-01 5.814581458145814397e-01 4.671467146714671226e-01 7.062706270627062688e-01 5.226522652265226387e-01 4.074407440744074460e-01
6.891689168916891317e-01 5.208520852085208874e-01 4.044404440444044346e-01 6.951695169516951545e-01 5.046504650465046815e-01 3.852385238523852173e-01 6.888688868886888583e-01 5.169516951695170004e-01 4.026402640264026278e-01 6.813681368136813576e-01 4.866486648664866688e-01 3.927392739273927180e-01
6.726672667266726524e-01 4.908490849084908292e-01 3.672367236723672601e-01 6.705670567056705167e-01 4.845484548454845330e-01 3.795379537953795235e-01 6.852685268526852447e-01 5.025502550255025458e-01 3.960396039603960583e-01 7.245724572457246104e-01 5.673567356735673695e-01 4.320432043204320283e-01
6.876687668766876538e-01 5.190519051905190251e-01 4.290429042904290169e-01 6.582658265826583088e-01 4.686468646864686560e-01 3.846384638463846151e-01 7.128712871287128383e-01 5.418541854185418005e-01 4.311431143114311526e-01 6.552655265526552419e-01 4.725472547254725431e-01 3.828382838283828637e-01
7.065706570657065422e-01 5.148514851485148647e-01 4.128412841284128665e-01 6.354635463546354224e-01 4.527452745274527235e-01 3.618361836183618396e-01 6.360636063606360802e-01 4.806480648064806460e-01 3.675367536753675335e-01 7.101710171017101558e-01 5.121512151215121822e-01 4.125412541254125376e-01
6.255625562556255126e-01 4.455445544554455517e-01 3.426342634263426223e-01 6.840684068406840401e-01 5.160516051605160692e-01 3.969396939693969339e-01 6.258625862586258970e-01 4.308430843084308237e-01 3.654365436543654533e-01 6.366636663666366269e-01 4.737473747374737476e-01 3.654365436543654533e-01
6.561656165616561731e-01 4.362436243624362442e-01 3.360336033603360528e-01 6.531653165316532172e-01 4.554455445544554615e-01 3.588358835883588283e-01 6.222622262226222833e-01 4.281428142814281412e-01 3.561356135613561458e-01 6.102610261026102378e-01 4.110411041104110597e-01 3.264326432643264164e-01
6.696669666966696965e-01 4.767476747674767590e-01 3.879387938793879553e-01 6.153615361536153294e-01 4.254425442544254587e-01 3.321332133213321103e-01 6.102610261026102378e-01 4.254425442544254587e-01 3.360336033603360528e-01 6.270627062706271015e-01 4.443444344434443471e-01 3.438343834383438269e-01
5.880588058805880092e-01 4.104410441044104574e-01 3.117311731173117439e-01 5.790579057905790306e-01 4.179417941794179581e-01 3.042304230423042433e-01 6.558655865586558997e-01 4.674467446744674515e-01 3.798379837983798524e-01 6.435643564356435808e-01 4.620462046204620310e-01 3.693369336933693403e-01
6.345634563456346022e-01 4.524452445244524501e-01 3.639363936393639198e-01 5.835583558355835754e-01 4.086408640864086506e-01 3.132313231323132219e-01 6.021602160216021904e-01 4.101410141014101285e-01 3.153315331533153576e-01 5.982598259825983034e-01 4.263426342634263344e-01 3.279327932793279499e-01
6.465646564656465367e-01 4.527452745274527235e-01 3.492349234923492474e-01 5.796579657965796883e-01 3.876387638763876264e-01 3.015301530153015053e-01 5.805580558055805085e-01 3.879387938793879553e-01 3.108310831083108128e-01 6.336633663366336711e-01 4.356435643564356419e-01 3.696369636963696137e-01
5.934593459345934852e-01 4.689468946894689294e-01 3.465346534653465094e-01 6.273627362736273749e-01 4.482448244824482342e-01 3.480348034803480428e-01 6.264626462646264438e-01 4.467446744674467562e-01 3.501350135013501230e-01 5.511551155115511635e-01 3.765376537653765121e-01 3.135313531353135508e-01
5.514551455145514369e-01 3.717371737173717494e-01 3.012301230123012319e-01 6.282628262826283061e-01 4.239423942394239253e-01 3.372337233723372574e-01 5.562556255625562551e-01 3.858385838583858196e-01 3.051305130513051189e-01 5.580558055805580064e-01 3.795379537953795235e-01 2.988298829882988228e-01
5.484548454845484811e-01 3.591359135913591571e-01 3.003300330033003562e-01 5.511551155115511635e-01 3.867386738673867508e-01 3.165316531653165066e-01 6.033603360336033949e-01 4.272427242724272656e-01 3.312331233123312346e-01 5.475547554755475499e-01 3.696369636963696137e-01 2.934293429342934023e-01
6.051605160516051463e-01 4.146414641464146178e-01 3.291329132913291544e-01 5.217521752175217076e-01 3.684368436843684091e-01 2.718271827182718314e-01 5.259525952595259790e-01 3.591359135913591571e-01 2.922292229222922533e-01 5.364536453645364356e-01 3.531353135313531344e-01 2.967296729672967426e-01
5.973597359735973722e-01 4.071407140714071171e-01 3.222322232223222560e-01 5.124512451245124556e-01 3.480348034803480428e-01 2.853285328532853549e-01 5.259525952595259790e-01 3.561356135613561458e-01 2.895289528952895153e-01 5.118511851185117978e-01 3.225322532253225294e-01 2.757275727572757185e-01
5.130513051305130023e-01 3.438343834383438269e-01 2.781278127812781276e-01 5.763576357635763481e-01 3.927392739273927180e-01 3.207320732073207226e-01 5.751575157515751435e-01 3.948394839483948537e-01 2.928292829282928555e-01 5.193519351935192985e-01 3.570357035703570214e-01 2.934293429342934023e-01
5.652565256525652337e-01 4.083408340834083217e-01 3.015301530153015053e-01 5.088508850885088419e-01 3.387338733873387353e-01 2.763276327632763207e-01 5.103510351035103199e-01 3.324332433243324392e-01 2.820282028202820146e-01 5.238523852385238433e-01 3.585358535853585549e-01 2.799279927992799344e-01
5.538553855385538460e-01 3.954395439543954560e-01 3.198319831983198469e-01 5.502550255025502324e-01 3.837383738373837394e-01 2.919291929192919244e-01 5.649564956495649604e-01 4.158415841584158223e-01 3.510351035103510542e-01 5.076507650765076374e-01 3.423342334233423490e-01 2.784278427842784009e-01
4.779477947794779635e-01 3.207320732073207226e-01 2.697269726972697512e-01 5.259525952595259790e-01 3.420342034203420201e-01 3.153315331533153576e-01 5.694569456945695052e-01 3.720372037203720228e-01 3.087308730873087326e-01 4.950495049504950451e-01 3.294329432943294278e-01 2.853285328532853549e-01
4.857485748574857376e-01 3.543354335433543389e-01 2.646264626462646041e-01 4.821482148214821239e-01 3.165316531653165066e-01 2.769276927692769230e-01 4.815481548154815217e-01 3.273327332733273476e-01 2.739273927392739116e-01 4.584458445844584729e-01 3.222322232223222560e-01 2.676267626762676155e-01
4.794479447944794415e-01 3.165316531653165066e-01 2.817281728172817412e-01 4.899489948994899535e-01 3.312331233123312346e-01 2.913291329132913221e-01 4.632463246324632355e-01 3.339333933393339171e-01 2.607260726072607171e-01 4.860486048604860665e-01 3.180318031803180401e-01 2.865286528652865039e-01
4.920492049204920337e-01 3.204320432043204492e-01 2.580258025802580346e-01 4.584458445844584729e-01 2.925292529252925267e-01 2.580258025802580346e-01 5.310531053105310706e-01 3.507350735073507253e-01 2.883288328832883107e-01 4.788478847884788392e-01 3.255325532553255408e-01 2.586258625862586369e-01
4.590459045904590196e-01 3.300330033003300301e-01 2.613261326132613194e-01 5.130513051305130023e-01 3.438343834383438269e-01 2.979297929792979471e-01 4.524452445244524501e-01 3.102310231023102105e-01 2.787278727872787298e-01 5.154515451545154114e-01 3.765376537653765121e-01 3.105310531053105394e-01
5.148514851485148647e-01 3.555355535553555435e-01 2.931293129312931289e-01 4.677467746774677249e-01 3.036303630363036410e-01 2.655265526552655353e-01 4.890489048904890224e-01 3.066306630663066524e-01 2.790279027902790032e-01 5.214521452145214342e-01 3.384338433843384064e-01 2.862286228622862305e-01
4.638463846384638378e-01 3.264326432643264164e-01 2.721272127212721048e-01 4.689468946894689294e-01 3.102310231023102105e-01 2.571257125712571034e-01 5.226522652265226387e-01 3.273327332733273476e-01 2.778277827782778542e-01 4.521452145214521212e-01 2.727272727272727071e-01 2.526252625262526141e-01
4.467446744674467562e-01 2.862286228622862305e-01 2.625262526252625239e-01 4.461446144614461540e-01 2.928292829282928555e-01 2.841284128412841503e-01 4.533453345334533258e-01 3.264326432643264164e-01 2.583258325832583080e-01 4.413441344134413358e-01 2.835283528352835480e-01 2.655265526552655353e-01
4.920492049204920337e-01 3.387338733873387353e-01 2.865286528652865039e-01 4.896489648964896246e-01 3.270327032703270187e-01 2.718271827182718314e-01 4.215421542154215162e-01 2.961296129612961403e-01 2.664266426642664110e-01 4.467446744674467562e-01 2.997299729972997540e-01 2.721272127212721048e-01
4.482448244824482342e-01 2.979297929792979471e-01 2.658265826582658087e-01 4.473447344734473585e-01 3.015301530153015053e-01 2.646264626462646041e-01 4.239423942394239253e-01 2.826282628262826169e-01 2.334233423342334246e-01 4.239423942394239253e-01 2.907290729072907198e-01 2.673267326732673421e-01
4.812481248124812483e-01 3.222322232223222560e-01 2.790279027902790032e-01 4.341434143414341640e-01 3.087308730873087326e-01 2.547254725472547499e-01 4.221422142214221185e-01 3.021302130213021075e-01 2.400240024002400219e-01 4.248424842484248565e-01 3.036303630363036410e-01 2.520252025202520119e-01
4.518451845184518478e-01 2.775277527752775253e-01 2.502250225022502050e-01 4.755475547554755544e-01 3.228322832283228583e-01 2.628262826282628528e-01 4.074407440744074460e-01 2.916291629162916510e-01 2.481248124812481248e-01 4.452445244524452228e-01 3.168316831683168355e-01 2.727272727272727071e-01
4.248424842484248565e-01 2.940294029402940046e-01 2.604260426042604437e-01 4.080408040804080483e-01 3.045304530453045166e-01 2.490249024902490282e-01 4.248424842484248565e-01 2.712271227122712292e-01 2.505250525052505339e-01 4.092409240924092528e-01 2.913291329132913221e-01 2.511251125112511362e-01
4.689468946894689294e-01 3.105310531053105394e-01 2.727272727272727071e-01 4.149414941494149467e-01 3.003300330033003562e-01 2.502250225022502050e-01 4.362436243624362442e-01 3.171317131713171089e-01 2.700270027002700246e-01 4.221422142214221185e-01 3.000300030003000273e-01 2.595259525952595125e-01
4.266426642664266633e-01 2.712271227122712292e-01 2.754275427542754451e-01 4.434443444344434715e-01 3.078307830783078569e-01 2.871287128712871062e-01 4.302430243024302214e-01 2.922292229222922533e-01 2.682268226822682178e-01 4.509450945094509722e-01 2.997299729972997540e-01 2.688268826882688201e-01
4.176417641764176292e-01 3.042304230423042433e-01 2.601260126012601148e-01 4.383438343834383244e-01 3.216321632163216537e-01 2.598259825982598414e-01 4.200420042004200383e-01 2.898289828982898442e-01 2.574257425742574323e-01 4.485448544854485631e-01 3.027302730273027098e-01 2.616261626162616483e-01
4.020402040204020255e-01 2.922292229222922533e-01 2.532253225322532164e-01 3.912391239123912401e-01 2.676267626762676155e-01 2.637263726372637285e-01 3.912391239123912401e-01 2.835283528352835480e-01 2.496249624962496305e-01 4.137413741374137421e-01 2.835283528352835480e-01 2.664266426642664110e-01
3.792379237923792501e-01 2.673267326732673421e-01 2.691269126912691489e-01 4.476447644764476319e-01 2.973297329732973449e-01 2.487248724872487271e-01 4.071407140714071171e-01 2.934293429342934023e-01 2.613261326132613194e-01 3.843384338433843417e-01 2.481248124812481248e-01 2.367236723672367371e-01
3.996399639963996164e-01 2.451245124512451135e-01 2.517251725172517385e-01 3.897389738973897622e-01 2.760276027602760474e-01 2.478247824782478237e-01 4.452445244524452228e-01 3.027302730273027098e-01 2.739273927392739116e-01 4.578457845784578706e-01 2.994299429942994251e-01 2.658265826582658087e-01
4.056405640564056392e-01 2.817281728172817412e-01 2.766276627662766496e-01 3.954395439543954560e-01 2.865286528652865039e-01 2.571257125712571034e-01 4.257425742574257321e-01 2.955295529552955380e-01 2.565256525652565012e-01 4.365436543654365176e-01 2.976297629762976182e-01 2.409240924092409253e-01
3.726372637263726251e-01 2.769276927692769230e-01 2.505250525052505339e-01 3.813381338133813303e-01 2.688268826882688201e-01 2.538253825382538187e-01 4.197419741974197649e-01 2.889288928892889130e-01 2.547254725472547499e-01 3.750375037503750342e-01 2.703270327032703535e-01 2.559255925592558989e-01
3.933393339333933203e-01 2.847284728472847526e-01 2.565256525652565012e-01 3.702370237023702160e-01 2.814281428142814123e-01 2.487248724872487271e-01 3.735373537353735562e-01 2.628262826282628528e-01 2.631263126312631262e-01 3.699369936993699426e-01 2.682268226822682178e-01 2.388238823882388173e-01
3.885388538853885576e-01 2.865286528652865039e-01 2.631263126312631262e-01 3.828382838283828637e-01 2.754275427542754451e-01 2.565256525652565012e-01 3.585358535853585549e-01 2.718271827182718314e-01 2.475247524752475226e-01 3.891389138913891599e-01 2.625262526252625239e-01 2.460246024602460169e-01
3.576357635763576237e-01 2.721272127212721048e-01 2.619261926192619216e-01 4.191419141914191626e-01 2.892289228922892419e-01 2.469246924692469203e-01 3.660366036603660556e-01 2.595259525952595125e-01 2.616261626162616483e-01 4.221422142214221185e-01 2.970297029702970160e-01 2.763276327632763207e-01
3.573357335733573503e-01 2.691269126912691489e-01 2.622262226222622505e-01 3.630363036303630442e-01 2.637263726372637285e-01 2.397239723972397207e-01 4.221422142214221185e-01 2.778277827782778542e-01 2.544254425442544210e-01 3.873387338733873531e-01 2.928292829282928555e-01 2.439243924392439367e-01
3.624362436243624419e-01 2.784278427842784009e-01 2.538253825382538187e-01 4.134413441344134688e-01 2.820282028202820146e-01 2.535253525352535453e-01 3.720372037203720228e-01 2.781278127812781276e-01 2.568256825682568301e-01 3.864386438643864219e-01 2.853285328532853549e-01 2.769276927692769230e-01
4.065406540654065148e-01 2.859285928592859016e-01 2.565256525652565012e-01 3.504350435043504519e-01 2.265226522652265262e-01 2.325232523252325212e-01 3.660366036603660556e-01 2.613261326132613194e-01 2.397239723972397207e-01 3.555355535553555435e-01 2.664266426642664110e-01 2.388238823882388173e-01
3.723372337233723517e-01 2.604260426042604437e-01 2.592259225922592392e-01 4.170417041704170269e-01 2.757275727572757185e-01 2.577257725772577057e-01 3.510351035103510542e-01 2.412241224122412264e-01 2.253225322532253216e-01 3.663366336633663289e-01 2.622262226222622505e-01 2.514251425142514096e-01
4.041404140414041612e-01 2.688268826882688201e-01 2.673267326732673421e-01 3.696369636963696137e-01 2.760276027602760474e-01 2.694269426942694223e-01 3.483348334833483162e-01 2.634263426342633996e-01 2.517251725172517385e-01 3.480348034803480428e-01 2.649264926492649330e-01 2.568256825682568301e-01
3.333333333333333148e-01 2.520252025202520119e-01 2.553255325532553521e-01 3.456345634563456337e-01 2.760276027602760474e-01 2.523252325232523408e-01 3.963396339633963317e-01 2.952295229522952091e-01 2.361236123612361348e-01 3.765376537653765121e-01 2.859285928592859016e-01 2.625262526252625239e-01
3.354335433543354505e-01 2.676267626762676155e-01 2.535253525352535453e-01 3.753375337533753631e-01 2.505250525052505339e-01 2.325232523252325212e-01 3.663366336633663289e-01 2.394239423942394196e-01 2.301230123012301121e-01 3.738373837383738296e-01 2.733273327332733094e-01 2.481248124812481248e-01
3.840384038403840128e-01 2.781278127812781276e-01 2.556255625562556255e-01 3.399339933993399399e-01 2.721272127212721048e-01 2.379237923792379139e-01 3.426342634263426223e-01 2.745274527452745139e-01 2.517251725172517385e-01 3.279327932793279499e-01 2.463246324632463180e-01 2.268226822682268273e-01
3.915391539153915135e-01 2.739273927392739116e-01 2.607260726072607171e-01 3.789378937893789212e-01 2.760276027602760474e-01 2.535253525352535453e-01 3.372337233723372574e-01 2.601260126012601148e-01 2.388238823882388173e-01 3.606360636063606351e-01 2.973297329732973449e-01 2.823282328232823435e-01
3.108310831083108128e-01 2.682268226822682178e-01 2.697269726972697512e-01 3.609360936093609085e-01 2.766276627662766496e-01 2.580258025802580346e-01 3.831383138313831371e-01 2.802280228022802078e-01 2.712271227122712292e-01 3.225322532253225294e-01 2.604260426042604437e-01 2.382238223822382150e-01
3.465346534653465094e-01 2.625262526252625239e-01 2.580258025802580346e-01 3.096309630963096082e-01 2.604260426042604437e-01 2.583258325832583080e-01 3.318331833183318369e-01 2.559255925592558989e-01 2.550255025502550232e-01 3.480348034803480428e-01 2.766276627662766496e-01 2.475247524752475226e-01
3.702370237023702160e-01 2.721272127212721048e-01 2.664266426642664110e-01 3.402340234023402132e-01 2.574257425742574323e-01 2.511251125112511362e-01 3.237323732373237339e-01 2.352235223522352314e-01 2.484248424842484260e-01 3.330333033303330414e-01 2.658265826582658087e-01 2.616261626162616483e-01
3.465346534653465094e-01 2.532253225322532164e-01 2.493249324932493294e-01 3.264326432643264164e-01 2.610261026102610460e-01 2.451245124512451135e-01 3.780378037803780455e-01 2.643264326432643307e-01 2.496249624962496305e-01 3.363336333633363262e-01 2.685268526852685467e-01 2.607260726072607171e-01
3.849384938493849440e-01 2.886288628862886396e-01 2.655265526552655353e-01 3.735373537353735562e-01 2.730273027302730360e-01 2.520252025202520119e-01 3.135313531353135508e-01 2.334233423342334246e-01 2.427242724272427321e-01 3.309330933093309057e-01 2.487248724872487271e-01 2.517251725172517385e-01
3.294329432943294278e-01 2.757275727572757185e-01 2.670267026702670132e-01 3.201320132013201203e-01 2.514251425142514096e-01 2.526252625262526141e-01 3.261326132613261430e-01 2.586258625862586369e-01 2.523252325232523408e-01 3.225322532253225294e-01 2.487248724872487271e-01 2.490249024902490282e-01
3.552355235523552146e-01 2.724272427242724337e-01 2.517251725172517385e-01 3.231323132313231317e-01 2.727272727272727071e-01 2.571257125712571034e-01 3.489348934893489185e-01 2.691269126912691489e-01 2.574257425742574323e-01 3.645364536453645221e-01 2.664266426642664110e-01 2.448244824482448123e-01
3.543354335433543389e-01 2.694269426942694223e-01 2.601260126012601148e-01 3.228322832283228583e-01 2.565256525652565012e-01 2.457245724572457157e-01 3.144314431443144264e-01 2.619261926192619216e-01 2.433243324332433344e-01 3.117311731173117439e-01 2.532253225322532164e-01 2.469246924692469203e-01
3.417341734173417467e-01 2.562256225622562278e-01 2.352235223522352314e-01 3.357335733573357239e-01 2.718271827182718314e-01 2.445244524452445112e-01 3.144314431443144264e-01 2.430243024302430332e-01 2.001200120012001094e-01 3.468346834683468383e-01 2.694269426942694223e-01 2.658265826582658087e-01
3.039303930393039144e-01 2.400240024002400219e-01 2.205220522052205312e-01 3.153315331533153576e-01 2.631263126312631262e-01 2.679267926792679444e-01 3.315331533153315080e-01 2.574257425742574323e-01 2.652265226522652064e-01 3.150315031503150287e-01 2.526252625262526141e-01 2.553255325532553521e-01
3.624362436243624419e-01 2.703270327032703535e-01 2.571257125712571034e-01 3.204320432043204492e-01 2.664266426642664110e-01 2.541254125412541476e-01 3.000300030003000273e-01 2.439243924392439367e-01 2.298229822982298109e-01 3.363336333633363262e-01 2.748274827482748428e-01 2.613261326132613194e-01
3.030303030303030387e-01 2.496249624962496305e-01 2.460246024602460169e-01 3.120312031203120173e-01 2.520252025202520119e-01 2.664266426642664110e-01 3.624362436243624419e-01 2.844284428442844237e-01 2.790279027902790032e-01 3.180318031803180401e-01 2.526252625262526141e-01 2.430243024302430332e-01
3.177317731773177112e-01 2.517251725172517385e-01 2.523252325232523408e-01 3.150315031503150287e-01 2.559255925592558989e-01 2.655265526552655353e-01 3.390339033903390087e-01 2.676267626762676155e-01 2.469246924692469203e-01 3.045304530453045166e-01 2.586258625862586369e-01 2.502250225022502050e-01
