9.822999999999999510e-01 9.808999999999999941e-01 9.838999999999999968e-01 9.806000000000000272e-01
9.550999999999999490e-01 9.557999999999999829e-01 9.668999999999999817e-01 9.562000000000000499e-01
9.405000000000000027e-01 9.465000000000000080e-01 9.465999999999999970e-01 9.478999999999999648e-01
9.171000000000000263e-01 9.213000000000000078e-01 9.209000000000000519e-01 9.256999999999999673e-01
8.925999999999999490e-01 9.184999999999999831e-01 8.960000000000000187e-01 8.949000000000000288e-01
9.001000000000000112e-01 8.696000000000000396e-01 8.747000000000000330e-01 8.774999999999999467e-01
8.801999999999999824e-01 8.578000000000000069e-01 8.940000000000000169e-01 8.487999999999999989e-01
8.689999999999999947e-01 8.283000000000000362e-01 8.607000000000000206e-01 8.669000000000000039e-01
8.185999999999999943e-01 7.933000000000000052e-01 8.105999999999999872e-01 7.969000000000000528e-01
8.071000000000000396e-01 7.971000000000000307e-01 8.297999999999999821e-01 7.931000000000000272e-01
7.900000000000000355e-01 8.033000000000000140e-01 8.068999999999999506e-01 7.970000000000000417e-01
7.634999999999999565e-01 8.026999999999999691e-01 7.674999999999999600e-01 7.617000000000000437e-01
7.607000000000000428e-01 7.344000000000000528e-01 7.596000000000000529e-01 7.392999999999999572e-01
7.234000000000000430e-01 7.769000000000000350e-01 7.776999999999999469e-01 7.357000000000000206e-01
7.084000000000000297e-01 6.963000000000000300e-01 7.702999999999999847e-01 7.217000000000000082e-01
7.170999999999999597e-01 7.481999999999999762e-01 7.450999999999999845e-01 6.977999999999999758e-01
6.953000000000000291e-01 6.864000000000000101e-01 6.972000000000000419e-01 6.801000000000000378e-01
6.706999999999999629e-01 6.670000000000000373e-01 6.804000000000000048e-01 7.235000000000000320e-01
6.877999999999999670e-01 6.685999999999999721e-01 7.055000000000000160e-01 6.591000000000000192e-01
7.005000000000000115e-01 6.310000000000000053e-01 6.535999999999999588e-01 7.008999999999999675e-01
6.340999999999999970e-01 6.915999999999999925e-01 6.321999999999999842e-01 6.464999999999999636e-01
6.461000000000000076e-01 6.367000000000000437e-01 6.232999999999999652e-01 6.070999999999999730e-01
6.532000000000000028e-01 6.001999999999999558e-01 6.120999999999999774e-01 6.207000000000000295e-01
5.834000000000000297e-01 5.944000000000000394e-01 6.531000000000000139e-01 6.330999999999999961e-01
6.513999999999999790e-01 5.812000000000000499e-01 5.816999999999999948e-01 6.020999999999999686e-01
6.393999999999999684e-01 5.864000000000000323e-01 5.738999999999999657e-01 6.381999999999999895e-01
6.066000000000000281e-01 6.238000000000000211e-01 6.298000000000000265e-01 5.567999999999999616e-01
5.545999999999999819e-01 6.200999999999999845e-01 5.436999999999999611e-01 5.563000000000000167e-01
5.366999999999999549e-01 5.659999999999999476e-01 5.968999999999999861e-01 5.387999999999999456e-01
5.967000000000000082e-01 5.306999999999999496e-01 5.312000000000000055e-01 5.407999999999999474e-01
5.969999999999999751e-01 5.199000000000000288e-01 5.229000000000000314e-01 5.151999999999999913e-01
5.090000000000000080e-01 5.890999999999999570e-01 5.855000000000000204e-01 5.197000000000000508e-01
5.695999999999999952e-01 5.030999999999999917e-01 5.098000000000000309e-01 5.106000000000000538e-01
5.472000000000000197e-01 5.602000000000000313e-01 5.724000000000000199e-01 4.998000000000000220e-01
4.830999999999999739e-01 5.102999999999999758e-01 5.548999999999999488e-01 4.949999999999999956e-01
4.842000000000000193e-01 4.835999999999999743e-01 4.954000000000000070e-01 4.968000000000000194e-01
4.776000000000000245e-01 4.991999999999999771e-01 4.701000000000000179e-01 4.668999999999999817e-01
4.753999999999999893e-01 4.697999999999999954e-01 5.303999999999999826e-01 4.577999999999999847e-01
4.551000000000000045e-01 5.286999999999999478e-01 4.596999999999999975e-01 5.198000000000000398e-01
5.217000000000000526e-01 4.663999999999999813e-01 4.929999999999999938e-01 5.221000000000000085e-01
4.615000000000000213e-01 4.686000000000000165e-01 5.125999999999999446e-01 4.539000000000000257e-01
4.420999999999999930e-01 4.447999999999999732e-01 4.582999999999999852e-01 4.431999999999999829e-01
4.999000000000000110e-01 4.998000000000000220e-01 4.378000000000000225e-01 4.364999999999999991e-01
4.388000000000000234e-01 4.510000000000000120e-01 4.441999999999999837e-01 4.275999999999999801e-01
4.872000000000000219e-01 4.314000000000000057e-01 4.173999999999999932e-01 4.457999999999999741e-01
4.459000000000000186e-01 4.791000000000000258e-01 4.239999999999999880e-01 4.490999999999999992e-01
4.199999999999999845e-01 4.127000000000000113e-01 4.290999999999999814e-01 4.067000000000000060e-01
4.709999999999999742e-01 4.114999999999999769e-01 4.415999999999999925e-01 4.210999999999999743e-01
4.198000000000000065e-01 4.485999999999999988e-01 4.238000000000000100e-01 4.556999999999999940e-01
4.229999999999999871e-01 4.283000000000000140e-01 4.113999999999999879e-01 4.603999999999999759e-01
4.138000000000000012e-01 3.946000000000000063e-01 3.926000000000000045e-01 4.082000000000000073e-01
3.776999999999999802e-01 4.559000000000000274e-01 4.076000000000000179e-01 3.785999999999999921e-01
4.042000000000000037e-01 3.886999999999999900e-01 4.446999999999999842e-01 4.455000000000000071e-01
4.113999999999999879e-01 4.112000000000000099e-01 4.339999999999999969e-01 4.326999999999999735e-01
3.820000000000000062e-01 3.820999999999999952e-01 4.378000000000000225e-01 3.774000000000000132e-01
3.951000000000000068e-01 3.788000000000000256e-01 3.680999999999999828e-01 3.763000000000000234e-01
3.780000000000000027e-01 3.950000000000000178e-01 3.687000000000000277e-01 3.739000000000000101e-01
3.628000000000000114e-01 4.126000000000000223e-01 3.659000000000000030e-01 4.235999999999999766e-01
3.598999999999999977e-01 3.599999999999999867e-01 4.114999999999999769e-01 3.886999999999999900e-01
3.750000000000000000e-01 4.172000000000000153e-01 3.674999999999999933e-01 3.879000000000000226e-01
4.092000000000000082e-01 3.474999999999999756e-01 3.607000000000000206e-01 3.521000000000000241e-01
3.602000000000000202e-01 4.133999999999999897e-01 3.447000000000000064e-01 3.569999999999999840e-01
3.995000000000000218e-01 3.620999999999999774e-01 3.459999999999999742e-01 3.397999999999999909e-01
3.467000000000000082e-01 3.468999999999999861e-01 3.977999999999999869e-01 3.840000000000000080e-01
3.403999999999999804e-01 3.575999999999999734e-01 3.579999999999999849e-01 3.738000000000000211e-01
3.899000000000000243e-01 3.376000000000000112e-01 3.381000000000000116e-01 3.271999999999999909e-01
3.795000000000000040e-01 3.846999999999999864e-01 3.382999999999999896e-01 3.664999999999999925e-01
3.271999999999999909e-01 3.696999999999999731e-01 3.831999999999999851e-01 3.291000000000000036e-01
3.427000000000000046e-01 3.265000000000000124e-01 3.346000000000000085e-01 3.575999999999999734e-01
3.659999999999999920e-01 3.318999999999999728e-01 3.217999999999999750e-01 3.222999999999999754e-01
3.267999999999999794e-01 3.242999999999999772e-01 3.699000000000000066e-01 3.422999999999999932e-01
3.734000000000000097e-01 3.718000000000000194e-01 3.159000000000000141e-01 3.267999999999999794e-01
3.381000000000000116e-01 3.175999999999999934e-01 3.241999999999999882e-01 3.222999999999999754e-01
3.599999999999999867e-01 3.153000000000000247e-01 3.627000000000000224e-01 3.704000000000000070e-01
3.589999999999999858e-01 3.220999999999999974e-01 3.155999999999999917e-01 3.103000000000000203e-01
3.236999999999999877e-01 3.522000000000000131e-01 3.101999999999999758e-01 3.517000000000000126e-01
3.068000000000000171e-01 3.236999999999999877e-01 3.261999999999999900e-01 3.058000000000000163e-01
3.549999999999999822e-01 3.096999999999999753e-01 2.982000000000000206e-01 3.291999999999999926e-01
3.165000000000000036e-01 3.079999999999999960e-01 3.588999999999999968e-01 3.267999999999999794e-01
3.103000000000000203e-01 3.215999999999999970e-01 3.459999999999999742e-01 3.038000000000000145e-01
