1.011101110111010781e+00 1.003900390039003332e+00 9.888988898889877754e-01 9.996999699969987274e-01
1.005100510051004425e+00 1.007500750075006168e+00 9.984998499849975229e-01 1.020102010201019205e+00
1.020102010201019871e+00 9.717971797179704163e-01 1.008400840084007211e+00 9.612961296129594047e-01
9.864986498649864766e-01 9.933993399339927644e-01 9.930993099309924910e-01 1.020102010201018983e+00
1.041404140414040391e+00 1.015901590159015377e+00 9.375937593759372524e-01 1.008100810081007825e+00
9.942994299429930294e-01 9.561956195619554233e-01 1.021302130213020742e+00 1.045304530453044833e+00
9.351935193519338441e-01 9.531953195319524674e-01 9.918991899189907313e-01 9.849984998499842215e-01
1.018601860186017616e+00 1.056705670567056554e+00 1.030303030303029388e+00 1.080408040804080594e+00
1.037803780378037111e+00 1.010501050105010457e+00 9.420942094209414641e-01 9.360936093609361075e-01
8.772877287728765294e-01 1.006000600060005246e+00 9.687968796879683486e-01 1.016201620162016539e+00
9.270927092709267958e-01 9.561956195619563115e-01 9.921992199219920039e-01 8.988898889888984334e-01
9.459945994599457952e-01 9.915991599159915681e-01 9.831983198319829143e-01 9.276927692769270095e-01
9.825982598259823675e-01 9.801980198019805135e-01 9.558955895589553720e-01 9.813981398139813850e-01
8.895889588958890704e-01 1.032403240324033078e+00 9.624962496249617194e-01 8.745874587458739580e-01
9.492949294929493576e-01 9.093909390939096671e-01 9.861986198619859811e-01 9.558955895589550389e-01
8.799879987998799891e-01 1.001500150015001145e+00 1.003600360036002392e+00 9.582958295829582251e-01
9.093909390939082238e-01 9.567956795679567472e-01 9.183918391839172024e-01 9.768976897689760630e-01
9.126912691269126743e-01 9.375937593759375854e-01 9.441944194419444880e-01 9.036903690369039177e-01
9.348934893489349029e-01 9.534953495349531849e-01 9.441944194419439329e-01 9.309930993099305718e-01
9.879987998799880655e-01 9.099909990999102138e-01 8.337833783378332253e-01 1.006600660066006236e+00
8.826882688268826715e-01 9.009900990099003470e-01 9.504950495049510062e-01 8.541854185418545908e-01
9.957995799579951735e-01 9.519951995199520400e-01 9.384938493849377394e-01 9.240924092409241730e-01
9.666966696669666570e-01 9.018901890189012782e-01 8.904890489048902236e-01 8.919891989198924787e-01
8.445844584458441773e-01 7.875787578757873497e-01 9.450945094509455302e-01 9.138913891389139899e-01
9.102910291029104872e-01 8.379837983798382739e-01 8.913891389138914878e-01 8.436843684368435792e-01
9.306930693069301874e-01 8.775877587758774689e-01 8.886888688868881392e-01 9.636963696369637011e-01
7.200720072007200656e-01 8.853885388538844659e-01 8.892889288928881308e-01 8.373837383738375051e-01
8.403840384038403499e-01 9.501950195019502887e-01 8.163816381638167030e-01 8.343834383438343272e-01
8.682868286828684390e-01 8.097809780978096894e-01 8.595859585958594007e-01 8.271827182718272109e-01
9.006900690069004067e-01 7.317731773177317267e-01 7.926792679267923303e-01 8.466846684668467571e-01
8.928892889288932988e-01 7.785778577857788152e-01 7.989798979897992925e-01 8.436843684368441343e-01
7.857785778577854874e-01 8.715871587158718903e-01 8.337833783378340025e-01 7.803780378037805665e-01
7.722772277227717419e-01 7.866786678667866406e-01 8.157815781578154901e-01 7.758775877587754666e-01
7.950795079507946284e-01 7.914791479147911257e-01 7.983798379837985237e-01 7.743774377437742107e-01
7.413741374137412521e-01 8.670867086708673455e-01 9.009900990099009022e-01 7.821782178217820958e-01
6.588658865886589666e-01 7.737773777377739970e-01 7.365736573657365449e-01 6.762676267626762661e-01
7.704770477047707677e-01 7.674767476747675898e-01 6.486648664866485614e-01 7.905790579057901946e-01
7.728772877287727328e-01 7.557755775577559287e-01 8.292829282928291246e-01 7.185718571857186987e-01
6.483648364836485101e-01 8.055805580558054180e-01 7.053705370537052266e-01 7.272727272727270709e-01
7.710771077107708704e-01 7.578757875787575093e-01 8.262826282628262797e-01 8.352835283528351473e-01
6.843684368436845356e-01 7.332733273327334267e-01 8.637863786378637831e-01 7.908790879087908010e-01
7.440744074407443787e-01 7.440744074407441566e-01 6.390639063906387030e-01 7.389738973897389540e-01
7.464746474647465657e-01 7.596759675967595937e-01 6.426642664266428717e-01 7.131713171317131117e-01
7.167716771677165033e-01 7.020702070207024414e-01 6.573657365736572666e-01 6.669666966696665700e-01
7.560756075607559801e-01 6.309630963096310996e-01 6.000600060005997216e-01 6.156615661566152697e-01
7.731773177317733392e-01 7.209720972097211078e-01 5.955595559555955099e-01 6.579657965796580354e-01
6.528652865286529439e-01 5.595559555955594844e-01 7.113711371137112494e-01 6.048604860486046508e-01
7.479747974797480436e-01 5.940594059405938099e-01 6.273627362736272639e-01 6.258625862586253419e-01
7.416741674167420806e-01 6.939693969396938389e-01 6.822682268226821778e-01 7.224722472247228078e-01
6.003600360036005501e-01 6.099609960996097424e-01 6.480648064806482367e-01 6.990699069906995966e-01
5.826582658265820891e-01 6.345634563456349353e-01 5.727572757275727344e-01 6.570657065706573263e-01
6.048604860486049839e-01 6.996699669966998103e-01 6.024602460246026858e-01 6.453645364536452211e-01
7.152715271527155805e-01 5.889588958895889403e-01 7.014701470147013396e-01 7.410741074107415338e-01
6.483648364836479550e-01 5.838583858385839598e-01 6.471647164716470835e-01 6.576657665766578731e-01
5.376537653765374181e-01 5.913591359135911274e-01 6.471647164716473055e-01 5.700570057005696079e-01
5.823582358235820378e-01 5.151515151515150270e-01 5.952595259525953475e-01 5.439543954395439362e-01
5.691569156915694538e-01 5.787578757875787572e-01 5.076507650765075264e-01 6.258625862586258970e-01
5.184518451845184783e-01 6.366636663666365159e-01 5.811581158115809442e-01 6.516651665166517393e-01
5.268526852685269102e-01 5.376537653765375291e-01 6.873687368736868253e-01 5.274527452745272349e-01
5.058505850585057750e-01 6.477647764776479633e-01 5.385538553855381272e-01 5.802580258025800131e-01
6.183618361836182853e-01 6.042604260426044371e-01 5.538553855385539570e-01 5.061506150615059374e-01
5.949594959495949631e-01 6.816681668166816310e-01 5.547554755475548882e-01 5.637563756375635338e-01
6.732673267326733102e-01 5.502550255025503434e-01 5.064506450645064328e-01 5.061506150615062705e-01
4.992499249924992055e-01 4.611461146114611553e-01 5.394539453945391694e-01 5.343534353435342998e-01
4.569456945694570504e-01 6.069606960696070086e-01 6.108610861086112287e-01 5.496549654965497966e-01
5.733573357335735032e-01 4.413441344134410582e-01 4.560456045604556752e-01 4.716471647164718894e-01
6.135613561356133561e-01 5.622562256225623889e-01 4.701470147014700229e-01 4.722472247224719366e-01
3.975397539753974252e-01 5.109510951095107556e-01 5.799579957995795176e-01 4.245424542454244166e-01
5.100510051005096024e-01 4.059405940594056350e-01 4.827482748274827817e-01 4.617461746174614801e-01
5.607560756075609110e-01 4.995499549954993124e-01 5.139513951395139335e-01 4.632463246324632911e-01
5.292529252925295413e-01 4.413441344134408917e-01 5.907590759075905806e-01 4.641464146414639447e-01
5.544554455445541707e-01 5.535553555355534616e-01 4.830483048304829441e-01 4.983498349834982744e-01
4.281428142814276971e-01 4.587458745874584687e-01 4.548454845484551368e-01 4.704470447044703518e-01
5.001500150014996926e-01 4.083408340834081551e-01 4.968496849684961858e-01 5.391539153915387850e-01
5.148514851485146426e-01 4.446444644464448981e-01 4.008400840084008210e-01 4.224422442244225584e-01
4.917491749174915383e-01 4.362436243624358556e-01 4.143414341434142889e-01 4.980498049804981675e-01
4.122412241224121532e-01 4.245424542454245831e-01 4.875487548754872669e-01 4.425442544254425958e-01
5.334533453345332576e-01 4.161416141614163178e-01 3.981398139813982495e-01 4.458445844584456585e-01
4.062406240624059639e-01 4.464446444644465939e-01 5.130513051305126693e-01 4.392439243924392556e-01
4.503450345034503699e-01 4.428442844284430358e-01 4.611461146114609333e-01 3.879387938793876778e-01
