8.266000000000000014e-01 8.255000000000000115e-01 8.202000000000000401e-01 8.219999999999999529e-01
7.200999999999999623e-01 6.651000000000000245e-01 7.167000000000000037e-01 7.090999999999999526e-01
5.869999999999999662e-01 6.022999999999999465e-01 5.679999999999999494e-01 6.198000000000000176e-01
4.515000000000000124e-01 4.703999999999999848e-01 5.121999999999999886e-01 4.849999999999999867e-01
4.223000000000000087e-01 4.126000000000000223e-01 4.038999999999999813e-01 4.285999999999999810e-01
3.816999999999999837e-01 3.356999999999999984e-01 3.140000000000000013e-01 3.155000000000000027e-01
3.153000000000000247e-01 3.163000000000000256e-01 3.227999999999999758e-01 3.225000000000000089e-01
2.268000000000000016e-01 2.363999999999999990e-01 2.056999999999999940e-01 2.416000000000000092e-01
1.640000000000000069e-01 1.817000000000000004e-01 1.948000000000000009e-01 1.673000000000000043e-01
1.552000000000000046e-01 1.602999999999999980e-01 1.741000000000000048e-01 1.492999999999999883e-01
1.433000000000000107e-01 1.569000000000000117e-01 1.164000000000000035e-01 1.155999999999999944e-01
9.719999999999999474e-02 1.095000000000000001e-01 9.379999999999999449e-02 1.330999999999999961e-01
8.079999999999999682e-02 7.119999999999999940e-02 1.472999999999999865e-01 9.700000000000000289e-02
7.979999999999999594e-02 6.740000000000000158e-02 7.449999999999999678e-02 7.670000000000000429e-02
5.739999999999999963e-02 5.929999999999999855e-02 6.199999999999999956e-02 5.500000000000000028e-02
5.689999999999999919e-02 5.040000000000000036e-02 5.020000000000000157e-02 5.059999999999999915e-02
3.889999999999999708e-02 3.960000000000000325e-02 4.220000000000000140e-02 3.509999999999999926e-02
3.200000000000000067e-02 3.339999999999999913e-02 2.759999999999999953e-02 2.819999999999999937e-02
2.100000000000000130e-02 3.209999999999999659e-02 3.289999999999999869e-02 2.850000000000000103e-02
1.799999999999999864e-02 3.629999999999999893e-02 2.330000000000000127e-02 2.029999999999999860e-02
1.529999999999999936e-02 1.870000000000000134e-02 1.190000000000000085e-02 1.590000000000000094e-02
1.849999999999999908e-02 1.629999999999999852e-02 1.089999999999999997e-02 1.830000000000000029e-02
1.490000000000000005e-02 1.039999999999999952e-02 1.359999999999999924e-02 1.179999999999999973e-02
1.129999999999999928e-02 1.239999999999999956e-02 1.110000000000000049e-02 1.940000000000000058e-02
7.300000000000000065e-03 1.170000000000000033e-02 1.290000000000000001e-02 7.700000000000000247e-03
7.499999999999999722e-03 7.100000000000000408e-03 5.199999999999999761e-03 9.100000000000000450e-03
8.999999999999999320e-03 7.199999999999999803e-03 6.199999999999999782e-03 7.400000000000000328e-03
6.700000000000000226e-03 6.799999999999999621e-03 6.899999999999999883e-03 1.069999999999999944e-02
4.300000000000000003e-03 7.100000000000000408e-03 5.199999999999999761e-03 6.400000000000000307e-03
3.500000000000000073e-03 3.799999999999999992e-03 6.000000000000000125e-03 2.200000000000000133e-03
2.700000000000000143e-03 3.399999999999999811e-03 4.499999999999999660e-03 6.599999999999999964e-03
4.000000000000000083e-03 4.400000000000000265e-03 3.200000000000000153e-03 2.799999999999999972e-03
1.699999999999999905e-03 4.100000000000000346e-03 2.399999999999999790e-03 2.399999999999999790e-03
1.600000000000000077e-03 1.600000000000000077e-03 2.200000000000000133e-03 2.500000000000000052e-03
2.000000000000000042e-03 2.399999999999999790e-03 1.500000000000000031e-03 2.700000000000000143e-03
3.200000000000000153e-03 3.399999999999999811e-03 2.399999999999999790e-03 2.200000000000000133e-03
1.799999999999999951e-03 2.299999999999999961e-03 1.699999999999999905e-03 2.500000000000000052e-03
1.600000000000000077e-03 2.099999999999999870e-03 2.200000000000000133e-03 2.099999999999999870e-03
2.000000000000000042e-03 1.199999999999999895e-03 2.500000000000000052e-03 1.699999999999999905e-03
1.399999999999999986e-03 1.299999999999999940e-03 8.000000000000000383e-04 1.299999999999999940e-03
