8.145814581458146186e-01 7.386738673867386806e-01 6.840684068406840401e-01 8.361836183618361895e-01 7.824782478247824802e-01 7.059705970597059954e-01 8.250825082508250752e-01 7.461746174617461813e-01 7.005700570057005194e-01 8.310831083108310979e-01 7.641764176417641385e-01 7.116711671167116338e-01
7.212721272127212702e-01 5.838583858385838488e-01 4.680468046804680537e-01 6.591659165916591290e-01 4.881488148814881467e-01 3.768376837683768410e-01 7.176717671767176565e-01 5.553555355535553240e-01 4.587458745874587462e-01 7.128712871287128383e-01 5.691569156915691208e-01 4.638463846384638378e-01
5.952595259525952365e-01 3.948394839483948537e-01 2.787278727872787298e-01 6.033603360336033949e-01 4.239423942394239253e-01 2.775277527752775253e-01 5.571557155715571863e-01 3.708370837083708182e-01 2.325232523252325212e-01 6.231623162316232145e-01 4.344434443444344374e-01 3.207320732073207226e-01
4.521452145214521212e-01 2.385238523852385162e-01 1.221122112211221189e-01 4.710471047104710651e-01 2.619261926192619216e-01 1.542154215421542018e-01 5.271527152715271836e-01 3.054305430543054478e-01 1.773177317731773062e-01 4.758475847584758278e-01 2.694269426942694223e-01 1.440144014401440187e-01
4.197419741974197649e-01 2.061206120612061321e-01 1.062106210621062141e-01 3.912391239123912401e-01 1.827182718271827266e-01 1.014101410141014098e-01 4.131413141314131399e-01 1.929192919291929098e-01 9.240924092409240342e-02 4.488448844884488365e-01 2.271227122712271285e-01 1.203120312031203121e-01
4.062406240624062415e-01 1.614161416141614291e-01 8.730873087308731184e-02 3.435343534353435535e-01 1.434143414341434164e-01 7.200720072007200934e-02 3.222322232223222560e-01 1.149114911491149055e-01 5.040504050405040376e-02 3.183318331833183135e-01 1.203120312031203121e-01 4.650465046504650285e-02
3.063306330633063235e-01 9.930993099309931571e-02 4.890489048904890501e-02 3.102310231023102105e-01 1.176117611761176157e-01 3.840384038403840683e-02 3.198319831983198469e-01 1.164116411641164112e-01 5.160516051605160831e-02 3.291329132913291544e-01 1.275127512751275116e-01 4.650465046504650285e-02
2.394239423942394196e-01 6.870687068706871070e-02 2.160216021602160211e-02 2.253225322532253216e-01 7.290729072907291275e-02 2.580258025802580416e-02 2.079207920792079112e-01 5.340534053405340820e-02 1.860186018601860114e-02 2.403240324032403230e-01 7.860786078607860661e-02 3.270327032703270603e-02
1.611161116111611280e-01 2.700270027002700177e-02 1.110111011101110046e-02 1.767176717671767039e-01 3.810381038103810569e-02 1.530153015301530077e-02 1.986198619861986314e-01 4.890489048904890501e-02 1.290129012901290208e-02 1.623162316231623048e-01 3.480348034803480012e-02 1.350135013501350088e-02
1.530153015301530250e-01 3.270327032703270603e-02 9.900990099009901110e-03 1.596159615961596223e-01 3.600360036003600467e-02 1.110111011101110046e-02 1.773177317731773062e-01 4.380438043804380649e-02 1.290129012901290208e-02 1.527152715271527239e-01 3.480348034803480012e-02 9.600960096009601707e-03
1.521152115211521216e-01 2.880288028802880165e-02 6.600660066006600740e-03 1.560156015601560087e-01 3.300330033003300023e-02 1.080108010801080105e-02 1.215121512151215166e-01 2.190219021902190324e-02 5.100510051005100257e-03 1.122112211221122091e-01 1.860186018601860114e-02 4.200420042004200313e-03
1.008100810081008075e-01 1.500150015001500137e-02 4.500450045004500584e-03 1.062106210621062141e-01 2.190219021902190324e-02 5.400540054005400527e-03 9.870987098709871344e-02 1.470147014701470196e-02 5.400540054005400527e-03 1.326132613261326032e-01 2.340234023402340199e-02 4.800480048004800854e-03
7.710771077107710092e-02 1.020102010201020051e-02 2.400240024002400427e-03 6.750675067506750615e-02 1.110111011101110046e-02 3.000300030003000100e-03 1.494149414941494114e-01 3.780378037803780455e-02 9.900990099009901110e-03 9.690969096909690661e-02 1.770177017701770120e-02 4.500450045004500584e-03
7.050705070507050365e-02 1.260126012601260094e-02 3.300330033003300370e-03 6.450645064506450865e-02 4.500450045004500584e-03 2.100210021002100157e-03 7.500750075007500683e-02 1.230123012301230154e-02 2.400240024002400427e-03 7.500750075007500683e-02 9.000900090009001167e-03 2.400240024002400427e-03
6.420642064206420752e-02 5.100510051005100257e-03 1.200120012001200213e-03 5.580558055805580342e-02 8.100810081008101224e-03 1.500150015001500050e-03 6.000600060006000547e-02 8.100810081008101224e-03 1.500150015001500050e-03 5.400540054005400353e-02 6.900690069006901010e-03 2.100210021002100157e-03
5.100510051005100604e-02 8.400840084008400627e-03 2.100210021002100157e-03 5.580558055805580342e-02 4.500450045004500584e-03 1.200120012001200213e-03 4.800480048004800160e-02 3.900390039003900477e-03 1.800180018001800103e-03 5.610561056105610456e-02 5.400540054005400527e-03 1.800180018001800103e-03
3.990399039903990558e-02 6.600660066006600740e-03 1.500150015001500050e-03 4.440444044404440183e-02 2.700270027002700263e-03 2.100210021002100157e-03 3.720372037203720228e-02 2.700270027002700263e-03 1.500150015001500050e-03 3.660366036603660694e-02 2.700270027002700263e-03 1.500150015001500050e-03
3.150315031503150148e-02 5.100510051005100257e-03 2.100210021002100157e-03 3.090309030903090268e-02 2.400240024002400427e-03 1.200120012001200213e-03 2.910291029102910279e-02 3.600360036003600207e-03 2.100210021002100157e-03 2.610261026102610182e-02 3.000300030003000534e-04 1.800180018001800103e-03
2.460246024602460307e-02 1.200120012001200213e-03 1.500150015001500050e-03 3.390339033903390364e-02 3.600360036003600207e-03 3.000300030003000100e-03 3.300330033003300023e-02 5.400540054005400527e-03 3.000300030003000100e-03 2.580258025802580416e-02 3.300330033003300370e-03 2.400240024002400427e-03
1.950195019501950108e-02 1.800180018001800103e-03 9.000900090009000517e-04 3.750375037503750342e-02 6.000600060006000200e-03 1.200120012001200213e-03 2.100210021002100330e-02 2.100210021002100157e-03 2.400240024002400427e-03 1.950195019501950108e-02 1.200120012001200213e-03 3.000300030003000534e-04
1.740174017401740006e-02 9.000900090009000517e-04 1.500150015001500050e-03 2.130213021302130097e-02 1.800180018001800103e-03 1.200120012001200213e-03 1.380138013801380202e-02 1.200120012001200213e-03 9.000900090009000517e-04 1.530153015301530077e-02 2.400240024002400427e-03 1.200120012001200213e-03
2.340234023402340199e-02 1.500150015001500050e-03 1.200120012001200213e-03 1.770177017701770120e-02 2.400240024002400427e-03 6.000600060006001067e-04 1.620162016201620245e-02 9.000900090009000517e-04 1.200120012001200213e-03 1.980198019801980222e-02 2.700270027002700263e-03 1.200120012001200213e-03
1.260126012601260094e-02 2.400240024002400427e-03 1.500150015001500050e-03 1.320132013201320148e-02 1.200120012001200213e-03 3.000300030003000534e-04 1.380138013801380202e-02 1.500150015001500050e-03 1.800180018001800103e-03 1.260126012601260094e-02 9.000900090009000517e-04 1.200120012001200213e-03
1.020102010201020051e-02 2.100210021002100157e-03 1.200120012001200213e-03 9.600960096009601707e-03 1.500150015001500050e-03 6.000600060006001067e-04 1.140114011401140159e-02 9.000900090009000517e-04 3.000300030003000534e-04 1.590159015901590131e-02 1.800180018001800103e-03 3.000300030003000534e-04
6.300630063006300470e-03 1.200120012001200213e-03 1.800180018001800103e-03 1.230123012301230154e-02 2.100210021002100157e-03 1.800180018001800103e-03 1.230123012301230154e-02 2.100210021002100157e-03 2.100210021002100157e-03 9.900990099009901110e-03 1.200120012001200213e-03 1.800180018001800103e-03
7.500750075007500683e-03 1.800180018001800103e-03 2.400240024002400427e-03 8.400840084008400627e-03 1.800180018001800103e-03 9.000900090009000517e-04 6.900690069006901010e-03 6.000600060006001067e-04 1.500150015001500050e-03 6.600660066006600740e-03 1.200120012001200213e-03 3.000300030003000534e-04
9.600960096009601707e-03 9.000900090009000517e-04 1.200120012001200213e-03 8.100810081008101224e-03 9.000900090009000517e-04 2.100210021002100157e-03 4.800480048004800854e-03 1.200120012001200213e-03 1.500150015001500050e-03 5.400540054005400527e-03 9.000900090009000517e-04 2.400240024002400427e-03
8.700870087008700030e-03 6.000600060006001067e-04 1.500150015001500050e-03 6.600660066006600740e-03 9.000900090009000517e-04 1.200120012001200213e-03 9.300930093009300570e-03 1.500150015001500050e-03 9.000900090009000517e-04 7.800780078007800954e-03 1.500150015001500050e-03 9.000900090009000517e-04
4.200420042004200313e-03 1.500150015001500050e-03 9.000900090009000517e-04 4.800480048004800854e-03 1.500150015001500050e-03 6.000600060006001067e-04 5.700570057005700797e-03 0.000000000000000000e+00 9.000900090009000517e-04 7.500750075007500683e-03 2.700270027002700263e-03 1.500150015001500050e-03
2.100210021002100157e-03 9.000900090009000517e-04 1.200120012001200213e-03 4.200420042004200313e-03 9.000900090009000517e-04 9.000900090009000517e-04 4.200420042004200313e-03 9.000900090009000517e-04 0.000000000000000000e+00 3.900390039003900477e-03 3.000300030003000534e-04 6.000600060006001067e-04
4.800480048004800854e-03 0.000000000000000000e+00 2.100210021002100157e-03 2.400240024002400427e-03 9.000900090009000517e-04 9.000900090009000517e-04 7.500750075007500683e-03 1.200120012001200213e-03 1.800180018001800103e-03 4.200420042004200313e-03 1.200120012001200213e-03 1.800180018001800103e-03
3.300330033003300370e-03 1.500150015001500050e-03 0.000000000000000000e+00 2.400240024002400427e-03 3.000300030003000534e-04 9.000900090009000517e-04 3.600360036003600207e-03 3.000300030003000534e-04 9.000900090009000517e-04 3.300330033003300370e-03 9.000900090009000517e-04 6.000600060006001067e-04
3.000300030003000100e-03 3.000300030003000534e-04 0.000000000000000000e+00 2.100210021002100157e-03 9.000900090009000517e-04 9.000900090009000517e-04 3.900390039003900477e-03 1.200120012001200213e-03 9.000900090009000517e-04 4.200420042004200313e-03 1.800180018001800103e-03 6.000600060006001067e-04
1.500150015001500050e-03 1.800180018001800103e-03 6.000600060006001067e-04 1.200120012001200213e-03 1.800180018001800103e-03 6.000600060006001067e-04 2.700270027002700263e-03 9.000900090009000517e-04 6.000600060006001067e-04 2.400240024002400427e-03 6.000600060006001067e-04 3.000300030003000534e-04
1.800180018001800103e-03 9.000900090009000517e-04 6.000600060006001067e-04 2.700270027002700263e-03 2.100210021002100157e-03 2.100210021002100157e-03 2.100210021002100157e-03 1.800180018001800103e-03 1.200120012001200213e-03 1.500150015001500050e-03 1.500150015001500050e-03 1.500150015001500050e-03
4.200420042004200313e-03 1.800180018001800103e-03 1.800180018001800103e-03 1.800180018001800103e-03 9.000900090009000517e-04 9.000900090009000517e-04 3.000300030003000100e-03 3.000300030003000534e-04 9.000900090009000517e-04 2.100210021002100157e-03 1.200120012001200213e-03 9.000900090009000517e-04
1.500150015001500050e-03 6.000600060006001067e-04 1.200120012001200213e-03 1.800180018001800103e-03 6.000600060006001067e-04 3.000300030003000534e-04 1.800180018001800103e-03 1.200120012001200213e-03 3.000300030003000534e-04 1.800180018001800103e-03 9.000900090009000517e-04 1.200120012001200213e-03
2.100210021002100157e-03 0.000000000000000000e+00 9.000900090009000517e-04 6.000600060006001067e-04 9.000900090009000517e-04 6.000600060006001067e-04 1.500150015001500050e-03 1.800180018001800103e-03 6.000600060006001067e-04 1.800180018001800103e-03 1.500150015001500050e-03 9.000900090009000517e-04
1.800180018001800103e-03 6.000600060006001067e-04 1.200120012001200213e-03 3.000300030003000534e-04 1.500150015001500050e-03 1.500150015001500050e-03 1.200120012001200213e-03 9.000900090009000517e-04 9.000900090009000517e-04 2.100210021002100157e-03 1.200120012001200213e-03 9.000900090009000517e-04
2.100210021002100157e-03 9.000900090009000517e-04 3.000300030003000534e-04 9.000900090009000517e-04 9.000900090009000517e-04 9.000900090009000517e-04 1.200120012001200213e-03 1.200120012001200213e-03 6.000600060006001067e-04 2.400240024002400427e-03 6.000600060006001067e-04 1.500150015001500050e-03
