9.117911791179112990e-01 8.670867086708661242e-01 9.372937293729366459e-01 9.123912391239112907e-01
8.802880288028797073e-01 8.898889888988893437e-01 9.456945694569459659e-01 8.949894989498946574e-01
8.799879987998806552e-01 8.157815781578160452e-01 7.914791479147913478e-01 8.868886888688873871e-01
7.629762976297629340e-01 7.815781578157823262e-01 8.424842484248430408e-01 7.632763276327634294e-01
7.470747074707480007e-01 7.269726972697276857e-01 7.530753075307540234e-01 7.854785478547859912e-01
8.217821782178224010e-01 6.723672367236727121e-01 6.723672367236734893e-01 6.405640564056412911e-01
6.699669966996707471e-01 6.162616261626169267e-01 6.618661866186628107e-01 6.513651365136519100e-01
5.337533753375344192e-01 4.830483048304834992e-01 4.821482148214827346e-01 5.178517851785184867e-01
4.134413441344140794e-01 4.311431143114318743e-01 4.620462046204627526e-01 3.960396039603967244e-01
3.708370837083713734e-01 3.819381938193824877e-01 4.134413441344138573e-01 3.633363336333639282e-01
3.765376537653771227e-01 3.798379837983804075e-01 3.039303930393042474e-01 2.850285028502854145e-01
2.619261926192622547e-01 2.583258325832586966e-01 2.574257425742578764e-01 3.324332433243327722e-01
2.031203120312034538e-01 1.722172217221725754e-01 3.447344734473452021e-01 2.421242124212425462e-01
1.770177017701772826e-01 1.821182118211824852e-01 1.905190519051908060e-01 2.004200420042007991e-01
1.785178517851788715e-01 1.446144614461448152e-01 1.572157215721574908e-01 1.434143414341436384e-01
1.299129912991300873e-01 1.551155115511554106e-01 1.341134113411343309e-01 1.539153915391542060e-01
1.014101410141016041e-01 1.272127212721274325e-01 1.050105010501051761e-01 1.032103210321034248e-01
8.130813081308144175e-02 8.670867086708687610e-02 7.860786078607874539e-02 7.920792079207933378e-02
7.170717071707181922e-02 9.390939093909404789e-02 8.580858085808595881e-02 6.990699069907002627e-02
5.400540054005410762e-02 9.570957095709585472e-02 5.910591059105922002e-02 5.520552055205529829e-02
5.100510051005111012e-02 5.970597059705980147e-02 3.870387038703877736e-02 3.990399039903997497e-02
6.690669066906700102e-02 4.650465046504657918e-02 4.710471047104718145e-02 5.250525052505258805e-02
3.210321032103215233e-02 3.630363036303636132e-02 3.870387038703877042e-02 3.630363036303636132e-02
2.550255025502554118e-02 2.490249024902494585e-02 3.180318031803187201e-02 4.260426042604267133e-02
1.710171017101713015e-02 3.240324032403246041e-02 3.270327032703274767e-02 2.790279027902795028e-02
1.950195019501953231e-02 2.070207020702072992e-02 2.040204020402044613e-02 1.650165016501652787e-02
2.730273027302735495e-02 2.370237023702373783e-02 1.230123012301232235e-02 1.590159015901592907e-02
2.580258025802583885e-02 1.830183018301832776e-02 2.430243024302434357e-02 1.980198019801983345e-02
9.000900090009009841e-03 1.050105010501051553e-02 1.800180018001803356e-02 1.590159015901591519e-02
4.800480048004806058e-03 1.080108010801081667e-02 9.900990099009914988e-03 1.140114011401142241e-02
1.650165016501653828e-02 5.400540054005404864e-03 2.070207020702074727e-02 1.080108010801081840e-02
5.400540054005401394e-03 7.200720072007216893e-03 1.080108010801082187e-02 7.800780078007811362e-03
8.100810081008111632e-03 4.500450045004505788e-03 9.000900090009013310e-03 7.800780078007807025e-03
-3.000300030003101364e-04 -1.200120012001211055e-03 6.000600060006009741e-03 5.700570057005706869e-03
3.300330033003301671e-03 3.900390039003900911e-03 2.100210021002098422e-03 1.500150015001500267e-03
9.000900090009011575e-03 3.600360036003603242e-03 9.000900090009021984e-03 3.600360036003603242e-03
3.900390039003905247e-03 3.900390039003905247e-03 2.100210021002097988e-03 3.900390039003906548e-03
7.200720072007215158e-03 -3.000300030003036312e-04 -3.000300030003101364e-04 1.800180018001797284e-03
4.800480048004808660e-03 -2.100210021002106228e-03 1.800180018001800754e-03 3.600360036003603242e-03
3.900390039003903513e-03 9.000900090008975580e-04 6.000600060005958783e-04 6.900690069006914021e-03
