8.703870387038703527e-01 8.181818181818182323e-01 7.593759375937594314e-01 8.757875787578758287e-01 8.436843684368436902e-01 7.761776177617761840e-01 8.634863486348635098e-01 8.400840084008400765e-01 7.941794179417941413e-01 8.883888388838884209e-01 8.319831983198320291e-01 8.124812481248124829e-01
8.208820882088209148e-01 7.197719771977197922e-01 6.558655865586558997e-01 7.398739873987398852e-01 5.952595259525952365e-01 4.860486048604860665e-01 7.464746474647464547e-01 6.297629762976297840e-01 5.166516651665166160e-01 8.175817581758175745e-01 7.383738373837384072e-01 6.648664866486648783e-01
7.356735673567357248e-01 5.916591659165916228e-01 4.971497149714971253e-01 7.068706870687068156e-01 5.646564656465646870e-01 4.488448844884488365e-01 7.113711371137113604e-01 5.523552355235523681e-01 4.485448544854485631e-01 7.161716171617161786e-01 5.862586258625862579e-01 4.725472547254725431e-01
6.114611461146114424e-01 4.212421242124212428e-01 2.727272727272727071e-01 6.285628562856285795e-01 4.515451545154515189e-01 3.174317431743174378e-01 6.441644164416441276e-01 4.434443444344434715e-01 3.210321032103210515e-01 6.408640864086408984e-01 4.692469246924692583e-01 3.372337233723372574e-01
5.766576657665766215e-01 3.699369936993699426e-01 2.601260126012601148e-01 5.814581458145814397e-01 3.672367236723672601e-01 2.595259525952595125e-01 5.463546354635463453e-01 3.693369336933693403e-01 2.454245424542454146e-01 5.934593459345934852e-01 3.855385538553855462e-01 2.475247524752475226e-01
5.478547854785478233e-01 3.369336933693369285e-01 2.298229822982298109e-01 4.905490549054905558e-01 2.712271227122712292e-01 1.470147014701470023e-01 5.271527152715271836e-01 3.000300030003000273e-01 1.671167116711671230e-01 4.875487548754875444e-01 2.799279927992799344e-01 1.716171617161716123e-01
4.386438643864386533e-01 2.256225622562256228e-01 1.242124212421242130e-01 5.067506750675067062e-01 2.883288328832883107e-01 1.689168916891689298e-01 4.830483048304830551e-01 2.826282628262826169e-01 1.716171617161716123e-01 4.221422142214221185e-01 2.088208820882088146e-01 1.161116111611161100e-01
3.990399039903990142e-01 1.836183618361836301e-01 1.017101710171017109e-01 4.206420642064206405e-01 2.082208220822082123e-01 1.146114611461146182e-01 3.606360636063606351e-01 1.758175817581758282e-01 9.420942094209421025e-02 3.786378637863786478e-01 1.614161416141614291e-01 7.830783078307830547e-02
3.540354035403540101e-01 1.512151215121512182e-01 8.010801080108011230e-02 3.294329432943294278e-01 1.437143714371437175e-01 6.270627062706270183e-02 3.618361836183618396e-01 1.644164416441644128e-01 9.120912091209121275e-02 3.972397239723972628e-01 1.704170417041704078e-01 1.002100210021002052e-01
2.730273027302730360e-01 9.810981098109811116e-02 5.010501050105010262e-02 4.053405340534053658e-01 2.040204020402040241e-01 1.104110411041104162e-01 3.246324632463246096e-01 1.446144614461446209e-01 7.290729072907291275e-02 3.291329132913291544e-01 1.581158115811581166e-01 7.920792079207920888e-02
2.481248124812481248e-01 8.790879087908791412e-02 4.770477047704770740e-02 2.826282628262826169e-01 1.056105610561056118e-01 4.710471047104710512e-02 2.880288028802880373e-01 9.120912091209121275e-02 5.430543054305430467e-02 2.964296429642964137e-01 1.152115211521152066e-01 6.270627062706270183e-02
2.196219621962196278e-01 8.730873087308731184e-02 3.540354035403540239e-02 2.223222322232223103e-01 6.780678067806780729e-02 3.000300030003000273e-02 2.133213321332133316e-01 6.120612061206120308e-02 2.850285028502850398e-02 2.862286228622862305e-01 9.450945094509451139e-02 4.680468046804680399e-02
2.268226822682268273e-01 6.870687068706871070e-02 3.750375037503750342e-02 2.145214521452145084e-01 6.750675067506750615e-02 2.880288028802880165e-02 2.208220822082208323e-01 7.560756075607560911e-02 4.020402040204020672e-02 2.115211521152115248e-01 6.330633063306330410e-02 2.880288028802880165e-02
1.710171017101710100e-01 5.910591059105910899e-02 2.640264026402640296e-02 1.821182118211821244e-01 4.980498049804980842e-02 2.520252025202520188e-02 2.079207920792079112e-01 6.060606060606060774e-02 3.390339033903390364e-02 2.100210021002100191e-01 6.330633063306330410e-02 3.360336033603360251e-02
1.671167116711671230e-01 5.220522052205220365e-02 2.880288028802880165e-02 2.118211821182118260e-01 7.080708070807080479e-02 3.840384038403840683e-02 1.872187218721872159e-01 5.370537053705370240e-02 2.820282028202820285e-02 1.689168916891689298e-01 5.040504050405040376e-02 1.650165016501650012e-02
2.325232523252325212e-01 8.010801080108011230e-02 4.380438043804380649e-02 1.620162016201620037e-01 4.800480048004800160e-02 2.520252025202520188e-02 1.530153015301530250e-01 3.900390039003900217e-02 2.220222022202220091e-02 1.824182418241824255e-01 5.610561056105610456e-02 3.000300030003000273e-02
1.536153615361536273e-01 4.650465046504650285e-02 2.430243024302430194e-02 1.389138913891389271e-01 3.510351035103510126e-02 1.890189018901890228e-02 1.296129612961296196e-01 2.760276027602760404e-02 1.710171017101710239e-02 1.296129612961296196e-01 3.360336033603360251e-02 1.980198019801980222e-02
1.032103210321032166e-01 2.250225022502250205e-02 1.710171017101710239e-02 1.224122412241224062e-01 2.310231023102310086e-02 1.830183018301830347e-02 1.161116111611161100e-01 3.330333033303330137e-02 1.710171017101710239e-02 9.750975097509750888e-02 2.430243024302430194e-02 1.560156015601560191e-02
9.270927092709270456e-02 2.160216021602160211e-02 1.890189018901890228e-02 1.131113111311131125e-01 3.300330033003300023e-02 1.890189018901890228e-02 1.230123012301230084e-01 3.840384038403840683e-02 1.770177017701770120e-02 1.137113711371137148e-01 2.520252025202520188e-02 1.620162016201620245e-02
1.092109210921092116e-01 2.880288028802880165e-02 1.950195019501950108e-02 9.480948094809481252e-02 2.520252025202520188e-02 1.710171017101710239e-02 9.900990099009901457e-02 2.700270027002700177e-02 1.920192019201920341e-02 9.570957095709571594e-02 2.520252025202520188e-02 1.800180018001800233e-02
7.950795079507951002e-02 2.490249024902490421e-02 2.010201020102010336e-02 1.137113711371137148e-01 3.450345034503450592e-02 2.430243024302430194e-02 8.730873087308731184e-02 2.220222022202220091e-02 1.530153015301530077e-02 9.060906090609061048e-02 2.370237023702370313e-02 1.500150015001500137e-02
8.100810081008100183e-02 2.100210021002100330e-02 1.530153015301530077e-02 1.134113411341134137e-01 2.940294029402940393e-02 1.980198019801980222e-02 6.120612061206120308e-02 1.740174017401740006e-02 1.770177017701770120e-02 1.176117611761176157e-01 4.350435043504350535e-02 1.890189018901890228e-02
8.640864086408640843e-02 2.700270027002700177e-02 2.520252025202520188e-02 7.290729072907291275e-02 2.220222022202220091e-02 1.680168016801680125e-02 8.670867086708670957e-02 2.790279027902790171e-02 1.950195019501950108e-02 7.290729072907291275e-02 2.220222022202220091e-02 1.710171017101710239e-02
4.620462046204620171e-02 1.620162016201620245e-02 1.740174017401740006e-02 6.150615061506150422e-02 2.700270027002700177e-02 1.560156015601560191e-02 5.700570057005700797e-02 1.920192019201920341e-02 1.470147014701470196e-02 8.640864086408640843e-02 3.240324032403240490e-02 1.680168016801680125e-02
5.820582058205820558e-02 1.290129012901290208e-02 1.800180018001800233e-02 5.100510051005100604e-02 1.770177017701770120e-02 1.590159015901590131e-02 5.160516051605160831e-02 1.980198019801980222e-02 1.650165016501650012e-02 4.620462046204620171e-02 1.410141014101410142e-02 1.860186018601860114e-02
4.260426042604260194e-02 1.530153015301530077e-02 1.440144014401440083e-02 7.800780078007800433e-02 1.740174017401740006e-02 1.590159015901590131e-02 4.890489048904890501e-02 2.100210021002100330e-02 1.560156015601560191e-02 5.730573057305730911e-02 1.500150015001500137e-02 1.590159015901590131e-02
4.560456045604560638e-02 1.770177017701770120e-02 1.350135013501350088e-02 5.250525052505250478e-02 1.410141014101410142e-02 1.140114011401140159e-02 4.620462046204620171e-02 1.620162016201620245e-02 1.410141014101410142e-02 4.260426042604260194e-02 1.800180018001800233e-02 1.500150015001500137e-02
4.140414041404140433e-02 1.680168016801680125e-02 1.230123012301230154e-02 5.130513051305130717e-02 2.100210021002100330e-02 1.560156015601560191e-02 5.370537053705370240e-02 1.680168016801680125e-02 1.530153015301530077e-02 4.470447044704470296e-02 1.440144014401440083e-02 1.680168016801680125e-02
3.870387038703870103e-02 1.620162016201620245e-02 1.530153015301530077e-02 3.510351035103510126e-02 1.890189018901890228e-02 1.680168016801680125e-02 3.450345034503450592e-02 1.500150015001500137e-02 1.350135013501350088e-02 4.620462046204620171e-02 1.920192019201920341e-02 1.320132013201320148e-02
4.980498049804980842e-02 1.800180018001800233e-02 1.590159015901590131e-02 3.120312031203120381e-02 1.500150015001500137e-02 1.770177017701770120e-02 3.000300030003000273e-02 1.410141014101410142e-02 1.800180018001800233e-02 4.350435043504350535e-02 1.890189018901890228e-02 1.560156015601560191e-02
3.420342034203420478e-02 1.830183018301830347e-02 1.410141014101410142e-02 2.430243024302430194e-02 1.170117011701170100e-02 1.290129012901290208e-02 3.300330033003300023e-02 1.620162016201620245e-02 1.410141014101410142e-02 3.750375037503750342e-02 1.290129012901290208e-02 1.740174017401740006e-02
2.640264026402640296e-02 1.230123012301230154e-02 1.470147014701470196e-02 2.970297029702970160e-02 1.530153015301530077e-02 1.170117011701170100e-02 3.390339033903390364e-02 1.650165016501650012e-02 1.680168016801680125e-02 2.970297029702970160e-02 1.530153015301530077e-02 1.770177017701770120e-02
3.060306030603060154e-02 1.380138013801380202e-02 1.440144014401440083e-02 6.060606060606060774e-02 2.280228022802280319e-02 1.740174017401740006e-02 3.000300030003000273e-02 1.500150015001500137e-02 1.080108010801080105e-02 3.180318031803180262e-02 1.440144014401440083e-02 1.980198019801980222e-02
3.600360036003600467e-02 2.190219021902190324e-02 1.470147014701470196e-02 3.000300030003000273e-02 1.440144014401440083e-02 1.500150015001500137e-02 3.330333033303330137e-02 1.500150015001500137e-02 1.470147014701470196e-02 2.790279027902790171e-02 1.530153015301530077e-02 1.410141014101410142e-02
3.210321032103210376e-02 1.530153015301530077e-02 1.470147014701470196e-02 2.610261026102610182e-02 1.560156015601560191e-02 1.590159015901590131e-02 3.120312031203120381e-02 1.530153015301530077e-02 1.560156015601560191e-02 2.940294029402940393e-02 1.800180018001800233e-02 1.590159015901590131e-02
3.000300030003000273e-02 1.530153015301530077e-02 2.010201020102010336e-02 2.610261026102610182e-02 1.500150015001500137e-02 1.560156015601560191e-02 2.340234023402340199e-02 1.890189018901890228e-02 1.950195019501950108e-02 2.250225022502250205e-02 1.410141014101410142e-02 1.680168016801680125e-02
2.490249024902490421e-02 1.320132013201320148e-02 1.740174017401740006e-02 2.610261026102610182e-02 1.620162016201620245e-02 1.710171017101710239e-02 2.670267026702670410e-02 1.530153015301530077e-02 1.980198019801980222e-02 2.400240024002400080e-02 1.860186018601860114e-02 2.070207020702070216e-02
2.280228022802280319e-02 1.380138013801380202e-02 1.410141014101410142e-02 2.190219021902190324e-02 1.200120012001200040e-02 1.620162016201620245e-02 2.850285028502850398e-02 1.590159015901590131e-02 1.410141014101410142e-02 2.580258025802580416e-02 1.560156015601560191e-02 1.710171017101710239e-02
2.400240024002400080e-02 1.770177017701770120e-02 1.200120012001200040e-02 2.280228022802280319e-02 1.530153015301530077e-02 1.590159015901590131e-02 2.190219021902190324e-02 1.680168016801680125e-02 1.170117011701170100e-02 2.460246024602460307e-02 1.410141014101410142e-02 1.650165016501650012e-02
2.730273027302730290e-02 1.800180018001800233e-02 1.770177017701770120e-02 2.250225022502250205e-02 1.590159015901590131e-02 1.350135013501350088e-02 2.100210021002100330e-02 1.950195019501950108e-02 1.710171017101710239e-02 2.640264026402640296e-02 1.380138013801380202e-02 1.770177017701770120e-02
1.830183018301830347e-02 1.260126012601260094e-02 1.740174017401740006e-02 2.220222022202220091e-02 1.500150015001500137e-02 1.470147014701470196e-02 2.190219021902190324e-02 1.350135013501350088e-02 1.740174017401740006e-02 2.040204020402040103e-02 1.890189018901890228e-02 1.260126012601260094e-02
2.010201020102010336e-02 1.530153015301530077e-02 1.650165016501650012e-02 2.160216021602160211e-02 1.290129012901290208e-02 1.320132013201320148e-02 1.800180018001800233e-02 1.650165016501650012e-02 1.440144014401440083e-02 2.310231023102310086e-02 1.350135013501350088e-02 1.680168016801680125e-02
1.740174017401740006e-02 1.620162016201620245e-02 1.740174017401740006e-02 2.400240024002400080e-02 1.800180018001800233e-02 1.380138013801380202e-02 2.070207020702070216e-02 1.140114011401140159e-02 1.500150015001500137e-02 2.070207020702070216e-02 1.560156015601560191e-02 1.650165016501650012e-02
1.680168016801680125e-02 1.560156015601560191e-02 1.530153015301530077e-02 1.710171017101710239e-02 2.070207020702070216e-02 1.620162016201620245e-02 1.860186018601860114e-02 1.410141014101410142e-02 1.410141014101410142e-02 1.860186018601860114e-02 1.620162016201620245e-02 1.470147014701470196e-02
1.560156015601560191e-02 1.890189018901890228e-02 1.530153015301530077e-02 1.980198019801980222e-02 1.560156015601560191e-02 1.920192019201920341e-02 1.860186018601860114e-02 1.860186018601860114e-02 1.350135013501350088e-02 1.830183018301830347e-02 1.410141014101410142e-02 1.440144014401440083e-02
1.530153015301530077e-02 1.590159015901590131e-02 1.230123012301230154e-02 2.460246024602460307e-02 1.620162016201620245e-02 1.800180018001800233e-02 2.340234023402340199e-02 1.320132013201320148e-02 1.650165016501650012e-02 2.160216021602160211e-02 1.260126012601260094e-02 1.350135013501350088e-02
1.830183018301830347e-02 1.200120012001200040e-02 1.500150015001500137e-02 2.100210021002100330e-02 1.380138013801380202e-02 1.230123012301230154e-02 1.350135013501350088e-02 1.620162016201620245e-02 1.230123012301230154e-02 1.530153015301530077e-02 1.440144014401440083e-02 1.290129012901290208e-02
2.100210021002100330e-02 1.380138013801380202e-02 1.560156015601560191e-02 1.650165016501650012e-02 1.920192019201920341e-02 1.620162016201620245e-02 1.830183018301830347e-02 1.710171017101710239e-02 1.830183018301830347e-02 2.220222022202220091e-02 1.620162016201620245e-02 1.230123012301230154e-02
2.070207020702070216e-02 1.830183018301830347e-02 1.530153015301530077e-02 1.650165016501650012e-02 1.500150015001500137e-02 1.590159015901590131e-02 1.350135013501350088e-02 1.530153015301530077e-02 1.680168016801680125e-02 1.650165016501650012e-02 1.470147014701470196e-02 1.770177017701770120e-02
1.710171017101710239e-02 1.260126012601260094e-02 1.350135013501350088e-02 2.100210021002100330e-02 1.500150015001500137e-02 1.950195019501950108e-02 1.770177017701770120e-02 1.920192019201920341e-02 1.320132013201320148e-02 1.710171017101710239e-02 1.500150015001500137e-02 1.200120012001200040e-02
