8.680999999999999828e-01 8.709000000000000075e-01 8.703999999999999515e-01 8.781999999999999806e-01
8.254000000000000226e-01 7.408000000000000140e-01 7.548000000000000265e-01 8.165999999999999925e-01
7.460999999999999854e-01 7.203000000000000513e-01 7.122000000000000552e-01 7.203000000000000513e-01
6.150999999999999801e-01 6.308000000000000274e-01 6.336000000000000520e-01 6.324999999999999512e-01
5.833000000000000407e-01 5.927999999999999936e-01 5.601000000000000423e-01 5.817999999999999838e-01
5.467999999999999527e-01 4.854999999999999871e-01 5.060000000000000053e-01 4.819999999999999840e-01
4.275999999999999801e-01 5.031999999999999806e-01 4.899000000000000021e-01 4.313000000000000167e-01
3.942999999999999838e-01 4.119999999999999774e-01 3.609999999999999876e-01 3.657000000000000250e-01
3.503000000000000003e-01 3.350000000000000200e-01 3.509999999999999787e-01 3.901000000000000023e-01
2.761000000000000121e-01 3.941000000000000059e-01 3.365000000000000213e-01 3.395000000000000240e-01
2.679000000000000270e-01 2.802000000000000046e-01 2.760000000000000231e-01 2.916000000000000258e-01
2.257000000000000117e-01 2.290000000000000091e-01 2.245999999999999941e-01 2.781000000000000139e-01
2.194000000000000117e-01 2.101000000000000090e-01 2.303000000000000047e-01 2.109999999999999931e-01
1.728000000000000091e-01 1.832000000000000017e-01 1.995000000000000107e-01 2.018000000000000071e-01
1.797999999999999876e-01 2.210000000000000020e-01 1.917999999999999983e-01 1.617000000000000104e-01
2.316000000000000003e-01 1.608999999999999875e-01 1.521000000000000130e-01 1.796999999999999986e-01
1.554999999999999993e-01 1.340000000000000080e-01 1.264000000000000123e-01 1.358000000000000040e-01
1.039999999999999952e-01 1.071000000000000008e-01 1.077000000000000041e-01 9.850000000000000422e-02
9.669999999999999429e-02 1.088999999999999968e-01 1.262000000000000066e-01 1.092999999999999944e-01
1.129000000000000004e-01 9.929999999999999938e-02 1.001999999999999974e-01 9.610000000000000486e-02
8.749999999999999445e-02 1.131000000000000061e-01 8.240000000000000102e-02 8.200000000000000344e-02
7.839999999999999747e-02 1.173000000000000015e-01 6.210000000000000242e-02 1.190999999999999975e-01
8.409999999999999420e-02 7.639999999999999569e-02 8.669999999999999929e-02 8.390000000000000235e-02
5.319999999999999729e-02 6.410000000000000420e-02 6.199999999999999956e-02 8.909999999999999865e-02
6.289999999999999758e-02 5.050000000000000322e-02 5.569999999999999951e-02 4.989999999999999991e-02
5.020000000000000157e-02 8.609999999999999598e-02 5.299999999999999850e-02 5.770000000000000129e-02
4.639999999999999680e-02 5.369999999999999774e-02 4.689999999999999725e-02 4.610000000000000209e-02
4.410000000000000031e-02 5.360000000000000181e-02 5.800000000000000294e-02 4.170000000000000095e-02
3.819999999999999785e-02 3.699999999999999817e-02 3.670000000000000345e-02 4.420000000000000318e-02
4.540000000000000285e-02 3.250000000000000111e-02 3.670000000000000345e-02 4.390000000000000152e-02
3.660000000000000059e-02 2.910000000000000087e-02 3.400000000000000244e-02 3.119999999999999857e-02
3.239999999999999825e-02 2.740000000000000074e-02 3.099999999999999978e-02 2.960000000000000131e-02
2.860000000000000042e-02 6.119999999999999746e-02 3.169999999999999901e-02 2.709999999999999909e-02
3.389999999999999958e-02 3.070000000000000159e-02 3.109999999999999917e-02 2.730000000000000135e-02
3.030000000000000054e-02 3.209999999999999659e-02 3.169999999999999901e-02 2.580000000000000002e-02
3.239999999999999825e-02 2.920000000000000026e-02 2.680000000000000090e-02 2.599999999999999881e-02
2.460000000000000034e-02 2.309999999999999901e-02 2.340000000000000066e-02 3.139999999999999736e-02
2.189999999999999933e-02 2.359999999999999945e-02 2.999999999999999889e-02 2.299999999999999961e-02
2.539999999999999897e-02 2.479999999999999913e-02 2.230000000000000038e-02 2.170000000000000054e-02
2.299999999999999961e-02 2.350000000000000006e-02 2.199999999999999872e-02 2.050000000000000086e-02
2.139999999999999888e-02 2.170000000000000054e-02 1.849999999999999908e-02 1.949999999999999997e-02
1.729999999999999941e-02 2.330000000000000127e-02 1.930000000000000118e-02 2.019999999999999921e-02
1.720000000000000001e-02 2.079999999999999905e-02 1.930000000000000118e-02 1.959999999999999937e-02
1.959999999999999937e-02 1.870000000000000134e-02 1.820000000000000090e-02 2.069999999999999965e-02
2.029999999999999860e-02 1.899999999999999953e-02 2.089999999999999844e-02 1.949999999999999997e-02
1.820000000000000090e-02 1.830000000000000029e-02 1.720000000000000001e-02 1.930000000000000118e-02
1.549999999999999989e-02 1.849999999999999908e-02 1.820000000000000090e-02 1.839999999999999969e-02
1.600000000000000033e-02 1.700000000000000122e-02 1.890000000000000013e-02 1.490000000000000005e-02
1.519999999999999997e-02 1.660000000000000017e-02 1.799999999999999864e-02 1.549999999999999989e-02
1.499999999999999944e-02 1.729999999999999941e-02 1.830000000000000029e-02 1.870000000000000134e-02
