9.159915991599150153e-01 8.724872487248731545e-01 8.643864386438641079e-01 9.816981698169815473e-01
9.591959195919590453e-01 9.198919891989194575e-01 8.667866786678659619e-01 9.024902490249012699e-01
9.291929192919291536e-01 8.754875487548746671e-01 9.255925592559254289e-01 8.622862286228616391e-01
8.433843384338430837e-01 8.484848484848492856e-01 9.231923192319230198e-01 8.520852085208521220e-01
8.802880288028804845e-01 9.021902190219027728e-01 7.764776477647766795e-01 8.712871287128719500e-01
8.625862586258628006e-01 8.049804980498053153e-01 8.484848484848487304e-01 7.944794479447948587e-01
7.632763276327638735e-01 8.241824182418249212e-01 7.728772877287735099e-01 7.560756075607572013e-01
7.479747974797488208e-01 7.518751875187524858e-01 6.486648664866490055e-01 7.299729972997308636e-01
6.885688568856893621e-01 6.198619861986206514e-01 6.834683468346840485e-01 7.806780678067812840e-01
5.748574857485753142e-01 7.143714371437149824e-01 6.129612961296134754e-01 5.922592259225928357e-01
5.283528352835289432e-01 5.781578157815787655e-01 6.447644764476455626e-01 6.063606360636071280e-01
4.323432343234327457e-01 4.935493549354941223e-01 4.848484848484855281e-01 6.219621962196225651e-01
5.118511851185125749e-01 4.698469846984703602e-01 4.758475847584765495e-01 4.734473447344741404e-01
3.621362136213627236e-01 4.221422142214226181e-01 4.758475847584763829e-01 4.737473747374744693e-01
3.735373537353740558e-01 4.614461446144617618e-01 4.287428742874292431e-01 3.720372037203725779e-01
5.010501050105015119e-01 3.672367236723675932e-01 3.642364236423649149e-01 4.089408940894095346e-01
3.456345634563462443e-01 3.303330333033309141e-01 3.231323132313235202e-01 3.078307830783081345e-01
2.592259225922596833e-01 3.162316231623167329e-01 2.655265526552658129e-01 2.352235223522356200e-01
2.322232223222325254e-01 2.592259225922596277e-01 2.715271527152718911e-01 2.817281728172821298e-01
2.607260726072611057e-01 2.259225922592262570e-01 2.352235223522355645e-01 2.295229522952297041e-01
1.839183918391840700e-01 2.619261926192623102e-01 2.106210621062109545e-01 2.157215721572161293e-01
1.953195319531956242e-01 2.718271827182722755e-01 1.491149114911493878e-01 2.412241224122414762e-01
2.034203420342036994e-01 1.689168916891692074e-01 1.959195919591962265e-01 1.692169216921695085e-01
1.074107410741074881e-01 1.191119111911191908e-01 1.281128112811282804e-01 1.788178817881789784e-01
1.539153915391541227e-01 1.158115811581159893e-01 1.119111911191120606e-01 1.149114911491151136e-01
9.630963096309637372e-02 1.977197719771980056e-01 9.930993099309938510e-02 1.428142814281430917e-01
9.720972097209733265e-02 1.266126612661268025e-01 1.041104110411042311e-01 8.880888088808891467e-02
8.610861086108619056e-02 1.065106510651066679e-01 1.260126012601262280e-01 1.077107710771078725e-01
8.280828082808289192e-02 6.540654065406543982e-02 7.200720072007210648e-02 9.420942094209432127e-02
1.113111311131115000e-01 6.630663066306639875e-02 6.570657065706578259e-02 8.940894089408948919e-02
6.180618061806188168e-02 5.070507050705082286e-02 6.450645064506455029e-02 9.120912091209139316e-02
5.700570057005706348e-02 5.490549054905496940e-02 6.900690069006910898e-02 6.090609060906099909e-02
6.480648064806486530e-02 1.308130813081310184e-01 5.580558055805582424e-02 7.200720072007210648e-02
5.700570057005704266e-02 6.180618061806188862e-02 6.960696069606968350e-02 5.190519051905195108e-02
6.510651065106518032e-02 4.740474047404744096e-02 6.330633063306334574e-02 5.010501050105015813e-02
6.420642064206433242e-02 4.890489048904893971e-02 3.300330033003300717e-02 4.200420042004204824e-02
5.250525052505259499e-02 4.680468046804686644e-02 5.400540054005409374e-02 3.690369036903689420e-02
4.110411041104113788e-02 4.590459045904599078e-02 5.190519051905194414e-02 4.770477047704776985e-02
3.090309030903090615e-02 3.840384038403844846e-02 2.700270027002699483e-02 4.800480048004808487e-02
4.560456045604564801e-02 3.330333033303332219e-02 2.160216021602160558e-02 5.550555055505556473e-02
3.450345034503456143e-02 3.630363036303632662e-02 4.260426042604265745e-02 1.710171017101708157e-02
3.090309030903092349e-02 3.930393039303932412e-02 1.890189018901889187e-02 4.560456045604562025e-02
2.100210021002100677e-02 3.180318031803180262e-02 4.290429042904296553e-02 3.180318031803181650e-02
1.890189018901889534e-02 5.400540054005357159e-03 2.760276027602762833e-02 2.190219021902189284e-02
5.400540054005340679e-03 3.180318031803183731e-02 1.350135013501345925e-02 2.700270027002702258e-02
1.050105010501046869e-02 4.320432043204325973e-02 4.710471047104716064e-02 4.050405040504052173e-02
3.390339033903395222e-02 3.390339033903393834e-02 4.200420042004138731e-03 1.560156015601557936e-02
3.720372037203723004e-02 8.100810081008045713e-03 2.190219021902189978e-02 3.030303030303028305e-02
2.250225022502248817e-02 2.040204020402040103e-02 1.140114011401137384e-02 2.310231023102310433e-02
2.700270027002702258e-02 3.750375037503754505e-02 8.700870087008637579e-03 1.830183018301828959e-02
