1.200000000000000000e+01 1.200000000000000000e+01 1.200000000000000000e+01 1.200000000000000000e+01
3.400000000000000000e+01 3.400000000000000000e+01 3.400000000000000000e+01 3.400000000000000000e+01
6.200000000000000000e+01 5.800000000000000000e+01 5.800000000000000000e+01 5.800000000000000000e+01
8.200000000000000000e+01 8.400000000000000000e+01 8.000000000000000000e+01 8.400000000000000000e+01
1.060000000000000000e+02 1.080000000000000000e+02 1.060000000000000000e+02 9.800000000000000000e+01
1.320000000000000000e+02 1.340000000000000000e+02 1.300000000000000000e+02 1.320000000000000000e+02
1.560000000000000000e+02 1.540000000000000000e+02 1.500000000000000000e+02 1.560000000000000000e+02
1.840000000000000000e+02 1.720000000000000000e+02 1.720000000000000000e+02 1.800000000000000000e+02
1.980000000000000000e+02 2.020000000000000000e+02 1.980000000000000000e+02 2.000000000000000000e+02
2.260000000000000000e+02 2.320000000000000000e+02 2.220000000000000000e+02 2.180000000000000000e+02
2.580000000000000000e+02 2.460000000000000000e+02 2.420000000000000000e+02 2.420000000000000000e+02
2.740000000000000000e+02 2.700000000000000000e+02 2.660000000000000000e+02 2.640000000000000000e+02
2.900000000000000000e+02 2.920000000000000000e+02 2.980000000000000000e+02 2.960000000000000000e+02
3.240000000000000000e+02 3.220000000000000000e+02 3.100000000000000000e+02 3.280000000000000000e+02
3.520000000000000000e+02 3.440000000000000000e+02 3.520000000000000000e+02 3.360000000000000000e+02
3.680000000000000000e+02 3.720000000000000000e+02 3.780000000000000000e+02 3.660000000000000000e+02
3.820000000000000000e+02 3.900000000000000000e+02 4.000000000000000000e+02 3.940000000000000000e+02
4.120000000000000000e+02 4.100000000000000000e+02 4.120000000000000000e+02 4.040000000000000000e+02
4.320000000000000000e+02 4.440000000000000000e+02 4.440000000000000000e+02 4.400000000000000000e+02
4.500000000000000000e+02 4.580000000000000000e+02 4.480000000000000000e+02 4.580000000000000000e+02
4.760000000000000000e+02 4.960000000000000000e+02 4.920000000000000000e+02 4.820000000000000000e+02
5.180000000000000000e+02 5.140000000000000000e+02 4.920000000000000000e+02 5.160000000000000000e+02
5.320000000000000000e+02 5.380000000000000000e+02 5.200000000000000000e+02 5.240000000000000000e+02
5.580000000000000000e+02 5.500000000000000000e+02 5.520000000000000000e+02 5.640000000000000000e+02
5.800000000000000000e+02 5.900000000000000000e+02 5.760000000000000000e+02 5.680000000000000000e+02
5.880000000000000000e+02 6.020000000000000000e+02 6.020000000000000000e+02 6.160000000000000000e+02
6.220000000000000000e+02 6.240000000000000000e+02 6.200000000000000000e+02 6.300000000000000000e+02
6.420000000000000000e+02 6.620000000000000000e+02 6.500000000000000000e+02 6.540000000000000000e+02
6.780000000000000000e+02 6.780000000000000000e+02 7.000000000000000000e+02 6.720000000000000000e+02
7.000000000000000000e+02 7.040000000000000000e+02 7.020000000000000000e+02 6.760000000000000000e+02
7.220000000000000000e+02 7.160000000000000000e+02 7.280000000000000000e+02 7.260000000000000000e+02
7.400000000000000000e+02 7.420000000000000000e+02 7.520000000000000000e+02 7.580000000000000000e+02
7.680000000000000000e+02 7.700000000000000000e+02 7.580000000000000000e+02 7.720000000000000000e+02
8.080000000000000000e+02 7.920000000000000000e+02 7.960000000000000000e+02 7.860000000000000000e+02
8.040000000000000000e+02 8.060000000000000000e+02 8.240000000000000000e+02 8.080000000000000000e+02
8.160000000000000000e+02 8.440000000000000000e+02 8.460000000000000000e+02 8.500000000000000000e+02
8.820000000000000000e+02 8.540000000000000000e+02 8.680000000000000000e+02 8.700000000000000000e+02
9.020000000000000000e+02 8.760000000000000000e+02 8.960000000000000000e+02 8.840000000000000000e+02
9.180000000000000000e+02 9.220000000000000000e+02 9.140000000000000000e+02 9.100000000000000000e+02
9.300000000000000000e+02 9.380000000000000000e+02 9.280000000000000000e+02 9.400000000000000000e+02
