9.170000000000000373e-01 9.179000000000000492e-01 9.207999999999999519e-01 9.040000000000000258e-01
8.058999999999999497e-01 7.967999999999999527e-01 8.126999999999999780e-01 7.966999999999999638e-01
7.173000000000000487e-01 7.042000000000000481e-01 7.227000000000000091e-01 6.999999999999999556e-01
6.249000000000000110e-01 6.049999999999999822e-01 6.322999999999999732e-01 6.350000000000000089e-01
5.613000000000000211e-01 5.556999999999999718e-01 5.610000000000000542e-01 5.823000000000000398e-01
4.919000000000000039e-01 4.466999999999999860e-01 4.934000000000000052e-01 4.904000000000000026e-01
4.485000000000000098e-01 4.423000000000000265e-01 4.996999999999999775e-01 4.335999999999999854e-01
3.865999999999999992e-01 3.598000000000000087e-01 3.842999999999999750e-01 3.564999999999999836e-01
3.398999999999999799e-01 3.562000000000000166e-01 3.313999999999999724e-01 3.121999999999999775e-01
2.877000000000000113e-01 2.814999999999999725e-01 3.022000000000000242e-01 2.813999999999999835e-01
2.280000000000000082e-01 2.516999999999999793e-01 2.500000000000000000e-01 2.662999999999999812e-01
2.064000000000000001e-01 2.265999999999999959e-01 2.407999999999999863e-01 2.237999999999999989e-01
2.305999999999999994e-01 2.298999999999999932e-01 1.998999999999999944e-01 1.860999999999999877e-01
1.443000000000000116e-01 1.723000000000000087e-01 1.864000000000000101e-01 1.479000000000000037e-01
1.300999999999999934e-01 1.507999999999999896e-01 1.371999999999999886e-01 1.728000000000000091e-01
1.481000000000000094e-01 1.108999999999999986e-01 1.121000000000000052e-01 1.383000000000000063e-01
1.189999999999999947e-01 1.063999999999999946e-01 1.045999999999999985e-01 9.769999999999999518e-02
1.050999999999999990e-01 8.930000000000000437e-02 9.940000000000000224e-02 1.102000000000000063e-01
8.129999999999999727e-02 9.329999999999999405e-02 7.649999999999999856e-02 7.679999999999999327e-02
8.160000000000000586e-02 7.929999999999999549e-02 8.559999999999999554e-02 7.220000000000000029e-02
7.209999999999999742e-02 5.970000000000000306e-02 5.600000000000000117e-02 7.340000000000000691e-02
5.960000000000000020e-02 5.759999999999999842e-02 6.869999999999999718e-02 5.310000000000000137e-02
4.490000000000000241e-02 4.109999999999999765e-02 4.859999999999999737e-02 4.449999999999999789e-02
3.620000000000000301e-02 4.479999999999999954e-02 4.979999999999999705e-02 4.130000000000000338e-02
4.139999999999999930e-02 3.520000000000000212e-02 3.930000000000000160e-02 4.499999999999999833e-02
4.299999999999999656e-02 3.529999999999999805e-02 3.799999999999999906e-02 3.080000000000000099e-02
2.840000000000000163e-02 2.769999999999999893e-02 2.980000000000000010e-02 3.189999999999999780e-02
2.779999999999999832e-02 2.489999999999999852e-02 2.319999999999999840e-02 1.949999999999999997e-02
2.230000000000000038e-02 1.820000000000000090e-02 2.149999999999999828e-02 2.529999999999999957e-02
1.700000000000000122e-02 1.969999999999999876e-02 1.700000000000000122e-02 1.980000000000000163e-02
1.450000000000000074e-02 1.600000000000000033e-02 1.269999999999999948e-02 1.679999999999999896e-02
1.439999999999999961e-02 1.159999999999999920e-02 1.359999999999999924e-02 1.349999999999999985e-02
1.600000000000000033e-02 1.640000000000000138e-02 1.400000000000000029e-02 1.370000000000000037e-02
7.900000000000000772e-03 1.430000000000000021e-02 1.159999999999999920e-02 1.209999999999999964e-02
8.699999999999999400e-03 8.300000000000000086e-03 9.400000000000000369e-03 1.379999999999999977e-02
1.269999999999999948e-02 8.300000000000000086e-03 8.500000000000000611e-03 6.599999999999999964e-03
5.700000000000000205e-03 7.000000000000000146e-03 6.799999999999999621e-03 7.400000000000000328e-03
5.100000000000000366e-03 7.400000000000000328e-03 5.199999999999999761e-03 5.899999999999999863e-03
6.700000000000000226e-03 6.199999999999999782e-03 5.700000000000000205e-03 6.000000000000000125e-03
6.000000000000000125e-03 4.000000000000000083e-03 6.300000000000000044e-03 5.000000000000000104e-03
