9.180918091809180392e-01 8.706870687068707371e-01 8.295829582958296200e-01 9.162916291629162879e-01 8.523852385238523954e-01 8.223822382238223927e-01 9.189918991899189704e-01 8.652865286528652611e-01 8.367836783678367363e-01 9.027902790279027645e-01 8.406840684068407343e-01 7.902790279027902542e-01
8.142814281428142342e-01 6.999699969996999727e-01 5.610561056105610733e-01 8.082808280828083225e-01 6.459645964596459899e-01 5.538553855385538460e-01 8.181818181818182323e-01 6.873687368736873804e-01 5.829582958295829176e-01 8.025802580258025731e-01 6.672667266726672874e-01 5.562556255625562551e-01
6.996699669966996993e-01 5.094509450945094997e-01 3.852385238523852173e-01 7.020702070207021084e-01 5.562556255625562551e-01 3.846384638463846151e-01 7.233723372337234059e-01 5.937593759375937585e-01 4.305430543054305503e-01 7.170717071707171097e-01 5.163516351635163426e-01 3.765376537653765121e-01
6.201620162016201476e-01 4.305430543054305503e-01 2.841284128412841503e-01 5.988598859885988501e-01 3.912391239123912401e-01 2.484248424842484260e-01 6.234623462346234879e-01 4.278427842784278679e-01 2.748274827482748428e-01 6.408640864086408984e-01 4.455445544554455517e-01 2.889288928892889130e-01
5.784578457845784838e-01 3.156315631563156310e-01 1.929192919291929098e-01 5.571557155715571863e-01 3.591359135913591571e-01 1.938193819381938132e-01 5.619561956195620045e-01 3.342334233423342460e-01 1.917191719171917330e-01 5.691569156915691208e-01 3.663366336633663289e-01 2.121212121212121271e-01
4.986498649864986588e-01 2.286228622862286342e-01 1.371137113711371203e-01 4.389438943894389267e-01 2.052205220522052287e-01 9.840984098409841230e-02 4.893489348934893512e-01 2.403240324032403230e-01 1.404140414041404050e-01 4.962496249624962497e-01 2.772277227722772519e-01 1.347134713471347112e-01
4.458445844584458251e-01 2.166216621662166164e-01 1.008100810081008075e-01 4.353435343534353685e-01 2.061206120612061321e-01 9.960996099609961685e-02 4.977497749774977276e-01 2.724272427242724337e-01 1.350135013501350123e-01 4.248424842484248565e-01 1.605160516051605257e-01 9.720972097209720775e-02
3.843384338433843417e-01 1.623162316231623048e-01 7.440744074407440456e-02 3.582358235823582260e-01 1.347134713471347112e-01 5.190519051905190251e-02 3.732373237323732273e-01 1.626162616261626059e-01 6.540654065406541207e-02 3.684368436843684091e-01 1.305130513051305230e-01 4.740474047404740626e-02
3.441344134413441558e-01 1.446144614461446209e-01 3.870387038703870103e-02 3.501350135013501230e-01 1.278127812781278128e-01 4.200420042004200660e-02 3.321332133213321103e-01 1.128112811281128114e-01 3.810381038103810569e-02 3.207320732073207226e-01 1.023102310231023132e-01 4.320432043204320421e-02
2.832283228322832191e-01 9.240924092409240342e-02 3.180318031803180262e-02 3.042304230423042433e-01 8.700870087008701070e-02 3.210321032103210376e-02 2.856285628562856282e-01 9.870987098709871344e-02 3.420342034203420478e-02 2.775277527752775253e-01 8.280828082808280866e-02 2.490249024902490421e-02
2.247224722472247194e-01 6.450645064506450865e-02 1.650165016501650012e-02 2.571257125712571034e-01 6.330633063306330410e-02 2.130213021302130097e-02 2.559255925592558989e-01 7.740774077407740206e-02 1.920192019201920341e-02 2.835283528352835480e-01 7.920792079207920888e-02 2.670267026702670410e-02
2.127212721272127294e-01 5.010501050105010262e-02 1.380138013801380202e-02 2.367236723672367371e-01 4.740474047404740626e-02 2.040204020402040103e-02 2.340234023402340269e-01 6.000600060006000547e-02 1.650165016501650012e-02 2.250225022502250205e-01 5.640564056405640569e-02 1.260126012601260094e-02
2.349234923492349303e-01 5.640564056405640569e-02 1.710171017101710239e-02 2.352235223522352314e-01 5.460546054605460581e-02 1.740174017401740006e-02 1.974197419741974269e-01 4.290429042904290308e-02 9.000900090009001167e-03 1.761176117611761294e-01 4.260426042604260194e-02 6.600660066006600740e-03
1.551155115511551053e-01 2.550255025502550302e-02 4.800480048004800854e-03 1.701170117011701066e-01 4.200420042004200660e-02 7.200720072007200413e-03 1.806180618061806187e-01 3.270327032703270603e-02 1.140114011401140159e-02 1.458145814581458255e-01 2.040204020402040103e-02 6.000600060006000200e-03
1.236123612361236107e-01 1.740174017401740006e-02 3.300330033003300370e-03 1.584158415841584178e-01 1.770177017701770120e-02 3.000300030003000100e-03 1.350135013501350123e-01 2.130213021302130097e-02 3.600360036003600207e-03 1.665166516651665207e-01 2.850285028502850398e-02 9.300930093009300570e-03
1.524152415241524228e-01 2.160216021602160211e-02 6.600660066006600740e-03 1.008100810081008075e-01 1.170117011701170100e-02 3.300330033003300370e-03 1.113111311131113057e-01 1.710171017101710239e-02 2.400240024002400427e-03 1.452145214521452232e-01 2.280228022802280319e-02 3.300330033003300370e-03
1.176117611761176157e-01 1.680168016801680125e-02 3.000300030003000100e-03 1.065106510651065153e-01 1.320132013201320148e-02 9.000900090009000517e-04 1.047104710471047084e-01 1.170117011701170100e-02 1.500150015001500050e-03 1.041104110411041062e-01 1.050105010501050165e-02 1.500150015001500050e-03
9.870987098709871344e-02 1.290129012901290208e-02 3.300330033003300370e-03 8.850885088508850251e-02 8.100810081008101224e-03 3.000300030003000534e-04 1.086108610861086093e-01 9.000900090009001167e-03 6.000600060006001067e-04 1.041104110411041062e-01 1.650165016501650012e-02 3.900390039003900477e-03
8.340834083408341093e-02 2.400240024002400427e-03 1.500150015001500050e-03 8.610861086108610729e-02 9.900990099009901110e-03 9.000900090009000517e-04 7.350735073507350115e-02 5.700570057005700797e-03 1.200120012001200213e-03 7.320732073207321389e-02 4.800480048004800854e-03 0.000000000000000000e+00
7.110711071107110592e-02 5.700570057005700797e-03 1.800180018001800103e-03 7.140714071407140706e-02 7.200720072007200413e-03 9.000900090009000517e-04 8.550855085508550502e-02 8.100810081008101224e-03 3.000300030003000534e-04 7.290729072907291275e-02 6.600660066006600740e-03 3.000300030003000534e-04
7.500750075007500683e-02 6.600660066006600740e-03 6.000600060006001067e-04 6.180618061806180535e-02 5.100510051005100257e-03 6.000600060006001067e-04 5.580558055805580342e-02 3.600360036003600207e-03 3.000300030003000534e-04 7.260726072607261161e-02 8.100810081008101224e-03 1.200120012001200213e-03
6.150615061506150422e-02 4.500450045004500584e-03 6.000600060006001067e-04 6.240624062406240763e-02 2.700270027002700263e-03 9.000900090009000517e-04 6.720672067206720501e-02 3.600360036003600207e-03 3.000300030003000534e-04 4.560456045604560638e-02 4.200420042004200313e-03 0.000000000000000000e+00
3.960396039603960444e-02 1.500150015001500050e-03 0.000000000000000000e+00 4.050405040504050092e-02 2.400240024002400427e-03 0.000000000000000000e+00 5.130513051305130717e-02 2.400240024002400427e-03 9.000900090009000517e-04 4.020402040204020672e-02 1.200120012001200213e-03 0.000000000000000000e+00
4.590459045904590751e-02 1.800180018001800103e-03 3.000300030003000534e-04 4.380438043804380649e-02 3.900390039003900477e-03 3.000300030003000534e-04 4.560456045604560638e-02 3.900390039003900477e-03 3.000300030003000534e-04 4.020402040204020672e-02 1.800180018001800103e-03 3.000300030003000534e-04
4.020402040204020672e-02 1.200120012001200213e-03 0.000000000000000000e+00 3.240324032403240490e-02 3.000300030003000100e-03 0.000000000000000000e+00 3.600360036003600467e-02 2.100210021002100157e-03 0.000000000000000000e+00 4.560456045604560638e-02 3.300330033003300370e-03 0.000000000000000000e+00
5.100510051005100604e-02 3.600360036003600207e-03 3.000300030003000534e-04 3.720372037203720228e-02 1.800180018001800103e-03 0.000000000000000000e+00 4.050405040504050092e-02 1.500150015001500050e-03 6.000600060006001067e-04 3.120312031203120381e-02 9.000900090009000517e-04 6.000600060006001067e-04
2.760276027602760404e-02 1.500150015001500050e-03 0.000000000000000000e+00 2.490249024902490421e-02 1.500150015001500050e-03 6.000600060006001067e-04 2.790279027902790171e-02 2.100210021002100157e-03 0.000000000000000000e+00 2.880288028802880165e-02 9.000900090009000517e-04 3.000300030003000534e-04
2.970297029702970160e-02 9.000900090009000517e-04 3.000300030003000534e-04 2.340234023402340199e-02 6.000600060006001067e-04 0.000000000000000000e+00 2.310231023102310086e-02 6.000600060006001067e-04 3.000300030003000534e-04 2.400240024002400080e-02 6.000600060006001067e-04 0.000000000000000000e+00
1.890189018901890228e-02 0.000000000000000000e+00 0.000000000000000000e+00 1.890189018901890228e-02 1.200120012001200213e-03 0.000000000000000000e+00 2.340234023402340199e-02 9.000900090009000517e-04 6.000600060006001067e-04 1.980198019801980222e-02 6.000600060006001067e-04 3.000300030003000534e-04
1.980198019801980222e-02 6.000600060006001067e-04 0.000000000000000000e+00 2.070207020702070216e-02 6.000600060006001067e-04 0.000000000000000000e+00 1.770177017701770120e-02 0.000000000000000000e+00 0.000000000000000000e+00 1.920192019201920341e-02 3.000300030003000534e-04 0.000000000000000000e+00
1.470147014701470196e-02 9.000900090009000517e-04 0.000000000000000000e+00 1.440144014401440083e-02 6.000600060006001067e-04 0.000000000000000000e+00 1.410141014101410142e-02 6.000600060006001067e-04 0.000000000000000000e+00 1.530153015301530077e-02 0.000000000000000000e+00 0.000000000000000000e+00
1.200120012001200040e-02 1.500150015001500050e-03 0.000000000000000000e+00 1.440144014401440083e-02 0.000000000000000000e+00 3.000300030003000534e-04 1.740174017401740006e-02 9.000900090009000517e-04 0.000000000000000000e+00 1.440144014401440083e-02 0.000000000000000000e+00 3.000300030003000534e-04
1.350135013501350088e-02 6.000600060006001067e-04 0.000000000000000000e+00 1.350135013501350088e-02 0.000000000000000000e+00 3.000300030003000534e-04 1.440144014401440083e-02 3.000300030003000534e-04 0.000000000000000000e+00 1.200120012001200040e-02 6.000600060006001067e-04 6.000600060006001067e-04
9.000900090009001167e-03 3.000300030003000534e-04 0.000000000000000000e+00 1.290129012901290208e-02 3.000300030003000534e-04 0.000000000000000000e+00 1.080108010801080105e-02 0.000000000000000000e+00 0.000000000000000000e+00 1.200120012001200040e-02 6.000600060006001067e-04 0.000000000000000000e+00
7.200720072007200413e-03 3.000300030003000534e-04 3.000300030003000534e-04 5.400540054005400527e-03 0.000000000000000000e+00 0.000000000000000000e+00 6.900690069006901010e-03 0.000000000000000000e+00 0.000000000000000000e+00 1.500150015001500137e-02 3.000300030003000534e-04 0.000000000000000000e+00
9.300930093009300570e-03 6.000600060006001067e-04 0.000000000000000000e+00 9.600960096009601707e-03 6.000600060006001067e-04 0.000000000000000000e+00 6.900690069006901010e-03 3.000300030003000534e-04 3.000300030003000534e-04 9.300930093009300570e-03 0.000000000000000000e+00 0.000000000000000000e+00
5.100510051005100257e-03 0.000000000000000000e+00 0.000000000000000000e+00 4.800480048004800854e-03 3.000300030003000534e-04 0.000000000000000000e+00 9.000900090009001167e-03 0.000000000000000000e+00 0.000000000000000000e+00 7.500750075007500683e-03 0.000000000000000000e+00 0.000000000000000000e+00
7.200720072007200413e-03 0.000000000000000000e+00 0.000000000000000000e+00 8.700870087008700030e-03 0.000000000000000000e+00 0.000000000000000000e+00 3.300330033003300370e-03 3.000300030003000534e-04 3.000300030003000534e-04 9.000900090009001167e-03 3.000300030003000534e-04 0.000000000000000000e+00
6.900690069006901010e-03 6.000600060006001067e-04 0.000000000000000000e+00 7.500750075007500683e-03 0.000000000000000000e+00 0.000000000000000000e+00 6.600660066006600740e-03 0.000000000000000000e+00 3.000300030003000534e-04 8.100810081008101224e-03 0.000000000000000000e+00 0.000000000000000000e+00
4.500450045004500584e-03 3.000300030003000534e-04 0.000000000000000000e+00 5.100510051005100257e-03 0.000000000000000000e+00 0.000000000000000000e+00 5.400540054005400527e-03 0.000000000000000000e+00 0.000000000000000000e+00 4.800480048004800854e-03 0.000000000000000000e+00 0.000000000000000000e+00
