9.200000000000000000e+01 9.400000000000000000e+01 8.800000000000000000e+01 9.600000000000000000e+01
1.820000000000000000e+02 1.840000000000000000e+02 1.780000000000000000e+02 1.840000000000000000e+02
2.380000000000000000e+02 2.600000000000000000e+02 2.520000000000000000e+02 2.460000000000000000e+02
3.420000000000000000e+02 3.100000000000000000e+02 3.340000000000000000e+02 3.120000000000000000e+02
3.920000000000000000e+02 3.940000000000000000e+02 3.900000000000000000e+02 4.080000000000000000e+02
4.660000000000000000e+02 4.560000000000000000e+02 4.500000000000000000e+02 4.480000000000000000e+02
5.240000000000000000e+02 5.300000000000000000e+02 5.360000000000000000e+02 5.140000000000000000e+02
5.860000000000000000e+02 6.420000000000000000e+02 6.480000000000000000e+02 6.080000000000000000e+02
6.940000000000000000e+02 6.620000000000000000e+02 6.880000000000000000e+02 6.800000000000000000e+02
7.520000000000000000e+02 7.300000000000000000e+02 7.540000000000000000e+02 7.700000000000000000e+02
7.940000000000000000e+02 8.260000000000000000e+02 8.480000000000000000e+02 8.700000000000000000e+02
8.840000000000000000e+02 9.000000000000000000e+02 8.940000000000000000e+02 9.140000000000000000e+02
9.980000000000000000e+02 9.840000000000000000e+02 9.560000000000000000e+02 9.700000000000000000e+02
1.020000000000000000e+03 1.034000000000000000e+03 1.070000000000000000e+03 1.006000000000000000e+03
1.088000000000000000e+03 1.080000000000000000e+03 1.070000000000000000e+03 1.130000000000000000e+03
1.176000000000000000e+03 1.188000000000000000e+03 1.126000000000000000e+03 1.192000000000000000e+03
1.288000000000000000e+03 1.250000000000000000e+03 1.224000000000000000e+03 1.252000000000000000e+03
1.324000000000000000e+03 1.334000000000000000e+03 1.340000000000000000e+03 1.386000000000000000e+03
1.396000000000000000e+03 1.344000000000000000e+03 1.370000000000000000e+03 1.392000000000000000e+03
1.484000000000000000e+03 1.470000000000000000e+03 1.494000000000000000e+03 1.494000000000000000e+03
1.572000000000000000e+03 1.498000000000000000e+03 1.514000000000000000e+03 1.546000000000000000e+03
1.584000000000000000e+03 1.574000000000000000e+03 1.706000000000000000e+03 1.594000000000000000e+03
1.710000000000000000e+03 1.674000000000000000e+03 1.696000000000000000e+03 1.706000000000000000e+03
1.776000000000000000e+03 1.788000000000000000e+03 1.772000000000000000e+03 1.728000000000000000e+03
1.804000000000000000e+03 1.774000000000000000e+03 1.810000000000000000e+03 1.870000000000000000e+03
1.934000000000000000e+03 1.920000000000000000e+03 1.890000000000000000e+03 1.836000000000000000e+03
1.992000000000000000e+03 1.986000000000000000e+03 1.976000000000000000e+03 1.948000000000000000e+03
2.056000000000000000e+03 1.994000000000000000e+03 2.036000000000000000e+03 2.038000000000000000e+03
2.112000000000000000e+03 2.110000000000000000e+03 2.050000000000000000e+03 2.128000000000000000e+03
2.166000000000000000e+03 2.166000000000000000e+03 2.166000000000000000e+03 2.264000000000000000e+03
2.274000000000000000e+03 2.292000000000000000e+03 2.222000000000000000e+03 2.260000000000000000e+03
2.352000000000000000e+03 2.340000000000000000e+03 2.316000000000000000e+03 2.302000000000000000e+03
2.384000000000000000e+03 2.378000000000000000e+03 2.406000000000000000e+03 2.426000000000000000e+03
2.452000000000000000e+03 2.478000000000000000e+03 2.426000000000000000e+03 2.506000000000000000e+03
2.586000000000000000e+03 2.570000000000000000e+03 2.530000000000000000e+03 2.558000000000000000e+03
2.674000000000000000e+03 2.638000000000000000e+03 2.614000000000000000e+03 2.584000000000000000e+03
2.620000000000000000e+03 2.712000000000000000e+03 2.646000000000000000e+03 2.664000000000000000e+03
2.706000000000000000e+03 2.814000000000000000e+03 2.760000000000000000e+03 2.766000000000000000e+03
2.780000000000000000e+03 2.770000000000000000e+03 2.800000000000000000e+03 2.824000000000000000e+03
2.940000000000000000e+03 2.896000000000000000e+03 2.946000000000000000e+03 2.894000000000000000e+03
