9.717971797179706384e-01 1.014101410141013293e+00 9.978997899789969761e-01 9.765976597659747904e-01
9.039903990399024147e-01 1.040804080408040511e+00 9.753975397539750292e-01 9.621962196219614460e-01
9.558955895589561491e-01 8.220822082208214532e-01 8.193819381938195479e-01 9.786978697869783694e-01
8.529852985298532753e-01 8.712871287128713949e-01 8.616861686168617585e-01 8.748874887488752305e-01
9.813981398139821621e-01 7.878787878787874011e-01 8.748874887488752305e-01 8.205820582058206414e-01
9.471947194719481100e-01 7.995799579958000614e-01 8.874887488748879338e-01 7.917791779177919542e-01
7.884788478847889470e-01 7.872787278727875204e-01 8.109810981098116711e-01 8.901890189018909494e-01
7.404740474047412091e-01 7.224722472247232519e-01 6.972697269726978453e-01 7.611761176117619598e-01
6.372637263726378398e-01 7.089708970897093954e-01 6.960696069606967518e-01 6.984698469846991609e-01
6.042604260426049922e-01 6.837683768376844329e-01 5.949594959495957402e-01 6.090609060906099215e-01
4.971497149714976249e-01 6.027602760276034033e-01 5.547554755475555543e-01 6.396639663966404710e-01
5.016501650165022808e-01 5.883588358835893928e-01 5.385538553855393484e-01 5.184518451845190334e-01
5.526552655265533076e-01 5.592559255925599881e-01 4.725472547254732647e-01 4.071407140714077832e-01
3.936393639363941488e-01 3.915391539153919020e-01 4.551455145514558542e-01 3.822382238223829276e-01
3.219321932193225932e-01 4.251425142514257960e-01 3.447344734473452021e-01 4.233423342334239337e-01
3.990399039903996803e-01 2.706270627062710710e-01 2.850285028502856366e-01 3.705370537053711000e-01
3.054305430543059474e-01 2.808280828082812541e-01 2.805280528052808697e-01 2.823282328232826766e-01
2.607260726072611612e-01 2.415241524152419994e-01 2.994299429942999802e-01 2.667266726672671839e-01
2.445244524452448442e-01 2.295229522952298706e-01 2.046204620462049595e-01 2.052205220522055062e-01
1.980198019801983622e-01 1.935193519351937896e-01 2.325232523252328543e-01 1.992199219921995113e-01
2.058205820582061640e-01 1.707170717071709587e-01 1.569156915691571341e-01 1.947194719471949942e-01
1.716171617161718899e-01 1.800180018001802940e-01 1.911191119111914638e-01 1.242124212421244212e-01
1.143114311431145530e-01 1.143114311431145114e-01 1.476147614761478821e-01 1.170117011701172355e-01
1.326132613261327975e-01 1.200120012001202607e-01 1.254125412541255979e-01 1.155115511551157159e-01
1.170117011701172355e-01 8.820882088208834015e-02 1.017101710171018497e-01 1.269126912691271591e-01
1.425142514251427073e-01 1.062106210621063807e-01 1.176117611761178100e-01 9.150915091509169430e-02
7.830783078307844425e-02 7.080708070807092969e-02 7.740774077407751308e-02 8.400840084008417974e-02
8.670867086708683447e-02 6.840684068406853446e-02 6.780678067806793219e-02 7.020702070207028578e-02
5.670567056705679010e-02 5.310531053105318339e-02 6.810681068106821945e-02 5.790579057905799465e-02
5.760576057605770045e-02 6.030603060306039681e-02 5.310531053105319033e-02 5.670567056705681092e-02
4.140414041404148066e-02 4.140414041404145984e-02 4.050405040504054949e-02 4.590459045904597690e-02
3.150315031503155699e-02 4.350435043504358862e-02 4.950495049504957668e-02 4.350435043504358862e-02
3.870387038703875654e-02 4.080408040804089226e-02 4.230423042304237713e-02 3.480348034803486257e-02
2.610261026102615040e-02 3.780378037803788088e-02 3.240324032403247428e-02 3.420342034203426723e-02
2.100210021002104493e-02 1.620162016201623714e-02 2.070207020702073339e-02 4.410441044104419089e-02
2.610261026102614346e-02 2.700270027002702952e-02 2.010201020102013805e-02 2.790279027902795375e-02
1.530153015301533199e-02 1.350135013501351476e-02 2.700270027002704687e-02 2.250225022502254368e-02
2.160216021602164374e-02 2.610261026102615387e-02 9.300930093009317917e-03 2.610261026102615040e-02
1.890189018901893350e-02 2.250225022502254368e-02 2.010201020102013458e-02 2.430243024302434010e-02
1.260126012601262176e-02 1.530153015301533199e-02 1.620162016201623714e-02 1.440144014401442858e-02
