9.195919591959196282e-01 8.898889888988898988e-01 8.736873687368736929e-01 9.393939393939394478e-01 9.186918691869186970e-01 8.904890489048904456e-01 9.366936693669366543e-01 9.012901290129012866e-01 8.964896489648964684e-01 9.231923192319232419e-01 8.994899489948995353e-01 8.748874887488748975e-01
8.829882988298829449e-01 8.337833783378337804e-01 7.833783378337834113e-01 8.745874587458746241e-01 8.202820282028202570e-01 7.542754275427542288e-01 8.607860786078608273e-01 8.265826582658265531e-01 7.548754875487548865e-01 8.658865886588659189e-01 7.977797779777977549e-01 7.332733273327333157e-01
8.580858085808580338e-01 7.644764476447645229e-01 6.825682568256825622e-01 8.451845184518451681e-01 7.647764776477647963e-01 6.810681068106810843e-01 8.451845184518451681e-01 7.539753975397539554e-01 6.861686168616861758e-01 8.592859285928592383e-01 7.803780378037803445e-01 6.981698169816982213e-01
8.253825382538253486e-01 7.086708670867086779e-01 6.048604860486048729e-01 8.412841284128412811e-01 7.308730873087309066e-01 6.312631263126312620e-01 8.157815781578158232e-01 6.873687368736873804e-01 6.123612361236123736e-01 8.370837083708371207e-01 7.323732373237323845e-01 6.141614161416141249e-01
7.359735973597359981e-01 5.997599759975997813e-01 4.767476747674767590e-01 7.689768976897689567e-01 6.345634563456346022e-01 5.370537053705370933e-01 7.680768076807680256e-01 6.369636963696370113e-01 5.040504050405040237e-01 7.707770777077708191e-01 6.354635463546354224e-01 5.244524452445245011e-01
7.539753975397539554e-01 6.219621962196220100e-01 5.283528352835283881e-01 7.593759375937594314e-01 5.979597959795979190e-01 4.806480648064806460e-01 7.449744974497449768e-01 5.850585058505850533e-01 4.614461446144614287e-01 7.476747674767476592e-01 6.081608160816082131e-01 5.133513351335133867e-01
6.825682568256825622e-01 5.277527752775277303e-01 4.038403840384038324e-01 7.335733573357335890e-01 5.622562256225622779e-01 4.506450645064506433e-01 6.996699669966996993e-01 5.292529252925292083e-01 3.969396939693969339e-01 6.963696369636963590e-01 5.163516351635163426e-01 3.852385238523852173e-01
6.567656765676567199e-01 4.998499849984998633e-01 3.576357635763576237e-01 6.597659765976597868e-01 4.617461746174617576e-01 3.336333633363336437e-01 6.498649864986498770e-01 4.644464446444644401e-01 3.591359135913591571e-01 6.714671467146714479e-01 4.890489048904890224e-01 3.729372937293729540e-01
6.339633963396339444e-01 4.461446144614461540e-01 3.246324632463246096e-01 6.726672667266726524e-01 4.968496849684968519e-01 3.747374737473747608e-01 6.183618361836183963e-01 4.518451845184518478e-01 2.931293129312931289e-01 6.222622262226222833e-01 4.356435643564356419e-01 3.234323432343234050e-01
6.015601560156015326e-01 4.017401740174017521e-01 2.742274227422742405e-01 5.943594359435943053e-01 3.774377437743774433e-01 2.955295529552955380e-01 6.000600060006000547e-01 4.224422442244224474e-01 3.033303330333033121e-01 5.886588658865886670e-01 3.840384038403840128e-01 2.793279327932793321e-01
5.946594659465946897e-01 4.020402040204020255e-01 2.946294629462946069e-01 6.135613561356135781e-01 4.164416441644164246e-01 3.063306330633063235e-01 6.213621362136213522e-01 4.425442544254425403e-01 3.093309330933093348e-01 5.934593459345934852e-01 3.948394839483948537e-01 2.877287728772877085e-01
5.466546654665466187e-01 3.318331833183318369e-01 2.445244524452445112e-01 5.796579657965796883e-01 3.867386738673867508e-01 2.691269126912691489e-01 5.709570957095709831e-01 3.726372637263726251e-01 2.679267926792679444e-01 5.841584158415841221e-01 3.831383138313831371e-01 2.757275727572757185e-01
5.460546054605460720e-01 3.483348334833483162e-01 2.436243624362436355e-01 5.067506750675067062e-01 2.985298529852985494e-01 1.944194419441944155e-01 5.361536153615361622e-01 3.549354935493549412e-01 2.262226222622262251e-01 5.133513351335133867e-01 3.033303330333033121e-01 2.061206120612061321e-01
4.692469246924692583e-01 3.051305130513051189e-01 1.998199819981998082e-01 5.229522952295229121e-01 3.099309930993099371e-01 2.202220222022202301e-01 5.016501650165016146e-01 3.003300330033003562e-01 2.070207020702070078e-01 5.304530453045304128e-01 3.327332733273327126e-01 2.334233423342334246e-01
4.731473147314731453e-01 2.715271527152715025e-01 1.743174317431743225e-01 5.037503750375037503e-01 2.886288628862886396e-01 2.094209420942094169e-01 5.106510651065107043e-01 3.273327332733273476e-01 2.289228922892289353e-01 4.773477347734773613e-01 2.604260426042604437e-01 1.929192919291929098e-01
4.740474047404740210e-01 2.796279627962796055e-01 1.899189918991899262e-01 4.380438043804380510e-01 2.463246324632463180e-01 1.716171617161716123e-01 5.028502850285028192e-01 2.961296129612961403e-01 2.076207620762076100e-01 4.593459345934593485e-01 2.547254725472547499e-01 1.848184818481848068e-01
4.722472247224722697e-01 2.967296729672967426e-01 1.995199519951995071e-01 4.527452745274527235e-01 2.679267926792679444e-01 1.887188718871887216e-01 4.599459945994599508e-01 2.646264626462646041e-01 1.764176417641764305e-01 4.548454845484548592e-01 2.400240024002400219e-01 1.884188418841884205e-01
4.221422142214221185e-01 2.232223222322232137e-01 1.662166216621662196e-01 4.536453645364536547e-01 2.532253225322532164e-01 1.638163816381638105e-01 4.497449744974497676e-01 2.406240624062406241e-01 1.782178217821782096e-01 4.146414641464146178e-01 2.175217521752175198e-01 1.650165016501650150e-01
4.287428742874287435e-01 2.340234023402340269e-01 1.764176417641764305e-01 4.161416141614161512e-01 2.271227122712271285e-01 1.638163816381638105e-01 4.023402340234023544e-01 2.148214821482148096e-01 1.587158715871587189e-01 4.404440444044404601e-01 2.397239723972397207e-01 1.761176117611761294e-01
4.233423342334233230e-01 2.145214521452145084e-01 1.659165916591659184e-01 4.053405340534053658e-01 2.280228022802280319e-01 1.515151515151515194e-01 3.789378937893789212e-01 1.839183918391839312e-01 1.353135313531353134e-01 4.161416141614161512e-01 2.331233123312331235e-01 1.686168616861686287e-01
3.723372337233723517e-01 1.935193519351935121e-01 1.458145814581458255e-01 3.723372337233723517e-01 2.091209120912091157e-01 1.416141614161416096e-01 3.474347434743474405e-01 1.998199819981998082e-01 1.290129012901290173e-01 3.819381938193819326e-01 1.923192319231923075e-01 1.464146414641464278e-01
3.531353135313531344e-01 1.929192919291929098e-01 1.389138913891389271e-01 3.342334233423342460e-01 1.860186018601860114e-01 1.401140114011401039e-01 3.561356135613561458e-01 2.109210921092109225e-01 1.509150915091509171e-01 3.810381038103810569e-01 2.118211821182118260e-01 1.590159015901590200e-01
3.504350435043504519e-01 1.791179117911791130e-01 1.395139513951395016e-01 4.098409840984098551e-01 2.115211521152115248e-01 1.548154815481548041e-01 3.720372037203720228e-01 1.977197719771977280e-01 1.482148214821482068e-01 3.492349234923492474e-01 1.938193819381938132e-01 1.503150315031503148e-01
3.492349234923492474e-01 1.944194419441944155e-01 1.449144914491449221e-01 3.450345034503450314e-01 1.920192019201920064e-01 1.470147014701470023e-01 3.717371737173717494e-01 2.007200720072007116e-01 1.584158415841584178e-01 3.294329432943294278e-01 1.803180318031803175e-01 1.341134113411341089e-01
3.396339633963396110e-01 1.740174017401740214e-01 1.386138613861386260e-01 3.306330633063306323e-01 1.650165016501650150e-01 1.413141314131413084e-01 3.282328232823282232e-01 1.866186618661866137e-01 1.404140414041404050e-01 3.033303330333033121e-01 1.614161416141614291e-01 1.191119111911191075e-01
3.006300630063006296e-01 1.614161416141614291e-01 1.308130813081308241e-01 3.045304530453045166e-01 1.620162016201620037e-01 1.134113411341134137e-01 3.051305130513051189e-01 1.710171017101710100e-01 1.437143714371437175e-01 3.102310231023102105e-01 1.722172217221722146e-01 1.323132313231323021e-01
3.447344734473447581e-01 1.737173717371737203e-01 1.479147914791479057e-01 3.111311131113111417e-01 1.746174617461746237e-01 1.368136813681368191e-01 3.099309930993099371e-01 1.689168916891689298e-01 1.335133513351335066e-01 3.114311431143114151e-01 1.653165316531653162e-01 1.302130213021302219e-01
2.832283228322832191e-01 1.590159015901590200e-01 1.416141614161416096e-01 3.066306630663066524e-01 1.680168016801680264e-01 1.347134713471347112e-01 2.922292229222922533e-01 1.638163816381638105e-01 1.395139513951395016e-01 2.784278427842784009e-01 1.506150615061506159e-01 1.314131413141314264e-01
3.024302430243024364e-01 1.575157515751575144e-01 1.362136213621362169e-01 2.760276027602760474e-01 1.602160216021602246e-01 1.284128412841284150e-01 2.979297929792979471e-01 1.563156315631563098e-01 1.407140714071407062e-01 2.661266126612661376e-01 1.518151815181518205e-01 1.353135313531353134e-01
2.529252925292529430e-01 1.521152115211521216e-01 1.347134713471347112e-01 2.562256225622562278e-01 1.560156015601560087e-01 1.389138913891389271e-01 2.862286228622862305e-01 1.593159315931593212e-01 1.245124512451245141e-01 2.775277527752775253e-01 1.488148814881488091e-01 1.245124512451245141e-01
2.793279327932793321e-01 1.497149714971497125e-01 1.224122412241224062e-01 2.781278127812781276e-01 1.566156615661566109e-01 1.221122112211221189e-01 3.141314131413141530e-01 1.569156915691569121e-01 1.362136213621362169e-01 2.706270627062706269e-01 1.548154815481548041e-01 1.173117311731173146e-01
2.760276027602760474e-01 1.533153315331533262e-01 1.329132913291329043e-01 2.583258325832583080e-01 1.449144914491449221e-01 1.218121812181218178e-01 2.478247824782478237e-01 1.482148214821482068e-01 1.356135613561356146e-01 2.598259825982598414e-01 1.488148814881488091e-01 1.248124812481248153e-01
2.394239423942394196e-01 1.605160516051605257e-01 1.374137413741374214e-01 2.739273927392739116e-01 1.494149414941494114e-01 1.320132013201320009e-01 2.529252925292529430e-01 1.524152415241524228e-01 1.395139513951395016e-01 2.505250525052505339e-01 1.536153615361536273e-01 1.170117011701170134e-01
2.757275727572757185e-01 1.533153315331533262e-01 1.359135913591359157e-01 2.487248724872487271e-01 1.503150315031503148e-01 1.173117311731173146e-01 2.286228622862286342e-01 1.305130513051305230e-01 1.149114911491149055e-01 2.400240024002400219e-01 1.584158415841584178e-01 1.299129912991299207e-01
2.415241524152415276e-01 1.365136513651365180e-01 1.293129312931293184e-01 2.484248424842484260e-01 1.389138913891389271e-01 1.275127512751275116e-01 2.184218421842184232e-01 1.338133813381338078e-01 1.203120312031203121e-01 2.613261326132613194e-01 1.494149414941494114e-01 1.287128712871287162e-01
2.628262826282628528e-01 1.554155415541554064e-01 1.323132313231323021e-01 2.352235223522352314e-01 1.401140114011401039e-01 1.314131413141314264e-01 2.208220822082208323e-01 1.230123012301230084e-01 1.278127812781278128e-01 2.340234023402340269e-01 1.455145514551455244e-01 1.197119711971197098e-01
2.235223522352235148e-01 1.317131713171316998e-01 1.185118511851185052e-01 2.490249024902490282e-01 1.467146714671467012e-01 1.290129012901290173e-01 2.298229822982298109e-01 1.431143114311431153e-01 1.140114011401140159e-01 2.193219321932193266e-01 1.194119411941194087e-01 1.260126012601260059e-01
2.280228022802280319e-01 1.455145514551455244e-01 1.239123912391239118e-01 2.331233123312331235e-01 1.335133513351335066e-01 1.311131113111311253e-01 2.265226522652265262e-01 1.512151215121512182e-01 1.398139813981398027e-01 2.463246324632463180e-01 1.362136213621362169e-01 1.245124512451245141e-01
2.007200720072007116e-01 1.299129912991299207e-01 1.173117311731173146e-01 2.067206720672067344e-01 1.449144914491449221e-01 1.239123912391239118e-01 2.244224422442244182e-01 1.362136213621362169e-01 1.242124212421242130e-01 2.274227422742274296e-01 1.335133513351335066e-01 1.272127212721272105e-01
2.004200420042004105e-01 1.350135013501350123e-01 1.212121212121212155e-01 2.163216321632163153e-01 1.392139213921392005e-01 1.164116411641164112e-01 2.262226222622262251e-01 1.362136213621362169e-01 1.278127812781278128e-01 2.427242724272427321e-01 1.350135013501350123e-01 1.425142514251425130e-01
1.974197419741974269e-01 1.323132313231323021e-01 1.281128112811281139e-01 2.040204020402040241e-01 1.257125712571257048e-01 1.209120912091209143e-01 2.073207320732073089e-01 1.314131413141314264e-01 1.239123912391239118e-01 1.959195919591959212e-01 1.293129312931293184e-01 1.320132013201320009e-01
1.839183918391839312e-01 1.389138913891389271e-01 1.392139213921392005e-01 1.929192919291929098e-01 1.305130513051305230e-01 1.323132313231323021e-01 2.181218121812181221e-01 1.428142814281428141e-01 1.338133813381338078e-01 1.938193819381938132e-01 1.197119711971197098e-01 1.266126612661266082e-01
1.896189618961896250e-01 1.206120612061206132e-01 1.218121812181218178e-01 2.169216921692169175e-01 1.509150915091509171e-01 1.371137113711371203e-01 2.145214521452145084e-01 1.371137113711371203e-01 1.236123612361236107e-01 2.028202820282028196e-01 1.404140414041404050e-01 1.275127512751275116e-01
1.809180918091809198e-01 1.323132313231323021e-01 1.230123012301230084e-01 1.866186618661866137e-01 1.410141014101410073e-01 1.248124812481248153e-01 2.004200420042004105e-01 1.404140414041404050e-01 1.284128412841284150e-01 2.073207320732073089e-01 1.350135013501350123e-01 1.254125412541254037e-01
1.944194419441944155e-01 1.350135013501350123e-01 1.233123312331233096e-01 1.722172217221722146e-01 1.218121812181218178e-01 1.233123312331233096e-01 1.899189918991899262e-01 1.386138613861386260e-01 1.206120612061206132e-01 2.085208520852085134e-01 1.338133813381338078e-01 1.329132913291329043e-01
1.779177917791779084e-01 1.251125112511251025e-01 1.281128112811281139e-01 1.755175517551755271e-01 1.287128712871287162e-01 1.221122112211221189e-01 1.914191419141914319e-01 1.365136513651365180e-01 1.179117911791179169e-01 1.836183618361836301e-01 1.245124512451245141e-01 1.206120612061206132e-01
1.863186318631863125e-01 1.194119411941194087e-01 1.362136213621362169e-01 1.815181518151815221e-01 1.281128112811281139e-01 1.296129612961296196e-01 1.833183318331833289e-01 1.413141314131413084e-01 1.269126912691269093e-01 1.938193819381938132e-01 1.395139513951395016e-01 1.305130513051305230e-01
1.770177017701770050e-01 1.251125112511251025e-01 1.278127812781278128e-01 1.692169216921692032e-01 1.272127212721272105e-01 1.263126312631263071e-01 1.857185718571857103e-01 1.290129012901290173e-01 1.260126012601260059e-01 1.827182718271827266e-01 1.326132613261326032e-01 1.185118511851185052e-01
1.707170717071707089e-01 1.269126912691269093e-01 1.224122412241224062e-01 1.854185418541854091e-01 1.329132913291329043e-01 1.245124512451245141e-01 1.830183018301830278e-01 1.323132313231323021e-01 1.266126612661266082e-01 1.623162316231623048e-01 1.257125712571257048e-01 1.152115211521152066e-01
1.614161416141614291e-01 1.050105010501050096e-01 1.218121812181218178e-01 1.812181218121812210e-01 1.287128712871287162e-01 1.164116411641164112e-01 1.767176717671767039e-01 1.302130213021302219e-01 1.284128412841284150e-01 1.761176117611761294e-01 1.296129612961296196e-01 1.230123012301230084e-01
1.680168016801680264e-01 1.161116111611161100e-01 1.278127812781278128e-01 1.611161116111611280e-01 1.257125712571257048e-01 1.305130513051305230e-01 1.716171617161716123e-01 1.284128412841284150e-01 1.266126612661266082e-01 1.650165016501650150e-01 1.194119411941194087e-01 1.275127512751275116e-01
1.623162316231623048e-01 1.365136513651365180e-01 1.203120312031203121e-01 1.683168316831683275e-01 1.308130813081308241e-01 1.287128712871287162e-01 1.563156315631563098e-01 1.251125112511251025e-01 1.284128412841284150e-01 1.632163216321632082e-01 1.278127812781278128e-01 1.176117611761176157e-01
1.791179117911791130e-01 1.320132013201320009e-01 1.290129012901290173e-01 1.593159315931593212e-01 1.245124512451245141e-01 1.140114011401140159e-01 1.617161716171617025e-01 1.329132913291329043e-01 1.212121212121212155e-01 1.743174317431743225e-01 1.281128112811281139e-01 1.275127512751275116e-01
1.560156015601560087e-01 1.269126912691269093e-01 1.305130513051305230e-01 1.596159615961596223e-01 1.248124812481248153e-01 1.278127812781278128e-01 1.737173717371737203e-01 1.260126012601260059e-01 1.242124212421242130e-01 1.611161116111611280e-01 1.116111611161116068e-01 1.236123612361236107e-01
1.713171317131713112e-01 1.104110411041104162e-01 1.233123312331233096e-01 1.695169516951695043e-01 1.353135313531353134e-01 1.200120012001200109e-01 1.662166216621662196e-01 1.191119111911191075e-01 1.296129612961296196e-01 1.740174017401740214e-01 1.242124212421242130e-01 1.386138613861386260e-01
1.734173417341734191e-01 1.326132613261326032e-01 1.254125412541254037e-01 1.623162316231623048e-01 1.143114311431143171e-01 1.209120912091209143e-01 1.395139513951395016e-01 1.269126912691269093e-01 1.263126312631263071e-01 1.686168616861686287e-01 1.314131413141314264e-01 1.320132013201320009e-01
1.467146714671467012e-01 1.266126612661266082e-01 1.140114011401140159e-01 1.665166516651665207e-01 1.293129312931293184e-01 1.158115811581158089e-01 1.578157815781578155e-01 1.347134713471347112e-01 1.305130513051305230e-01 1.644164416441644128e-01 1.332133213321332055e-01 1.272127212721272105e-01
1.683168316831683275e-01 1.371137113711371203e-01 1.215121512151215166e-01 1.518151815181518205e-01 1.278127812781278128e-01 1.275127512751275116e-01 1.593159315931593212e-01 1.287128712871287162e-01 1.311131113111311253e-01 1.410141014101410073e-01 1.254125412541254037e-01 1.209120912091209143e-01
1.734173417341734191e-01 1.227122712271227073e-01 1.185118511851185052e-01 1.566156615661566109e-01 1.260126012601260059e-01 1.254125412541254037e-01 1.443144314431443198e-01 1.230123012301230084e-01 1.146114611461146182e-01 1.566156615661566109e-01 1.305130513051305230e-01 1.248124812481248153e-01
1.530153015301530250e-01 1.272127212721272105e-01 1.227122712271227073e-01 1.539153915391539285e-01 1.260126012601260059e-01 1.233123312331233096e-01 1.665166516651665207e-01 1.293129312931293184e-01 1.341134113411341089e-01 1.566156615661566109e-01 1.242124212421242130e-01 1.131113111311131125e-01
1.509150915091509171e-01 1.242124212421242130e-01 1.302130213021302219e-01 1.593159315931593212e-01 1.359135913591359157e-01 1.293129312931293184e-01 1.584158415841584178e-01 1.197119711971197098e-01 1.338133813381338078e-01 1.701170117011701066e-01 1.245124512451245141e-01 1.239123912391239118e-01
1.335133513351335066e-01 1.329132913291329043e-01 1.218121812181218178e-01 1.605160516051605257e-01 1.323132313231323021e-01 1.329132913291329043e-01 1.428142814281428141e-01 1.311131113111311253e-01 1.335133513351335066e-01 1.476147614761476046e-01 1.311131113111311253e-01 1.299129912991299207e-01
1.449144914491449221e-01 1.347134713471347112e-01 1.395139513951395016e-01 1.446144614461446209e-01 1.443144314431443198e-01 1.206120612061206132e-01 1.455145514551455244e-01 1.218121812181218178e-01 1.293129312931293184e-01 1.533153315331533262e-01 1.284128412841284150e-01 1.212121212121212155e-01
1.416141614161416096e-01 1.215121512151215166e-01 1.212121212121212155e-01 1.311131113111311253e-01 1.314131413141314264e-01 1.287128712871287162e-01 1.359135913591359157e-01 1.254125412541254037e-01 1.239123912391239118e-01 1.518151815181518205e-01 1.176117611761176157e-01 1.095109510951095128e-01
1.365136513651365180e-01 1.257125712571257048e-01 1.305130513051305230e-01 1.560156015601560087e-01 1.275127512751275116e-01 1.209120912091209143e-01 1.359135913591359157e-01 1.287128712871287162e-01 1.296129612961296196e-01 1.509150915091509171e-01 1.290129012901290173e-01 1.302130213021302219e-01
1.365136513651365180e-01 1.365136513651365180e-01 1.200120012001200109e-01 1.407140714071407062e-01 1.137113711371137148e-01 1.200120012001200109e-01 1.404140414041404050e-01 1.224122412241224062e-01 1.278127812781278128e-01 1.599159915991599235e-01 1.194119411941194087e-01 1.284128412841284150e-01
1.458145814581458255e-01 1.371137113711371203e-01 1.194119411941194087e-01 1.479147914791479057e-01 1.152115211521152066e-01 1.311131113111311253e-01 1.491149114911491103e-01 1.236123612361236107e-01 1.299129912991299207e-01 1.434143414341434164e-01 1.254125412541254037e-01 1.248124812481248153e-01
1.350135013501350123e-01 1.332133213321332055e-01 1.287128712871287162e-01 1.431143114311431153e-01 1.158115811581158089e-01 1.224122412241224062e-01 1.572157215721572132e-01 1.314131413141314264e-01 1.269126912691269093e-01 1.350135013501350123e-01 1.233123312331233096e-01 1.275127512751275116e-01
1.407140714071407062e-01 1.305130513051305230e-01 1.212121212121212155e-01 1.431143114311431153e-01 1.155115511551155077e-01 1.260126012601260059e-01 1.422142214221422118e-01 1.218121812181218178e-01 1.260126012601260059e-01 1.467146714671467012e-01 1.197119711971197098e-01 1.152115211521152066e-01
1.509150915091509171e-01 1.332133213321332055e-01 1.290129012901290173e-01 1.269126912691269093e-01 1.401140114011401039e-01 1.296129612961296196e-01 1.479147914791479057e-01 1.257125712571257048e-01 1.206120612061206132e-01 1.452145214521452232e-01 1.338133813381338078e-01 1.239123912391239118e-01
1.338133813381338078e-01 1.203120312031203121e-01 1.275127512751275116e-01 1.419141914191419107e-01 1.275127512751275116e-01 1.338133813381338078e-01 1.377137713771377225e-01 1.209120912091209143e-01 1.317131713171316998e-01 1.335133513351335066e-01 1.263126312631263071e-01 1.233123312331233096e-01
1.236123612361236107e-01 1.098109810981098139e-01 1.131113111311131125e-01 1.548154815481548041e-01 1.191119111911191075e-01 1.248124812481248153e-01 1.440144014401440187e-01 1.263126312631263071e-01 1.302130213021302219e-01 1.329132913291329043e-01 1.293129312931293184e-01 1.227122712271227073e-01
1.296129612961296196e-01 1.218121812181218178e-01 1.209120912091209143e-01 1.446144614461446209e-01 1.149114911491149055e-01 1.260126012601260059e-01 1.449144914491449221e-01 1.296129612961296196e-01 1.308130813081308241e-01 1.488148814881488091e-01 1.266126612661266082e-01 1.287128712871287162e-01
1.398139813981398027e-01 1.236123612361236107e-01 1.230123012301230084e-01 1.416141614161416096e-01 1.083108310831083082e-01 1.134113411341134137e-01 1.404140414041404050e-01 1.338133813381338078e-01 1.332133213321332055e-01 1.263126312631263071e-01 1.233123312331233096e-01 1.230123012301230084e-01
1.341134113411341089e-01 1.272127212721272105e-01 1.308130813081308241e-01 1.389138913891389271e-01 1.296129612961296196e-01 1.341134113411341089e-01 1.386138613861386260e-01 1.257125712571257048e-01 1.266126612661266082e-01 1.317131713171316998e-01 1.299129912991299207e-01 1.239123912391239118e-01
1.284128412841284150e-01 1.254125412541254037e-01 1.290129012901290173e-01 1.311131113111311253e-01 1.206120612061206132e-01 1.251125112511251025e-01 1.377137713771377225e-01 1.257125712571257048e-01 1.266126612661266082e-01 1.392139213921392005e-01 1.329132913291329043e-01 1.266126612661266082e-01
1.287128712871287162e-01 1.140114011401140159e-01 1.245124512451245141e-01 1.239123912391239118e-01 1.254125412541254037e-01 1.197119711971197098e-01 1.413141314131413084e-01 1.182118211821182180e-01 1.182118211821182180e-01 1.287128712871287162e-01 1.179117911791179169e-01 1.161116111611161100e-01
1.239123912391239118e-01 1.317131713171316998e-01 1.164116411641164112e-01 1.320132013201320009e-01 1.362136213621362169e-01 1.209120912091209143e-01 1.356135613561356146e-01 1.293129312931293184e-01 1.314131413141314264e-01 1.299129912991299207e-01 1.236123612361236107e-01 1.233123312331233096e-01
1.377137713771377225e-01 1.194119411941194087e-01 1.200120012001200109e-01 1.236123612361236107e-01 1.356135613561356146e-01 1.227122712271227073e-01 1.287128712871287162e-01 1.383138313831383248e-01 1.272127212721272105e-01 1.335133513351335066e-01 1.296129612961296196e-01 1.140114011401140159e-01
1.251125112511251025e-01 1.209120912091209143e-01 1.260126012601260059e-01 1.296129612961296196e-01 1.251125112511251025e-01 1.215121512151215166e-01 1.431143114311431153e-01 1.383138313831383248e-01 1.152115211521152066e-01 1.323132313231323021e-01 1.218121812181218178e-01 1.113111311131113057e-01
