9.419999999999999485e-01 9.418999999999999595e-01 9.526000000000000023e-01 9.576000000000000068e-01
9.160000000000000364e-01 8.940000000000000169e-01 8.917000000000000481e-01 9.061000000000000165e-01
8.700999999999999845e-01 8.800999999999999934e-01 8.790999999999999925e-01 8.693999999999999506e-01
8.487000000000000099e-01 8.414000000000000368e-01 8.638000000000000123e-01 8.365000000000000213e-01
8.086999999999999744e-01 8.217999999999999750e-01 8.115999999999999881e-01 8.121000000000000441e-01
8.055999999999999828e-01 7.960000000000000409e-01 7.842999999999999972e-01 7.925999999999999712e-01
7.557000000000000384e-01 7.638000000000000345e-01 7.713999999999999746e-01 7.723999999999999755e-01
7.430999999999999828e-01 7.318999999999999950e-01 7.483999999999999542e-01 7.566000000000000503e-01
7.147000000000000020e-01 7.073000000000000398e-01 7.036999999999999922e-01 7.146000000000000130e-01
7.025000000000000133e-01 6.801000000000000378e-01 6.924000000000000155e-01 6.774000000000000021e-01
6.627999999999999448e-01 6.897999999999999687e-01 6.904000000000000137e-01 6.856999999999999762e-01
6.511000000000000121e-01 6.787999999999999590e-01 6.501000000000000112e-01 6.347000000000000419e-01
6.221999999999999753e-01 6.125000000000000444e-01 6.417000000000000481e-01 6.259000000000000119e-01
6.014000000000000457e-01 6.366000000000000547e-01 6.135000000000000453e-01 6.032999999999999474e-01
5.928999999999999826e-01 5.691000000000000503e-01 6.211999999999999744e-01 5.916000000000000147e-01
5.987000000000000099e-01 6.058000000000000052e-01 6.129999999999999893e-01 5.663000000000000256e-01
5.602000000000000313e-01 5.319000000000000394e-01 5.443000000000000060e-01 5.544000000000000039e-01
5.397999999999999465e-01 5.422000000000000153e-01 5.343999999999999861e-01 5.541000000000000369e-01
5.424999999999999822e-01 5.152999999999999803e-01 5.286999999999999478e-01 5.030999999999999917e-01
5.193999999999999728e-01 4.954000000000000070e-01 5.131000000000000005e-01 5.161999999999999922e-01
4.807000000000000162e-01 5.465999999999999748e-01 4.953000000000000180e-01 4.777000000000000135e-01
5.034999999999999476e-01 4.978000000000000203e-01 5.104999999999999538e-01 4.924000000000000044e-01
5.039000000000000146e-01 4.672999999999999932e-01 4.681000000000000161e-01 4.611000000000000099e-01
4.487999999999999767e-01 4.587999999999999856e-01 4.662000000000000033e-01 4.796000000000000263e-01
4.835999999999999743e-01 4.640000000000000235e-01 4.366999999999999771e-01 4.743999999999999884e-01
4.945999999999999841e-01 4.620000000000000218e-01 4.411999999999999811e-01 4.590000000000000191e-01
4.511000000000000010e-01 4.404000000000000137e-01 4.632999999999999896e-01 4.183000000000000052e-01
4.200999999999999734e-01 4.351999999999999758e-01 3.965000000000000191e-01 4.078999999999999848e-01
4.062000000000000055e-01 4.184999999999999831e-01 4.336999999999999744e-01 4.129999999999999782e-01
4.197000000000000175e-01 3.929000000000000270e-01 3.962999999999999856e-01 4.144999999999999796e-01
4.003999999999999782e-01 3.775999999999999912e-01 3.891999999999999904e-01 4.287000000000000255e-01
3.902999999999999803e-01 4.151000000000000245e-01 4.380000000000000004e-01 3.955000000000000182e-01
4.290999999999999814e-01 3.875000000000000111e-01 3.820999999999999952e-01 4.021000000000000130e-01
3.860000000000000098e-01 3.834000000000000186e-01 3.930000000000000160e-01 3.774000000000000132e-01
3.768000000000000238e-01 3.885000000000000120e-01 3.827999999999999736e-01 3.739999999999999991e-01
3.751999999999999780e-01 3.683000000000000163e-01 3.765999999999999903e-01 3.589999999999999858e-01
3.628000000000000114e-01 3.543000000000000038e-01 3.648000000000000131e-01 3.572000000000000175e-01
3.655999999999999805e-01 3.658000000000000140e-01 3.886000000000000010e-01 3.462000000000000077e-01
3.492999999999999994e-01 4.006000000000000116e-01 3.437999999999999945e-01 3.588000000000000078e-01
3.533000000000000029e-01 3.431000000000000161e-01 3.487999999999999989e-01 3.509999999999999787e-01
3.638000000000000123e-01 3.423999999999999821e-01 3.567000000000000171e-01 3.538999999999999924e-01
3.260000000000000120e-01 3.533000000000000029e-01 3.215999999999999970e-01 3.322999999999999843e-01
3.481000000000000205e-01 3.487000000000000099e-01 3.134000000000000119e-01 3.095999999999999863e-01
3.266000000000000014e-01 3.158000000000000251e-01 3.453999999999999848e-01 3.285000000000000142e-01
3.260000000000000120e-01 3.232999999999999763e-01 3.276999999999999913e-01 3.084000000000000075e-01
3.176999999999999824e-01 3.377000000000000002e-01 3.123000000000000220e-01 3.274000000000000243e-01
3.165000000000000036e-01 3.216999999999999860e-01 3.377999999999999892e-01 3.114999999999999991e-01
3.200999999999999956e-01 3.058000000000000163e-01 3.044999999999999929e-01 3.059999999999999942e-01
2.964999999999999858e-01 3.289000000000000257e-01 3.266999999999999904e-01 3.210000000000000075e-01
3.244000000000000217e-01 3.160000000000000031e-01 2.987000000000000210e-01 3.427000000000000046e-01
2.967000000000000193e-01 3.037000000000000255e-01 3.013000000000000123e-01 2.994999999999999885e-01
3.042000000000000259e-01 3.351000000000000090e-01 2.970999999999999752e-01 3.165000000000000036e-01
3.019999999999999907e-01 2.867999999999999994e-01 3.104000000000000092e-01 3.272999999999999798e-01
3.054000000000000048e-01 3.133000000000000229e-01 3.015999999999999792e-01 3.135999999999999899e-01
2.883999999999999897e-01 3.093000000000000194e-01 3.093000000000000194e-01 2.975999999999999757e-01
2.944999999999999840e-01 2.888999999999999901e-01 2.872999999999999998e-01 3.070999999999999841e-01
2.932000000000000162e-01 3.008000000000000118e-01 2.906000000000000250e-01 3.079999999999999960e-01
2.898999999999999910e-01 2.919999999999999818e-01 2.822999999999999954e-01 3.151999999999999802e-01
2.975999999999999757e-01 2.765000000000000235e-01 2.857000000000000095e-01 2.988999999999999990e-01
2.852999999999999980e-01 2.943999999999999950e-01 2.797000000000000042e-01 2.903999999999999915e-01
3.066999999999999726e-01 2.781000000000000139e-01 2.876000000000000223e-01 2.670000000000000151e-01
2.775000000000000244e-01 2.852999999999999980e-01 2.828999999999999848e-01 2.943999999999999950e-01
2.773999999999999799e-01 2.634000000000000230e-01 2.741999999999999993e-01 2.751000000000000112e-01
2.832999999999999963e-01 2.620000000000000107e-01 2.852000000000000091e-01 2.948999999999999955e-01
2.726000000000000090e-01 2.837999999999999967e-01 2.973000000000000087e-01 2.746999999999999997e-01
2.745000000000000218e-01 2.831000000000000183e-01 2.793999999999999817e-01 2.856000000000000205e-01
2.970999999999999752e-01 2.786000000000000143e-01 2.857999999999999985e-01 2.814999999999999725e-01
2.700000000000000178e-01 2.897000000000000131e-01 2.867999999999999994e-01 2.604000000000000203e-01
2.797999999999999932e-01 2.730000000000000204e-01 2.750000000000000222e-01 2.923999999999999932e-01
2.832000000000000073e-01 2.791000000000000147e-01 2.841000000000000192e-01 2.750000000000000222e-01
2.688999999999999724e-01 2.660000000000000142e-01 2.822999999999999954e-01 2.584000000000000186e-01
2.792000000000000037e-01 2.684000000000000274e-01 2.641999999999999904e-01 2.654000000000000248e-01
2.686999999999999944e-01 2.595000000000000084e-01 2.482000000000000040e-01 2.788999999999999813e-01
2.610999999999999988e-01 2.712999999999999856e-01 2.662999999999999812e-01 2.897000000000000131e-01
2.849999999999999756e-01 2.615999999999999992e-01 2.687999999999999834e-01 2.579000000000000181e-01
