9.420942094209421303e-01 9.195919591959196282e-01 9.051905190519051736e-01 9.399939993999399945e-01 9.303930393039303581e-01 9.039903990399039690e-01 9.534953495349535180e-01 9.366936693669366543e-01 9.192919291929192438e-01 9.477947794779477686e-01 9.348934893489349029e-01 9.045904590459046268e-01
9.225922592259225841e-01 8.577857785778577604e-01 8.130813081308130297e-01 8.943894389438944437e-01 8.658865886588659189e-01 7.890789078907890497e-01 8.853885388538853540e-01 8.346834683468347116e-01 7.908790879087909120e-01 9.048904890489049002e-01 8.556855685568557357e-01 8.193819381938194368e-01
8.712871287128712838e-01 8.163816381638163699e-01 7.464746474647464547e-01 8.892889288928892411e-01 8.043804380438044355e-01 7.488748874887488638e-01 8.820882088208821248e-01 8.097809780978098004e-01 7.578757875787578424e-01 8.583858385838584182e-01 7.815781578157815490e-01 7.371737173717372027e-01
8.388838883888388720e-01 7.782778277827783198e-01 6.864686468646864492e-01 8.409840984098410077e-01 7.527752775277527508e-01 6.912691269126912674e-01 8.574857485748574870e-01 7.671767176717672054e-01 6.924692469246924720e-01 8.523852385238523954e-01 7.389738973897389540e-01 6.654665466546654251e-01
8.139813981398139608e-01 7.041704170417041331e-01 6.000600060006000547e-01 8.190819081908190524e-01 6.918691869186918142e-01 6.327632763276327399e-01 8.130813081308130297e-01 6.492649264926492192e-01 5.799579957995799617e-01 8.094809480948095270e-01 6.999699969996999727e-01 5.748574857485748701e-01
7.890789078907890497e-01 6.864686468646864492e-01 6.051605160516051463e-01 7.878787878787878451e-01 6.636663666366636738e-01 5.544554455445545038e-01 7.854785478547854360e-01 6.264626462646264438e-01 5.613561356135613467e-01 8.136813681368136875e-01 6.723672367236723790e-01 5.721572157215721877e-01
7.383738373837384072e-01 5.961596159615961676e-01 5.106510651065107043e-01 7.638763876387638652e-01 6.078607860786078287e-01 5.307530753075307972e-01 7.719771977197720236e-01 6.465646564656465367e-01 5.310531053105310706e-01 7.674767476747674788e-01 6.333633363336333977e-01 5.307530753075307972e-01
7.287728772877287708e-01 5.940594059405940319e-01 4.674467446744674515e-01 7.296729672967297020e-01 5.865586558655865312e-01 4.761476147614761567e-01 7.521752175217522041e-01 6.012601260126012592e-01 4.905490549054905558e-01 7.605760576057605249e-01 6.162616261626162606e-01 5.082508250825082952e-01
7.218721872187218169e-01 5.202520252025202296e-01 4.647464746474647690e-01 7.131713171317132227e-01 5.604560456045604155e-01 4.443444344434443471e-01 7.020702070207021084e-01 5.187518751875187517e-01 4.413441344134413358e-01 7.314731473147314533e-01 5.925592559255925540e-01 4.680468046804680537e-01
7.029702970297029285e-01 5.649564956495649604e-01 4.329432943294329594e-01 6.831683168316832200e-01 5.043504350435042971e-01 3.813381338133813303e-01 6.774677467746774706e-01 5.247524752475247745e-01 4.287428742874287435e-01 6.672667266726672874e-01 5.172517251725172738e-01 3.939393939393939226e-01
6.867686768676867226e-01 5.049504950495049549e-01 4.020402040204020255e-01 6.882688268826883116e-01 5.229522952295229121e-01 4.173417341734173558e-01 6.936693669366936765e-01 5.316531653165316174e-01 4.239423942394239253e-01 6.609660966096609913e-01 5.061506150615061594e-01 3.939393939393939226e-01
6.639663966396639472e-01 4.701470147014701340e-01 3.969396939693969339e-01 6.897689768976897895e-01 5.010501050105010679e-01 3.990399039903990142e-01 6.516651665166516283e-01 4.482448244824482342e-01 3.657365736573657267e-01 6.132613261326133047e-01 4.254425442544254587e-01 3.600360036003600328e-01
6.219621962196220100e-01 4.818481848184818506e-01 3.549354935493549412e-01 6.138613861386138515e-01 4.374437443744374487e-01 3.462346234623462360e-01 6.201620162016201476e-01 4.824482448244824528e-01 3.648364836483648510e-01 6.435643564356435808e-01 4.551455145514551326e-01 3.558355835583558169e-01
5.967596759675967144e-01 4.371437143714371198e-01 3.507350735073507253e-01 6.486648664866486724e-01 4.608460846084608264e-01 3.585358535853585549e-01 6.252625262526252392e-01 4.206420642064206405e-01 3.564356435643564192e-01 6.093609360936093067e-01 4.329432943294329594e-01 3.402340234023402132e-01
6.039603960396039417e-01 4.227422742274227208e-01 3.420342034203420201e-01 5.787578757875787572e-01 3.942394239423942515e-01 3.003300330033003562e-01 6.204620462046204210e-01 4.698469846984698606e-01 3.477347734773477139e-01 5.835583558355835754e-01 4.377437743774377221e-01 3.276327632763276210e-01
5.784578457845784838e-01 3.732373237323732273e-01 3.054305430543054478e-01 5.985598559855985767e-01 4.242424242424242542e-01 3.534353435343534078e-01 6.216621662166216256e-01 4.092409240924092528e-01 3.507350735073507253e-01 5.751575157515751435e-01 3.858385838583858196e-01 3.234323432343234050e-01
5.382538253825382979e-01 3.687368736873687380e-01 3.180318031803180401e-01 5.328532853285328219e-01 3.849384938493849440e-01 2.931293129312931289e-01 5.553555355535553240e-01 3.783378337833783189e-01 2.994299429942994251e-01 5.703570357035703253e-01 3.900390039003900355e-01 3.018301830183018342e-01
5.298529852985298660e-01 3.846384638463846151e-01 2.994299429942994251e-01 5.490549054905490278e-01 3.720372037203720228e-01 2.907290729072907198e-01 5.343534353435342998e-01 3.591359135913591571e-01 2.856285628562856282e-01 5.433543354335433895e-01 3.753375337533753631e-01 3.102310231023102105e-01
5.340534053405340265e-01 3.738373837383738296e-01 3.021302130213021075e-01 5.055505550555055017e-01 3.549354935493549412e-01 2.715271527152715025e-01 5.217521752175217076e-01 3.558355835583558169e-01 2.961296129612961403e-01 5.127512751275127290e-01 3.612361236123612374e-01 2.802280228022802078e-01
5.043504350435042971e-01 3.774377437743774433e-01 2.829282928292829458e-01 5.031503150315032036e-01 3.141314131413141530e-01 2.664266426642664110e-01 5.010501050105010679e-01 3.399339933993399399e-01 2.778277827782778542e-01 4.971497149714971253e-01 3.393339333933393376e-01 2.871287128712871062e-01
4.881488148814881467e-01 3.225322532253225294e-01 2.823282328232823435e-01 5.475547554755475499e-01 3.666366636663666578e-01 3.057305730573057212e-01 5.061506150615061594e-01 3.207320732073207226e-01 2.748274827482748428e-01 4.836483648364836574e-01 3.267326732673267453e-01 2.721272127212721048e-01
5.001500150015001367e-01 3.462346234623462360e-01 2.748274827482748428e-01 5.112511251125112510e-01 3.276327632763276210e-01 2.634263426342633996e-01 5.121512151215121822e-01 3.402340234023402132e-01 2.841284128412841503e-01 4.962496249624962497e-01 3.270327032703270187e-01 2.820282028202820146e-01
5.001500150015001367e-01 3.195319531953195180e-01 2.760276027602760474e-01 4.818481848184818506e-01 3.051305130513051189e-01 2.721272127212721048e-01 4.767476747674767590e-01 3.222322232223222560e-01 2.694269426942694223e-01 4.704470447044704629e-01 3.084308430843084037e-01 2.637263726372637285e-01
4.548454845484548592e-01 2.991299129912991517e-01 2.709270927092709003e-01 4.545454545454545303e-01 3.162316231623162333e-01 2.673267326732673421e-01 4.548454845484548592e-01 3.138313831383138242e-01 2.664266426642664110e-01 4.968496849684968519e-01 3.156315631563156310e-01 2.823282328232823435e-01
4.884488448844884756e-01 3.372337233723372574e-01 2.844284428442844237e-01 4.443444344434443471e-01 3.147314731473147553e-01 2.835283528352835480e-01 4.275427542754275390e-01 3.054305430543054478e-01 2.493249324932493294e-01 4.788478847884788392e-01 3.180318031803180401e-01 2.553255325532553521e-01
4.968496849684968519e-01 3.315331533153315080e-01 2.847284728472847526e-01 4.764476447644764301e-01 3.093309330933093348e-01 2.739273927392739116e-01 4.608460846084608264e-01 3.051305130513051189e-01 2.688268826882688201e-01 4.578457845784578706e-01 2.952295229522952091e-01 2.694269426942694223e-01
4.605460546054605531e-01 3.156315631563156310e-01 2.745274527452745139e-01 4.260426042604260610e-01 3.078307830783078569e-01 2.640264026402640019e-01 4.644464446444644401e-01 3.177317731773177112e-01 2.754275427542754451e-01 4.014401440144014233e-01 2.835283528352835480e-01 2.454245424542454146e-01
4.278427842784278679e-01 3.000300030003000273e-01 2.655265526552655353e-01 4.146414641464146178e-01 2.880288028802880373e-01 2.568256825682568301e-01 4.053405340534053658e-01 2.622262226222622505e-01 2.511251125112511362e-01 4.167416741674167535e-01 2.769276927692769230e-01 2.583258325832583080e-01
4.074407440744074460e-01 3.069306930693069257e-01 2.529252925292529430e-01 3.957395739573957294e-01 2.838283828382838214e-01 2.706270627062706269e-01 4.188418841884188337e-01 2.931293129312931289e-01 2.601260126012601148e-01 4.011401140114011499e-01 2.823282328232823435e-01 2.688268826882688201e-01
4.260426042604260610e-01 2.958295829582958114e-01 2.475247524752475226e-01 4.026402640264026278e-01 2.757275727572757185e-01 2.565256525652565012e-01 3.891389138913891599e-01 2.637263726372637285e-01 2.550255025502550232e-01 4.008400840084008210e-01 2.832283228322832191e-01 2.457245724572457157e-01
3.987398739873987408e-01 2.868286828682868328e-01 2.535253525352535453e-01 3.759375937593759653e-01 2.733273327332733094e-01 2.676267626762676155e-01 3.747374737473747608e-01 2.829282928292829458e-01 2.553255325532553521e-01 4.257425742574257321e-01 2.958295829582958114e-01 2.544254425442544210e-01
3.984398439843984674e-01 2.784278427842784009e-01 2.604260426042604437e-01 3.978397839783978651e-01 3.075307530753075280e-01 2.652265226522652064e-01 4.530453045304530524e-01 3.345334533453345194e-01 2.946294629462946069e-01 4.023402340234023544e-01 2.811281128112811389e-01 2.556255625562556255e-01
4.029402940294029567e-01 2.793279327932793321e-01 2.526252625262526141e-01 3.873387338733873531e-01 2.793279327932793321e-01 2.532253225322532164e-01 3.810381038103810569e-01 2.628262826282628528e-01 2.532253225322532164e-01 4.023402340234023544e-01 2.970297029702970160e-01 2.565256525652565012e-01
4.053405340534053658e-01 2.775277527752775253e-01 2.469246924692469203e-01 3.912391239123912401e-01 2.739273927392739116e-01 2.562256225622562278e-01 3.972397239723972628e-01 2.922292229222922533e-01 2.352235223522352314e-01 3.864386438643864219e-01 2.655265526552655353e-01 2.496249624962496305e-01
3.855385538553855462e-01 2.802280228022802078e-01 2.712271227122712292e-01 3.816381638163816592e-01 2.655265526552655353e-01 2.448244824482448123e-01 3.888388838883888310e-01 2.787278727872787298e-01 2.514251425142514096e-01 3.621362136213621130e-01 2.625262526252625239e-01 2.676267626762676155e-01
3.741374137413741585e-01 2.745274527452745139e-01 2.547254725472547499e-01 3.522352235223522587e-01 2.751275127512751162e-01 2.631263126312631262e-01 3.816381638163816592e-01 2.640264026402640019e-01 2.571257125712571034e-01 3.507350735073507253e-01 2.715271527152715025e-01 2.496249624962496305e-01
3.582358235823582260e-01 2.643264326432643307e-01 2.583258325832583080e-01 3.744374437443744319e-01 2.721272127212721048e-01 2.610261026102610460e-01 3.621362136213621130e-01 2.682268226822682178e-01 2.586258625862586369e-01 3.525352535253525321e-01 2.667266726672667398e-01 2.625262526252625239e-01
3.606360636063606351e-01 2.682268226822682178e-01 2.490249024902490282e-01 3.720372037203720228e-01 2.586258625862586369e-01 2.517251725172517385e-01 3.918391839183918424e-01 2.694269426942694223e-01 2.676267626762676155e-01 3.405340534053405421e-01 2.679267926792679444e-01 2.409240924092409253e-01
3.525352535253525321e-01 2.565256525652565012e-01 2.523252325232523408e-01 3.876387638763876264e-01 2.964296429642964137e-01 2.637263726372637285e-01 3.399339933993399399e-01 2.553255325532553521e-01 2.583258325832583080e-01 3.606360636063606351e-01 2.706270627062706269e-01 2.553255325532553521e-01
3.666366636663666578e-01 2.631263126312631262e-01 2.466246624662466191e-01 3.534353435343534078e-01 2.565256525652565012e-01 2.460246024602460169e-01 3.375337533753375308e-01 2.703270327032703535e-01 2.415241524152415276e-01 3.426342634263426223e-01 2.625262526252625239e-01 2.496249624962496305e-01
3.753375337533753631e-01 2.856285628562856282e-01 2.670267026702670132e-01 3.555355535553555435e-01 2.697269726972697512e-01 2.592259225922592392e-01 3.399339933993399399e-01 2.637263726372637285e-01 2.394239423942394196e-01 3.597359735973597594e-01 2.826282628262826169e-01 2.367236723672367371e-01
3.189318931893189157e-01 2.487248724872487271e-01 2.691269126912691489e-01 3.498349834983498496e-01 2.514251425142514096e-01 2.625262526252625239e-01 3.204320432043204492e-01 2.580258025802580346e-01 2.403240324032403230e-01 3.306330633063306323e-01 2.730273027302730360e-01 2.568256825682568301e-01
3.423342334233423490e-01 2.658265826582658087e-01 2.478247824782478237e-01 3.390339033903390087e-01 2.451245124512451135e-01 2.322232223222322200e-01 3.036303630363036410e-01 2.631263126312631262e-01 2.469246924692469203e-01 3.252325232523252119e-01 2.499249924992499317e-01 2.334233423342334246e-01
3.303330333033303590e-01 2.691269126912691489e-01 2.376237623762376128e-01 3.189318931893189157e-01 2.529252925292529430e-01 2.589258925892589103e-01 3.504350435043504519e-01 2.631263126312631262e-01 2.412241224122412264e-01 3.300330033003300301e-01 2.493249324932493294e-01 2.388238823882388173e-01
3.342334233423342460e-01 2.418241824182418287e-01 2.436243624362436355e-01 3.120312031203120173e-01 2.499249924992499317e-01 2.442244224422442378e-01 3.366336633663366551e-01 2.562256225622562278e-01 2.550255025502550232e-01 3.219321932193219271e-01 2.622262226222622505e-01 2.370237023702370105e-01
3.114311431143114151e-01 2.562256225622562278e-01 2.592259225922592392e-01 3.573357335733573503e-01 2.583258325832583080e-01 2.499249924992499317e-01 3.159315931593159044e-01 2.505250525052505339e-01 2.535253525352535453e-01 3.483348334833483162e-01 2.604260426042604437e-01 2.517251725172517385e-01
3.030303030303030387e-01 2.658265826582658087e-01 2.508250825082508073e-01 3.345334533453345194e-01 2.655265526552655353e-01 2.454245424542454146e-01 3.408340834083408155e-01 2.613261326132613194e-01 2.694269426942694223e-01 3.018301830183018342e-01 2.541254125412541476e-01 2.502250225022502050e-01
3.159315931593159044e-01 2.454245424542454146e-01 2.424242424242424310e-01 3.045304530453045166e-01 2.439243924392439367e-01 2.547254725472547499e-01 3.114311431143114151e-01 2.592259225922592392e-01 2.544254425442544210e-01 2.934293429342934023e-01 2.514251425142514096e-01 2.301230123012301121e-01
3.111311131113111417e-01 2.490249024902490282e-01 2.508250825082508073e-01 3.162316231623162333e-01 2.472247224722472214e-01 2.547254725472547499e-01 3.267326732673267453e-01 2.400240024002400219e-01 2.502250225022502050e-01 3.078307830783078569e-01 2.562256225622562278e-01 2.460246024602460169e-01
3.066306630663066524e-01 2.706270627062706269e-01 2.529252925292529430e-01 3.099309930993099371e-01 2.547254725472547499e-01 2.514251425142514096e-01 2.859285928592859016e-01 2.550255025502550232e-01 2.451245124512451135e-01 3.378337833783378596e-01 2.649264926492649330e-01 2.535253525352535453e-01
3.000300030003000273e-01 2.592259225922592392e-01 2.394239423942394196e-01 3.132313231323132219e-01 2.493249324932493294e-01 2.574257425742574323e-01 2.946294629462946069e-01 2.568256825682568301e-01 2.409240924092409253e-01 3.036303630363036410e-01 2.466246624662466191e-01 2.514251425142514096e-01
2.970297029702970160e-01 2.535253525352535453e-01 2.553255325532553521e-01 3.327332733273327126e-01 2.592259225922592392e-01 2.553255325532553521e-01 2.907290729072907198e-01 2.442244224422442378e-01 2.595259525952595125e-01 3.090309030903090060e-01 2.508250825082508073e-01 2.523252325232523408e-01
2.985298529852985494e-01 2.304230423042304132e-01 2.508250825082508073e-01 2.811281128112811389e-01 2.574257425742574323e-01 2.523252325232523408e-01 3.222322232223222560e-01 2.394239423942394196e-01 2.472247224722472214e-01 3.324332433243324392e-01 2.571257125712571034e-01 2.547254725472547499e-01
3.159315931593159044e-01 2.484248424842484260e-01 2.382238223822382150e-01 2.976297629762976182e-01 2.472247224722472214e-01 2.619261926192619216e-01 2.916291629162916510e-01 2.358235823582358337e-01 2.430243024302430332e-01 3.153315331533153576e-01 2.556255625562556255e-01 2.430243024302430332e-01
2.919291929192919244e-01 2.445244524452445112e-01 2.379237923792379139e-01 2.889288928892889130e-01 2.502250225022502050e-01 2.643264326432643307e-01 3.066306630663066524e-01 2.562256225622562278e-01 2.571257125712571034e-01 2.901290129012901176e-01 2.571257125712571034e-01 2.484248424842484260e-01
2.982298229822982205e-01 2.580258025802580346e-01 2.493249324932493294e-01 3.051305130513051189e-01 2.610261026102610460e-01 2.502250225022502050e-01 2.715271527152715025e-01 2.454245424542454146e-01 2.472247224722472214e-01 3.108310831083108128e-01 2.583258325832583080e-01 2.508250825082508073e-01
3.084308430843084037e-01 2.577257725772577057e-01 2.370237023702370105e-01 2.916291629162916510e-01 2.553255325532553521e-01 2.649264926492649330e-01 3.045304530453045166e-01 2.532253225322532164e-01 2.580258025802580346e-01 2.880288028802880373e-01 2.409240924092409253e-01 2.511251125112511362e-01
2.796279627962796055e-01 2.472247224722472214e-01 2.598259825982598414e-01 2.928292829282928555e-01 2.445244524452445112e-01 2.646264626462646041e-01 2.835283528352835480e-01 2.610261026102610460e-01 2.544254425442544210e-01 3.162316231623162333e-01 2.526252625262526141e-01 2.577257725772577057e-01
3.009300930093009030e-01 2.553255325532553521e-01 2.595259525952595125e-01 2.826282628262826169e-01 2.427242724272427321e-01 2.412241224122412264e-01 2.985298529852985494e-01 2.340234023402340269e-01 2.190219021902190255e-01 3.069306930693069257e-01 2.622262226222622505e-01 2.463246324632463180e-01
2.793279327932793321e-01 2.505250525052505339e-01 2.406240624062406241e-01 2.802280228022802078e-01 2.520252025202520119e-01 2.445244524452445112e-01 2.850285028502850260e-01 2.565256525652565012e-01 2.367236723672367371e-01 2.985298529852985494e-01 2.502250225022502050e-01 2.727272727272727071e-01
3.084308430843084037e-01 2.631263126312631262e-01 2.415241524152415276e-01 2.823282328232823435e-01 2.409240924092409253e-01 2.463246324632463180e-01 2.820282028202820146e-01 2.499249924992499317e-01 2.532253225322532164e-01 2.661266126612661376e-01 2.391239123912391185e-01 2.445244524452445112e-01
2.841284128412841503e-01 2.613261326132613194e-01 2.400240024002400219e-01 2.838283828382838214e-01 2.484248424842484260e-01 2.421242124212421298e-01 2.880288028802880373e-01 2.517251725172517385e-01 2.553255325532553521e-01 2.853285328532853549e-01 2.697269726972697512e-01 2.565256525652565012e-01
2.778277827782778542e-01 2.448244824482448123e-01 2.595259525952595125e-01 2.661266126612661376e-01 2.454245424542454146e-01 2.436243624362436355e-01 2.736273627362736383e-01 2.445244524452445112e-01 2.418241824182418287e-01 2.775277527752775253e-01 2.529252925292529430e-01 2.538253825382538187e-01
2.739273927392739116e-01 2.643264326432643307e-01 2.610261026102610460e-01 2.721272127212721048e-01 2.457245724572457157e-01 2.454245424542454146e-01 2.790279027902790032e-01 2.541254125412541476e-01 2.568256825682568301e-01 2.859285928592859016e-01 2.499249924992499317e-01 2.562256225622562278e-01
2.646264626462646041e-01 2.643264326432643307e-01 2.499249924992499317e-01 2.856285628562856282e-01 2.532253225322532164e-01 2.394239423942394196e-01 2.862286228622862305e-01 2.574257425742574323e-01 2.502250225022502050e-01 2.877287728772877085e-01 2.586258625862586369e-01 2.490249024902490282e-01
2.775277527752775253e-01 2.274227422742274296e-01 2.364236423642364360e-01 2.694269426942694223e-01 2.589258925892589103e-01 2.511251125112511362e-01 2.832283228322832191e-01 2.667266726672667398e-01 2.427242724272427321e-01 2.760276027602760474e-01 2.502250225022502050e-01 2.511251125112511362e-01
2.823282328232823435e-01 2.721272127212721048e-01 2.550255025502550232e-01 2.607260726072607171e-01 2.352235223522352314e-01 2.349234923492349303e-01 2.661266126612661376e-01 2.406240624062406241e-01 2.520252025202520119e-01 2.760276027602760474e-01 2.355235523552355326e-01 2.508250825082508073e-01
2.745274527452745139e-01 2.535253525352535453e-01 2.424242424242424310e-01 2.847284728472847526e-01 2.604260426042604437e-01 2.649264926492649330e-01 2.880288028802880373e-01 2.358235823582358337e-01 2.409240924092409253e-01 2.754275427542754451e-01 2.517251725172517385e-01 2.439243924392439367e-01
2.787278727872787298e-01 2.670267026702670132e-01 2.451245124512451135e-01 2.727272727272727071e-01 2.676267626762676155e-01 2.691269126912691489e-01 2.751275127512751162e-01 2.583258325832583080e-01 2.541254125412541476e-01 2.748274827482748428e-01 2.508250825082508073e-01 2.583258325832583080e-01
2.811281128112811389e-01 2.721272127212721048e-01 2.517251725172517385e-01 2.865286528652865039e-01 2.508250825082508073e-01 2.580258025802580346e-01 2.715271527152715025e-01 2.607260726072607171e-01 2.346234623462346292e-01 2.559255925592558989e-01 2.547254725472547499e-01 2.310231023102310155e-01
2.628262826282628528e-01 2.655265526552655353e-01 2.481248124812481248e-01 2.751275127512751162e-01 2.472247224722472214e-01 2.520252025202520119e-01 2.784278427842784009e-01 2.277227722772277307e-01 2.370237023702370105e-01 2.682268226822682178e-01 2.409240924092409253e-01 2.520252025202520119e-01
2.763276327632763207e-01 2.421242124212421298e-01 2.565256525652565012e-01 2.733273327332733094e-01 2.487248724872487271e-01 2.580258025802580346e-01 2.754275427542754451e-01 2.295229522952295098e-01 2.394239423942394196e-01 2.751275127512751162e-01 2.559255925592558989e-01 2.421242124212421298e-01
2.655265526552655353e-01 2.514251425142514096e-01 2.421242124212421298e-01 2.658265826582658087e-01 2.385238523852385162e-01 2.496249624962496305e-01 2.481248124812481248e-01 2.526252625262526141e-01 2.259225922592259239e-01 2.568256825682568301e-01 2.517251725172517385e-01 2.529252925292529430e-01
2.757275727572757185e-01 2.304230423042304132e-01 2.460246024602460169e-01 2.661266126612661376e-01 2.505250525052505339e-01 2.712271227122712292e-01 2.700270027002700246e-01 2.529252925292529430e-01 2.418241824182418287e-01 2.940294029402940046e-01 2.571257125712571034e-01 2.730273027302730360e-01
2.667266726672667398e-01 2.529252925292529430e-01 2.556255625562556255e-01 2.589258925892589103e-01 2.448244824482448123e-01 2.343234323432343280e-01 2.886288628862886396e-01 2.550255025502550232e-01 2.526252625262526141e-01 2.610261026102610460e-01 2.490249024902490282e-01 2.496249624962496305e-01
