9.726972697269724577e-01 9.327932793279326562e-01 9.696969696969697239e-01 9.432943294329431128e-01
1.007500750075007723e+00 8.745874587458742910e-01 9.429942994299422843e-01 9.669966996699660422e-01
9.111911191119100861e-01 1.003600360036003725e+00 9.747974797479742604e-01 9.675967596759673661e-01
8.682868286828672177e-01 9.558955895589558160e-01 9.633963396339618734e-01 1.005700570057006082e+00
9.294929492949292049e-01 1.014401440144014455e+00 1.071407140714072170e+00 9.033903390339025341e-01
9.129912991299132807e-01 9.270927092709259076e-01 1.038403840384038768e+00 9.960996099609962240e-01
9.372937293729376451e-01 9.987998799879983514e-01 9.072907290729064211e-01 9.330933093309324855e-01
8.715871587158711131e-01 9.054905490549054470e-01 9.432943294329432238e-01 9.411941194119406440e-01
1.069606960696069864e+00 9.024902490249024911e-01 9.912991299129911837e-01 8.847884788478842522e-01
8.469846984698470305e-01 9.177917791779178769e-01 8.868886888688864989e-01 8.439843984398438526e-01
9.474947494749473842e-01 9.132913291329138872e-01 9.099909990999102138e-01 8.583858385838573080e-01
9.783978397839789842e-01 9.651965196519648460e-01 9.759975997599766862e-01 9.234923492349241814e-01
7.752775277527750308e-01 8.754875487548755553e-01 7.779777977797769362e-01 9.210921092109214392e-01
8.295829582958293980e-01 9.219921992199232585e-01 9.702970297029704927e-01 8.694869486948688664e-01
8.856885688568852943e-01 8.538853885388543175e-01 7.995799579957998393e-01 7.650765076507648477e-01
9.210921092109218833e-01 8.763876387638761534e-01 9.879987998799890647e-01 8.913891389138918209e-01
8.265826582658271082e-01 7.368736873687369293e-01 8.304830483048305512e-01 8.427842784278434252e-01
7.350735073507357331e-01 8.217821782178220680e-01 8.112811281128115004e-01 8.142814281428146783e-01
7.827782778277829756e-01 7.233723372337232949e-01 7.938793879387937569e-01 7.347734773477347936e-01
6.636663666366628966e-01 8.334833483348340621e-01 7.611761176117617378e-01 7.605760576057609690e-01
7.791779177917796950e-01 8.484848484848487304e-01 8.310831083108322082e-01 7.428742874287428410e-01
7.365736573657371000e-01 8.142814281428150114e-01 7.998799879988004458e-01 7.896789678967904846e-01
8.178817881788179589e-01 8.022802280228027438e-01 7.329732973297332643e-01 7.497749774977502391e-01
7.380738073807383559e-01 6.822682268226830660e-01 6.894689468946902933e-01 8.259825982598267835e-01
7.380738073807383559e-01 6.723672367236728231e-01 6.156615661566156028e-01 7.377737773777384156e-01
7.806780678067810619e-01 7.752775277527756970e-01 7.359735973597364422e-01 7.572757275727575177e-01
7.092709270927098908e-01 6.186618661866190028e-01 7.155715571557157428e-01 5.991599159915995676e-01
6.489648964896497230e-01 6.366636663666369600e-01 6.804680468046807595e-01 6.777677767776780771e-01
5.544554455445546148e-01 6.063606360636064618e-01 6.372637263726377288e-01 6.252625262526253502e-01
6.381638163816389930e-01 6.372637263726373957e-01 6.312631263126318171e-01 5.985598559855985767e-01
5.892589258925896578e-01 5.754575457545758610e-01 5.307530753075311303e-01 6.441644164416442386e-01
6.204620462046209761e-01 5.361536153615363842e-01 6.501650165016503724e-01 6.192619261926195495e-01
6.234623462346239320e-01 5.772577257725770572e-01 6.078607860786084949e-01 5.724572457245724610e-01
6.303630363036309969e-01 6.081608160816086572e-01 5.502550255025504544e-01 6.123612361236128177e-01
5.871587158715877441e-01 5.931593159315936559e-01 5.817581758175817130e-01 5.664566456645668824e-01
5.535553555355542388e-01 4.944494449444945539e-01 6.099609960996104085e-01 4.872487248724871600e-01
5.400540054005403823e-01 5.679567956795682493e-01 5.403540354035408777e-01 5.199519951995204003e-01
5.262526252625263634e-01 5.919591959195921183e-01 6.348634863486355417e-01 4.587458745874589683e-01
5.403540354035405446e-01 5.373537353735372557e-01 5.121512151215121822e-01 5.253525352535255433e-01
5.571557155715572973e-01 5.367536753675369310e-01 4.431443144314428650e-01 4.899489948994897870e-01
5.361536153615363842e-01 5.166516651665168380e-01 4.680468046804681093e-01 4.680468046804682203e-01
4.797479747974798814e-01 5.577557755775585102e-01 4.275427542754277055e-01 4.296429642964296747e-01
4.773477347734779164e-01 5.139513951395142666e-01 3.684368436843686312e-01 4.593459345934591820e-01
4.212421242124212983e-01 4.569456945694568284e-01 5.031503150315033146e-01 4.809480948094810304e-01
5.208520852085214425e-01 4.305430543054308834e-01 4.962496249624967493e-01 4.161416141614160402e-01
4.248424842484246899e-01 5.469546954695473362e-01 4.497449744974496011e-01 5.154515451545151894e-01
3.624362436243624419e-01 4.524452445244526722e-01 5.079507950795080218e-01 3.933393339333933203e-01
4.539453945394540946e-01 4.365436543654364621e-01 4.110411041104105045e-01 3.561356135613558127e-01
4.371437143714371754e-01 4.617461746174619242e-01 5.103510351035104309e-01 4.008400840084009875e-01
3.609360936093605199e-01 4.170417041704168604e-01 3.378337833783375266e-01 4.722472247224726027e-01
3.618361836183612845e-01 4.491449144914492209e-01 3.543354335433543389e-01 4.224422442244223364e-01
3.858385838583860417e-01 4.758475847584762164e-01 3.990399039903992362e-01 4.269426942694270477e-01
4.551455145514557432e-01 3.234323432343236826e-01 4.956495649564959249e-01 4.806480648064809791e-01
4.407440744074407890e-01 4.131413141314128623e-01 4.104410441044107349e-01 4.221422142214224515e-01
3.801380138013801258e-01 3.804380438043808432e-01 4.083408340834085437e-01 3.474347434743471630e-01
3.699369936993698871e-01 3.825382538253824238e-01 3.255325532553254297e-01 4.083408340834081551e-01
3.891389138913887713e-01 3.738373837383736631e-01 4.119411941194119908e-01 3.924392439243928332e-01
3.570357035703571325e-01 4.095409540954100813e-01 3.219321932193215940e-01 4.485448544854487851e-01
3.963396339633959431e-01 3.609360936093608530e-01 4.125412541254126486e-01 3.804380438043803991e-01
3.270327032703270187e-01 3.291329132913288213e-01 3.222322232223219785e-01 4.176417641764175182e-01
3.774377437743776653e-01 3.705370537053707114e-01 3.495349534953494652e-01 3.255325532553254853e-01
3.084308430843080151e-01 3.483348334833481497e-01 3.642364236423642487e-01 3.033303330333030345e-01
3.585358535853584439e-01 3.057305730573053326e-01 3.291329132913292099e-01 3.276327632763275099e-01
2.898289828982896776e-01 3.246324632463248316e-01 3.315331533153313970e-01 3.642364236423640822e-01
2.508250825082501967e-01 3.366336633663368216e-01 3.366336633663364886e-01 3.363336333633358821e-01
3.867386738673869173e-01 2.826282628262825614e-01 2.922292229222923643e-01 3.285328532853286077e-01
2.856285628562856282e-01 3.114311431143115816e-01 3.285328532853285521e-01 3.723372337233723517e-01
3.054305430543055588e-01 3.378337833783379707e-01 3.975397539753970366e-01 3.150315031503150287e-01
2.802280228022799302e-01 2.844284428442842017e-01 3.045304530453045166e-01 3.303330333033302479e-01
2.787278727872785078e-01 3.651365136513650689e-01 2.670267026702665691e-01 2.346234623462337410e-01
2.400240024002398276e-01 3.357335733573353909e-01 3.891389138913891044e-01 3.339333933393336395e-01
3.591359135913589906e-01 3.318331833183315593e-01 3.771377137713773364e-01 2.997299729972995874e-01
2.844284428442844237e-01 3.315331533153314525e-01 2.124212421242122895e-01 2.682268226822681068e-01
3.819381938193819881e-01 3.180318031803178735e-01 2.931293129312927959e-01 3.837383738373838504e-01
2.970297029702966829e-01 2.766276627662764831e-01 3.534353435343536853e-01 2.856285628562854062e-01
