9.720972097209721330e-01 9.546954695469547225e-01 9.333933393339334250e-01 9.720972097209721330e-01 9.477947794779477686e-01 9.360936093609361075e-01 9.642964296429642479e-01 9.318931893189319471e-01 8.973897389738973995e-01 9.624962496249624966e-01 9.318931893189319471e-01 9.027902790279027645e-01
9.330933093309330406e-01 9.012901290129012866e-01 8.457845784578458259e-01 9.162916291629162879e-01 8.475847584758475772e-01 7.872787278727872984e-01 9.126912691269126743e-01 8.421842184218422123e-01 7.953795379537953458e-01 9.330933093309330406e-01 9.012901290129012866e-01 8.253825382538253486e-01
8.775877587758775800e-01 8.013801380138013686e-01 7.134713471347134961e-01 8.961896189618961950e-01 7.743774377437744327e-01 7.344734473447345202e-01 9.123912391239124009e-01 8.487848784878487818e-01 7.491749174917491372e-01 8.850885088508850806e-01 7.623762376237623872e-01 7.164716471647164520e-01
8.502850285028502597e-01 7.248724872487248838e-01 6.063606360636063508e-01 8.568856885688569403e-01 7.524752475247524774e-01 6.636663666366636738e-01 8.535853585358536000e-01 7.551755175517551599e-01 6.234623462346234879e-01 8.781878187818782378e-01 7.755775577557755263e-01 6.921692169216921986e-01
8.121812181218122095e-01 7.074707470747074733e-01 5.484548454845484811e-01 8.163816381638163699e-01 7.026702670267026551e-01 5.709570957095709831e-01 7.941794179417941413e-01 6.087608760876087599e-01 5.133513351335133867e-01 8.547854785478548045e-01 7.188718871887188611e-01 6.288628862886288529e-01
8.208820882088209148e-01 6.903690369036903363e-01 5.568556855685568019e-01 7.770777077707771152e-01 6.564656465646564465e-01 5.181518151815182049e-01 7.551755175517551599e-01 5.970597059705970988e-01 4.809480948094809749e-01 7.917791779177917322e-01 6.198619861986198742e-01 5.103510351035103199e-01
7.473747374737473859e-01 6.264626462646264438e-01 4.758475847584758278e-01 7.437743774377437722e-01 5.877587758775877358e-01 4.290429042904290169e-01 7.812781278127812756e-01 6.546654665466546952e-01 5.016501650165016146e-01 7.332733273327333157e-01 5.814581458145814397e-01 4.461446144614461540e-01
7.248724872487248838e-01 5.556555655565557084e-01 4.374437443744374487e-01 7.833783378337834113e-01 6.132613261326133047e-01 5.010501050105010679e-01 6.756675667566757193e-01 4.755475547554755544e-01 3.450345034503450314e-01 6.885688568856885849e-01 5.019501950195019990e-01 3.447344734473447581e-01
6.849684968496849713e-01 4.734473447344734742e-01 3.435343534353435535e-01 6.615661566156615381e-01 4.662466246624662469e-01 3.039303930393039144e-01 7.011701170117011772e-01 4.731473147314731453e-01 3.573357335733573503e-01 6.789678967896789485e-01 4.386438643864386533e-01 3.213321332133213248e-01
6.717671767176717212e-01 4.140414041404140155e-01 3.180318031803180401e-01 6.279627962796279217e-01 4.110411041104110597e-01 2.730273027302730360e-01 6.438643864386438542e-01 4.362436243624362442e-01 2.838283828382838214e-01 6.432643264326433075e-01 4.272427242724272656e-01 2.826282628262826169e-01
6.270627062706271015e-01 3.807380738073807280e-01 2.541254125412541476e-01 6.087608760876087599e-01 4.008400840084008210e-01 2.598259825982598414e-01 6.465646564656465367e-01 4.197419741974197649e-01 2.877287728772877085e-01 6.564656465646564465e-01 4.206420642064206405e-01 2.886288628862886396e-01
6.303630363036303308e-01 3.849384938493849440e-01 2.580258025802580346e-01 6.117611761176117158e-01 4.038403840384038324e-01 2.694269426942694223e-01 5.802580258025802351e-01 3.243324332433243362e-01 2.181218121812181221e-01 6.411641164116411717e-01 3.996399639963996164e-01 2.823282328232823435e-01
5.841584158415841221e-01 3.549354935493549412e-01 2.316231623162316178e-01 5.400540054005400492e-01 3.096309630963096082e-01 1.740174017401740214e-01 6.480648064806480146e-01 4.716471647164716674e-01 3.069306930693069257e-01 5.694569456945695052e-01 3.087308730873087326e-01 1.905190519051905285e-01
5.253525352535253212e-01 2.577257725772577057e-01 1.647164716471647139e-01 5.373537353735373667e-01 3.084308430843084037e-01 1.818181818181818232e-01 5.400540054005400492e-01 2.952295229522952091e-01 1.899189918991899262e-01 5.139513951395139335e-01 2.682268226822682178e-01 1.791179117911791130e-01
4.944494449444944428e-01 2.379237923792379139e-01 1.311131113111311253e-01 5.283528352835283881e-01 2.853285328532853549e-01 1.827182718271827266e-01 5.976597659765976456e-01 3.486348634863486451e-01 2.310231023102310155e-01 5.601560156015601422e-01 3.345334533453345194e-01 1.944194419441944155e-01
4.623462346234623599e-01 2.283228322832283330e-01 1.329132913291329043e-01 4.869486948694869421e-01 2.280228022802280319e-01 1.389138913891389271e-01 5.493549354935493012e-01 3.315331533153315080e-01 2.067206720672067344e-01 4.671467146714671226e-01 2.367236723672367371e-01 1.248124812481248153e-01
4.611461146114611553e-01 2.013201320132013139e-01 1.194119411941194087e-01 4.449444944494449494e-01 2.160216021602160141e-01 1.155115511551155077e-01 4.419441944194419380e-01 2.301230123012301121e-01 1.287128712871287162e-01 4.710471047104710651e-01 2.505250525052505339e-01 1.383138313831383248e-01
4.344434443444344374e-01 2.136213621362136328e-01 1.209120912091209143e-01 4.479447944794479608e-01 2.244224422442244182e-01 1.146114611461146182e-01 4.446444644464446205e-01 2.259225922592259239e-01 1.380138013801380237e-01 4.527452745274527235e-01 2.277227722772277307e-01 1.314131413141314264e-01
4.563456345634563371e-01 1.986198619861986314e-01 1.170117011701170134e-01 4.812481248124812483e-01 2.490249024902490282e-01 1.467146714671467012e-01 4.365436543654365176e-01 2.226222622262226114e-01 1.278127812781278128e-01 4.047404740474047635e-01 2.064206420642064332e-01 9.120912091209121275e-02
4.494449444944494387e-01 2.055205520552055298e-01 1.335133513351335066e-01 4.335433543354335617e-01 1.872187218721872159e-01 1.110111011101110046e-01 4.491449144914491654e-01 2.283228322832283330e-01 1.152115211521152066e-01 4.056405640564056392e-01 1.755175517551755271e-01 9.120912091209121275e-02
3.906390639063906378e-01 1.716171617161716123e-01 8.820882088208821525e-02 3.711371137113711471e-01 1.416141614161416096e-01 7.320732073207321389e-02 3.912391239123912401e-01 1.677167716771677253e-01 8.970897089708970706e-02 3.546354635463546123e-01 1.575157515751575144e-01 7.260726072607261161e-02
3.843384338433843417e-01 1.605160516051605257e-01 7.500750075007500683e-02 4.587458745874587462e-01 2.214221422142214346e-01 1.266126612661266082e-01 3.708370837083708182e-01 1.506150615061506159e-01 7.830783078307830547e-02 4.197419741974197649e-01 1.920192019201920064e-01 1.095109510951095128e-01
3.717371737173717494e-01 1.518151815181518205e-01 9.150915091509151389e-02 4.023402340234023544e-01 1.899189918991899262e-01 9.030903090309030934e-02 3.567356735673567480e-01 1.410141014101410073e-01 6.390639063906390638e-02 3.693369336933693403e-01 1.644164416441644128e-01 6.300630063006300297e-02
3.285328532853285521e-01 1.368136813681368191e-01 7.350735073507350115e-02 3.486348634863486451e-01 1.362136213621362169e-01 7.020702070207020251e-02 3.852385238523852173e-01 1.668166816681668219e-01 8.430843084308431434e-02 3.618361836183618396e-01 1.629162916291629071e-01 8.670867086708670957e-02
3.225322532253225294e-01 1.293129312931293184e-01 6.720672067206720501e-02 3.402340234023402132e-01 1.431143114311431153e-01 6.390639063906390638e-02 3.399339933993399399e-01 1.323132313231323021e-01 5.790579057905790444e-02 3.318331833183318369e-01 1.326132613261326032e-01 7.110711071107110592e-02
3.249324932493249385e-01 1.134113411341134137e-01 6.030603060306030661e-02 3.411341134113411444e-01 1.497149714971497125e-01 7.770777077707770319e-02 2.976297629762976182e-01 1.059105910591059130e-01 5.460546054605460581e-02 3.222322232223222560e-01 1.263126312631263071e-01 6.000600060006000547e-02
2.997299729972997540e-01 1.128112811281128114e-01 5.070507050705070490e-02 3.075307530753075280e-01 1.161116111611161100e-01 5.940594059405940319e-02 2.805280528052805367e-01 9.450945094509451139e-02 4.710471047104710512e-02 2.994299429942994251e-01 1.044104410441044073e-01 4.530453045304530524e-02
2.694269426942694223e-01 8.790879087908791412e-02 4.290429042904290308e-02 3.069306930693069257e-01 1.239123912391239118e-01 6.270627062706270183e-02 2.610261026102610460e-01 9.120912091209121275e-02 5.550555055505550228e-02 2.772277227722772519e-01 1.086108610861086093e-01 4.680468046804680399e-02
2.745274527452745139e-01 9.180918091809181503e-02 4.830483048304830274e-02 2.838283828382838214e-01 1.227122712271227073e-01 5.940594059405940319e-02 2.901290129012901176e-01 1.047104710471047084e-01 5.040504050405040376e-02 2.697269726972697512e-01 1.026102610261026143e-01 4.350435043504350535e-02
2.646264626462646041e-01 9.060906090609061048e-02 4.740474047404740626e-02 2.520252025202520119e-01 7.980798079807981116e-02 4.770477047704770740e-02 2.613261326132613194e-01 9.630963096309630433e-02 4.230423042304230080e-02 2.598259825982598414e-01 8.610861086108610729e-02 4.200420042004200660e-02
3.321332133213321103e-01 1.179117911791179169e-01 5.400540054005400353e-02 2.292229222922292364e-01 8.550855085508550502e-02 4.650465046504650285e-02 2.721272127212721048e-01 1.131113111311131125e-01 4.980498049804980842e-02 2.364236423642364360e-01 8.610861086108610729e-02 4.410441044104410763e-02
2.490249024902490282e-01 7.740774077407740206e-02 4.620462046204620171e-02 2.322232223222322200e-01 8.730873087308731184e-02 3.510351035103510126e-02 2.622262226222622505e-01 8.790879087908791412e-02 5.250525052505250478e-02 2.343234323432343280e-01 7.740774077407740206e-02 4.830483048304830274e-02
2.373237323732373116e-01 7.620762076207621138e-02 4.350435043504350535e-02 2.697269726972697512e-01 9.300930093009300570e-02 4.950495049504950729e-02 2.313231323132313166e-01 6.780678067806780729e-02 4.020402040204020672e-02 2.469246924692469203e-01 7.920792079207920888e-02 4.980498049804980842e-02
2.145214521452145084e-01 7.050705070507050365e-02 4.020402040204020672e-02 2.322232223222322200e-01 8.040804080408041343e-02 3.660366036603660694e-02 2.040204020402040241e-01 5.640564056405640569e-02 3.750375037503750342e-02 2.091209120912091157e-01 6.510651065106511093e-02 3.420342034203420478e-02
2.628262826282628528e-01 8.070807080708071457e-02 4.860486048604860387e-02 2.046204620462046264e-01 7.290729072907291275e-02 3.660366036603660694e-02 1.986198619861986314e-01 6.750675067506750615e-02 3.630363036303630581e-02 2.376237623762376128e-01 8.220822082208220638e-02 4.740474047404740626e-02
2.322232223222322200e-01 7.290729072907291275e-02 4.260426042604260194e-02 1.932193219321932109e-01 5.250525052505250478e-02 3.810381038103810569e-02 2.070207020702070078e-01 5.670567056705670683e-02 3.450345034503450592e-02 2.082208220822082123e-01 7.230723072307231047e-02 4.110411041104110319e-02
1.659165916591659184e-01 6.270627062706270183e-02 3.240324032403240490e-02 2.124212421242124282e-01 6.390639063906390638e-02 3.720372037203720228e-02 2.247224722472247194e-01 7.170717071707170820e-02 4.560456045604560638e-02 2.325232523252325212e-01 7.020702070207020251e-02 3.930393039303930330e-02
1.749174917491749248e-01 6.120612061206120308e-02 3.720372037203720228e-02 1.977197719771977280e-01 6.300630063006300297e-02 4.080408040804080205e-02 1.827182718271827266e-01 5.850585058505850672e-02 3.510351035103510126e-02 1.872187218721872159e-01 5.850585058505850672e-02 3.120312031203120381e-02
1.917191719171917330e-01 5.070507050705070490e-02 3.810381038103810569e-02 1.941194119411941144e-01 6.570657065706571320e-02 3.840384038403840683e-02 1.731173117311731180e-01 5.610561056105610456e-02 3.390339033903390364e-02 1.845184518451845057e-01 5.880588058805880786e-02 3.900390039003900217e-02
1.842184218421842046e-01 5.910591059105910899e-02 3.390339033903390364e-02 1.974197419741974269e-01 5.880588058805880786e-02 3.630363036303630581e-02 1.683168316831683275e-01 6.240624062406240763e-02 3.660366036603660694e-02 1.713171317131713112e-01 5.610561056105610456e-02 3.450345034503450592e-02
1.788178817881788119e-01 5.040504050405040376e-02 3.240324032403240490e-02 1.644164416441644128e-01 4.740474047404740626e-02 3.660366036603660694e-02 1.725172517251725157e-01 5.310531053105310706e-02 3.150315031503150148e-02 1.860186018601860114e-01 5.700570057005700797e-02 3.690369036903690114e-02
1.611161116111611280e-01 4.830483048304830274e-02 3.300330033003300023e-02 1.647164716471647139e-01 5.130513051305130717e-02 3.180318031803180262e-02 1.434143414341434164e-01 4.470447044704470296e-02 3.240324032403240490e-02 1.665166516651665207e-01 5.790579057905790444e-02 3.420342034203420478e-02
1.638163816381638105e-01 4.500450045004500410e-02 3.150315031503150148e-02 1.410141014101410073e-01 4.020402040204020672e-02 3.660366036603660694e-02 1.575157515751575144e-01 5.220522052205220365e-02 3.810381038103810569e-02 1.578157815781578155e-01 4.500450045004500410e-02 3.210321032103210376e-02
1.431143114311431153e-01 4.410441044104410763e-02 3.060306030603060154e-02 1.449144914491449221e-01 4.500450045004500410e-02 3.390339033903390364e-02 1.389138913891389271e-01 3.390339033903390364e-02 3.570357035703570353e-02 1.281128112811281139e-01 4.260426042604260194e-02 3.390339033903390364e-02
1.425142514251425130e-01 4.230423042304230080e-02 3.240324032403240490e-02 1.605160516051605257e-01 4.950495049504950729e-02 2.910291029102910279e-02 1.446144614461446209e-01 4.680468046804680399e-02 3.960396039603960444e-02 1.230123012301230084e-01 4.260426042604260194e-02 3.420342034203420478e-02
1.380138013801380237e-01 4.500450045004500410e-02 2.970297029702970160e-02 1.131113111311131125e-01 4.440444044404440183e-02 3.540354035403540239e-02 1.215121512151215166e-01 4.560456045604560638e-02 2.880288028802880165e-02 1.263126312631263071e-01 4.380438043804380649e-02 3.240324032403240490e-02
1.461146114611461266e-01 5.100510051005100604e-02 4.110411041104110319e-02 1.335133513351335066e-01 4.290429042904290308e-02 3.120312031203120381e-02 1.293129312931293184e-01 4.290429042904290308e-02 3.300330033003300023e-02 1.329132913291329043e-01 3.960396039603960444e-02 3.390339033903390364e-02
1.302130213021302219e-01 4.830483048304830274e-02 3.660366036603660694e-02 1.245124512451245141e-01 4.410441044104410763e-02 2.760276027602760404e-02 1.302130213021302219e-01 4.260426042604260194e-02 3.480348034803480012e-02 1.431143114311431153e-01 4.080408040804080205e-02 3.900390039003900217e-02
1.239123912391239118e-01 4.140414041404140433e-02 3.660366036603660694e-02 1.344134413441344100e-01 3.870387038703870103e-02 2.940294029402940393e-02 1.362136213621362169e-01 4.110411041104110319e-02 3.780378037803780455e-02 1.095109510951095128e-01 3.690369036903690114e-02 2.760276027602760404e-02
1.224122412241224062e-01 4.530453045304530524e-02 3.330333033303330137e-02 1.407140714071407062e-01 4.650465046504650285e-02 3.930393039303930330e-02 1.098109810981098139e-01 3.780378037803780455e-02 3.090309030903090268e-02 1.158115811581158089e-01 3.600360036003600467e-02 3.210321032103210376e-02
1.125112511251125103e-01 4.230423042304230080e-02 2.880288028802880165e-02 1.332133213321332055e-01 5.130513051305130717e-02 3.960396039603960444e-02 1.074107410741074048e-01 3.600360036003600467e-02 3.150315031503150148e-02 1.155115511551155077e-01 3.570357035703570353e-02 3.270327032703270603e-02
1.119111911191119080e-01 3.720372037203720228e-02 3.360336033603360251e-02 1.218121812181218178e-01 3.570357035703570353e-02 3.540354035403540239e-02 1.137113711371137148e-01 3.870387038703870103e-02 2.790279027902790171e-02 1.194119411941194087e-01 3.990399039903990558e-02 3.060306030603060154e-02
1.041104110411041062e-01 3.810381038103810569e-02 3.480348034803480012e-02 1.044104410441044073e-01 3.600360036003600467e-02 3.330333033303330137e-02 1.068106810681068164e-01 3.540354035403540239e-02 2.940294029402940393e-02 1.068106810681068164e-01 4.170417041704170547e-02 2.670267026702670410e-02
9.810981098109811116e-02 3.750375037503750342e-02 2.730273027302730290e-02 1.065106510651065153e-01 3.480348034803480012e-02 3.450345034503450592e-02 9.660966096609660547e-02 3.000300030003000273e-02 3.330333033303330137e-02 9.810981098109811116e-02 3.420342034203420478e-02 2.730273027302730290e-02
1.035103510351035039e-01 4.920492049204920615e-02 3.120312031203120381e-02 9.450945094509451139e-02 3.660366036603660694e-02 3.300330033003300023e-02 8.700870087008701070e-02 3.600360036003600467e-02 3.480348034803480012e-02 1.086108610861086093e-01 3.300330033003300023e-02 3.300330033003300023e-02
1.017101710171017109e-01 3.690369036903690114e-02 3.360336033603360251e-02 8.790879087908791412e-02 4.530453045304530524e-02 3.180318031803180262e-02 8.370837083708371207e-02 3.330333033303330137e-02 3.720372037203720228e-02 9.270927092709270456e-02 3.750375037503750342e-02 3.600360036003600467e-02
8.820882088208821525e-02 3.720372037203720228e-02 3.360336033603360251e-02 9.660966096609660547e-02 3.150315031503150148e-02 3.420342034203420478e-02 1.020102010201020121e-01 3.600360036003600467e-02 2.580258025802580416e-02 8.460846084608460160e-02 3.360336033603360251e-02 2.940294029402940393e-02
8.670867086708670957e-02 3.600360036003600467e-02 2.910291029102910279e-02 9.960996099609961685e-02 3.810381038103810569e-02 2.760276027602760404e-02 7.380738073807380228e-02 3.540354035403540239e-02 3.330333033303330137e-02 8.580858085808580615e-02 3.390339033903390364e-02 3.300330033003300023e-02
8.400840084008401321e-02 2.880288028802880165e-02 3.570357035703570353e-02 9.000900090009000820e-02 3.390339033903390364e-02 3.750375037503750342e-02 8.340834083408341093e-02 3.210321032103210376e-02 2.850285028502850398e-02 8.490849084908490274e-02 3.360336033603360251e-02 2.940294029402940393e-02
7.770777077707770319e-02 3.600360036003600467e-02 2.910291029102910279e-02 7.800780078007800433e-02 3.330333033303330137e-02 2.850285028502850398e-02 8.970897089708970706e-02 3.600360036003600467e-02 3.690369036903690114e-02 8.610861086108610729e-02 2.850285028502850398e-02 3.420342034203420478e-02
8.340834083408341093e-02 3.570357035703570353e-02 3.570357035703570353e-02 1.137113711371137148e-01 4.200420042004200660e-02 3.510351035103510126e-02 8.700870087008701070e-02 3.480348034803480012e-02 2.760276027602760404e-02 7.860786078607860661e-02 3.750375037503750342e-02 3.420342034203420478e-02
8.550855085508550502e-02 3.600360036003600467e-02 3.120312031203120381e-02 7.800780078007800433e-02 2.460246024602460307e-02 3.690369036903690114e-02 6.660666066606660274e-02 3.720372037203720228e-02 3.750375037503750342e-02 8.520852085208520388e-02 3.420342034203420478e-02 3.150315031503150148e-02
7.110711071107110592e-02 2.970297029702970160e-02 3.120312031203120381e-02 8.580858085808580615e-02 3.930393039303930330e-02 3.090309030903090268e-02 8.700870087008701070e-02 3.240324032403240490e-02 3.300330033003300023e-02 6.810681068106810843e-02 3.210321032103210376e-02 2.850285028502850398e-02
8.100810081008100183e-02 3.450345034503450592e-02 3.600360036003600467e-02 8.430843084308431434e-02 3.390339033903390364e-02 3.210321032103210376e-02 8.160816081608160411e-02 3.420342034203420478e-02 2.910291029102910279e-02 7.290729072907291275e-02 3.690369036903690114e-02 3.750375037503750342e-02
6.390639063906390638e-02 3.420342034203420478e-02 3.360336033603360251e-02 7.380738073807380228e-02 3.570357035703570353e-02 2.880288028802880165e-02 8.790879087908791412e-02 3.510351035103510126e-02 2.970297029702970160e-02 8.460846084608460160e-02 2.970297029702970160e-02 3.330333033303330137e-02
8.100810081008100183e-02 3.360336033603360251e-02 3.600360036003600467e-02 7.080708070807080479e-02 3.270327032703270603e-02 3.150315031503150148e-02 7.080708070807080479e-02 2.850285028502850398e-02 3.120312031203120381e-02 7.920792079207920888e-02 3.390339033903390364e-02 2.850285028502850398e-02
6.840684068406840956e-02 2.640264026402640296e-02 2.730273027302730290e-02 7.440744074407440456e-02 3.330333033303330137e-02 3.150315031503150148e-02 6.660666066606660274e-02 2.820282028202820285e-02 3.330333033303330137e-02 7.680768076807681366e-02 4.020402040204020672e-02 3.150315031503150148e-02
5.280528052805280592e-02 3.600360036003600467e-02 3.180318031803180262e-02 7.560756075607560911e-02 2.940294029402940393e-02 3.450345034503450592e-02 7.080708070807080479e-02 3.060306030603060154e-02 2.760276027602760404e-02 6.420642064206420752e-02 3.210321032103210376e-02 3.120312031203120381e-02
5.730573057305730911e-02 3.210321032103210376e-02 3.690369036903690114e-02 6.570657065706571320e-02 3.090309030903090268e-02 3.540354035403540239e-02 6.060606060606060774e-02 3.030303030303030387e-02 3.330333033303330137e-02 6.360636063606360524e-02 3.180318031803180262e-02 3.450345034503450592e-02
6.360636063606360524e-02 2.610261026102610182e-02 3.060306030603060154e-02 6.120612061206120308e-02 2.820282028202820285e-02 3.480348034803480012e-02 6.180618061806180535e-02 3.390339033903390364e-02 3.390339033903390364e-02 6.090609060906090888e-02 3.300330033003300023e-02 2.880288028802880165e-02
5.760576057605760331e-02 3.300330033003300023e-02 3.240324032403240490e-02 6.360636063606360524e-02 2.730273027302730290e-02 2.610261026102610182e-02 6.330633063306330410e-02 3.240324032403240490e-02 3.480348034803480012e-02 5.550555055505550228e-02 2.940294029402940393e-02 3.090309030903090268e-02
6.390639063906390638e-02 3.000300030003000273e-02 3.030303030303030387e-02 5.310531053105310706e-02 3.300330033003300023e-02 3.210321032103210376e-02 5.520552055205520808e-02 3.360336033603360251e-02 2.820282028202820285e-02 5.820582058205820558e-02 2.760276027602760404e-02 2.790279027902790171e-02
6.360636063606360524e-02 3.270327032703270603e-02 2.910291029102910279e-02 6.180618061806180535e-02 3.600360036003600467e-02 3.660366036603660694e-02 6.360636063606360524e-02 3.480348034803480012e-02 2.820282028202820285e-02 5.910591059105910899e-02 2.880288028802880165e-02 3.480348034803480012e-02
6.330633063306330410e-02 3.120312031203120381e-02 3.270327032703270603e-02 5.130513051305130717e-02 3.150315031503150148e-02 2.850285028502850398e-02 6.120612061206120308e-02 3.540354035403540239e-02 3.600360036003600467e-02 5.520552055205520808e-02 3.180318031803180262e-02 2.850285028502850398e-02
5.280528052805280592e-02 3.180318031803180262e-02 3.270327032703270603e-02 5.970597059705970433e-02 3.450345034503450592e-02 3.270327032703270603e-02 6.210621062106210649e-02 3.000300030003000273e-02 2.820282028202820285e-02 5.490549054905490695e-02 2.970297029702970160e-02 2.790279027902790171e-02
5.280528052805280592e-02 2.610261026102610182e-02 3.090309030903090268e-02 6.120612061206120308e-02 2.880288028802880165e-02 2.790279027902790171e-02 5.160516051605160831e-02 3.060306030603060154e-02 3.330333033303330137e-02 5.070507050705070490e-02 3.180318031803180262e-02 3.660366036603660694e-02
5.550555055505550228e-02 2.940294029402940393e-02 3.300330033003300023e-02 4.980498049804980842e-02 3.360336033603360251e-02 2.730273027302730290e-02 5.610561056105610456e-02 2.700270027002700177e-02 2.820282028202820285e-02 5.520552055205520808e-02 3.420342034203420478e-02 3.150315031503150148e-02
5.610561056105610456e-02 2.880288028802880165e-02 2.910291029102910279e-02 5.670567056705670683e-02 3.150315031503150148e-02 3.270327032703270603e-02 6.000600060006000547e-02 2.370237023702370313e-02 3.420342034203420478e-02 5.610561056105610456e-02 3.210321032103210376e-02 3.480348034803480012e-02
5.760576057605760331e-02 3.450345034503450592e-02 2.940294029402940393e-02 5.460546054605460581e-02 2.910291029102910279e-02 3.510351035103510126e-02 5.190519051905190251e-02 3.030303030303030387e-02 2.940294029402940393e-02 5.130513051305130717e-02 3.630363036303630581e-02 2.940294029402940393e-02
4.830483048304830274e-02 3.030303030303030387e-02 3.570357035703570353e-02 5.310531053105310706e-02 2.970297029702970160e-02 3.000300030003000273e-02 4.710471047104710512e-02 3.240324032403240490e-02 2.940294029402940393e-02 5.400540054005400353e-02 3.840384038403840683e-02 3.330333033303330137e-02
4.230423042304230080e-02 3.030303030303030387e-02 2.640264026402640296e-02 5.160516051605160831e-02 3.390339033903390364e-02 3.060306030603060154e-02 5.640564056405640569e-02 2.910291029102910279e-02 3.000300030003000273e-02 5.100510051005100604e-02 2.940294029402940393e-02 2.670267026702670410e-02
5.670567056705670683e-02 2.850285028502850398e-02 2.940294029402940393e-02 5.490549054905490695e-02 3.030303030303030387e-02 2.790279027902790171e-02 4.770477047704770740e-02 3.330333033303330137e-02 3.090309030903090268e-02 5.490549054905490695e-02 3.510351035103510126e-02 3.450345034503450592e-02
4.680468046804680399e-02 2.760276027602760404e-02 3.330333033303330137e-02 5.280528052805280592e-02 2.850285028502850398e-02 3.240324032403240490e-02 5.430543054305430467e-02 3.660366036603660694e-02 3.360336033603360251e-02 5.550555055505550228e-02 2.910291029102910279e-02 3.030303030303030387e-02
5.100510051005100604e-02 3.210321032103210376e-02 2.580258025802580416e-02 5.370537053705370240e-02 3.180318031803180262e-02 2.790279027902790171e-02 4.680468046804680399e-02 3.660366036603660694e-02 3.270327032703270603e-02 5.010501050105010262e-02 3.570357035703570353e-02 3.570357035703570353e-02
5.550555055505550228e-02 3.630363036303630581e-02 3.480348034803480012e-02 4.200420042004200660e-02 3.300330033003300023e-02 2.940294029402940393e-02 4.980498049804980842e-02 3.180318031803180262e-02 3.870387038703870103e-02 4.410441044104410763e-02 3.420342034203420478e-02 3.180318031803180262e-02
5.190519051905190251e-02 3.540354035403540239e-02 3.720372037203720228e-02 3.870387038703870103e-02 3.330333033303330137e-02 3.450345034503450592e-02 4.740474047404740626e-02 3.840384038403840683e-02 3.630363036303630581e-02 4.440444044404440183e-02 3.360336033603360251e-02 2.850285028502850398e-02
4.170417041704170547e-02 3.300330033003300023e-02 3.330333033303330137e-02 4.470447044704470296e-02 2.820282028202820285e-02 2.370237023702370313e-02 3.990399039903990558e-02 3.210321032103210376e-02 2.730273027302730290e-02 4.350435043504350535e-02 3.120312031203120381e-02 2.250225022502250205e-02
4.320432043204320421e-02 2.550255025502550302e-02 3.150315031503150148e-02 4.500450045004500410e-02 3.030303030303030387e-02 3.240324032403240490e-02 4.440444044404440183e-02 2.520252025202520188e-02 3.510351035103510126e-02 4.260426042604260194e-02 2.220222022202220091e-02 3.300330033003300023e-02
4.260426042604260194e-02 3.360336033603360251e-02 3.780378037803780455e-02 3.960396039603960444e-02 2.610261026102610182e-02 2.610261026102610182e-02 4.800480048004800160e-02 3.120312031203120381e-02 2.940294029402940393e-02 4.200420042004200660e-02 3.030303030303030387e-02 3.270327032703270603e-02
4.080408040804080205e-02 3.090309030903090268e-02 3.720372037203720228e-02 4.770477047704770740e-02 2.910291029102910279e-02 3.540354035403540239e-02 4.290429042904290308e-02 3.390339033903390364e-02 3.390339033903390364e-02 4.710471047104710512e-02 3.540354035403540239e-02 3.990399039903990558e-02
4.650465046504650285e-02 3.270327032703270603e-02 3.300330033003300023e-02 4.230423042304230080e-02 2.910291029102910279e-02 3.030303030303030387e-02 4.170417041704170547e-02 3.120312031203120381e-02 3.180318031803180262e-02 4.620462046204620171e-02 3.450345034503450592e-02 3.180318031803180262e-02
3.630363036303630581e-02 3.150315031503150148e-02 3.360336033603360251e-02 4.170417041704170547e-02 3.300330033003300023e-02 2.850285028502850398e-02 4.050405040504050092e-02 3.000300030003000273e-02 3.150315031503150148e-02 4.530453045304530524e-02 3.420342034203420478e-02 3.510351035103510126e-02
3.960396039603960444e-02 2.970297029702970160e-02 2.580258025802580416e-02 4.650465046504650285e-02 3.270327032703270603e-02 3.060306030603060154e-02 4.830483048304830274e-02 2.760276027602760404e-02 2.700270027002700177e-02 4.230423042304230080e-02 3.180318031803180262e-02 3.360336033603360251e-02
4.110411041104110319e-02 3.330333033303330137e-02 3.240324032403240490e-02 5.070507050705070490e-02 3.240324032403240490e-02 3.600360036003600467e-02 4.170417041704170547e-02 3.390339033903390364e-02 3.000300030003000273e-02 4.170417041704170547e-02 2.940294029402940393e-02 2.550255025502550302e-02
4.590459045904590751e-02 3.180318031803180262e-02 3.300330033003300023e-02 4.080408040804080205e-02 2.940294029402940393e-02 3.180318031803180262e-02 4.170417041704170547e-02 2.610261026102610182e-02 3.870387038703870103e-02 3.900390039003900217e-02 3.000300030003000273e-02 3.300330033003300023e-02
3.660366036603660694e-02 3.180318031803180262e-02 3.150315031503150148e-02 3.930393039303930330e-02 3.840384038403840683e-02 3.210321032103210376e-02 3.780378037803780455e-02 3.360336033603360251e-02 3.150315031503150148e-02 3.270327032703270603e-02 3.390339033903390364e-02 2.700270027002700177e-02
3.450345034503450592e-02 3.120312031203120381e-02 2.910291029102910279e-02 3.510351035103510126e-02 2.880288028802880165e-02 2.850285028502850398e-02 4.230423042304230080e-02 3.330333033303330137e-02 3.420342034203420478e-02 3.930393039303930330e-02 3.690369036903690114e-02 2.610261026102610182e-02
4.680468046804680399e-02 3.270327032703270603e-02 3.540354035403540239e-02 4.500450045004500410e-02 2.820282028202820285e-02 2.670267026702670410e-02 3.630363036303630581e-02 2.850285028502850398e-02 3.240324032403240490e-02 3.180318031803180262e-02 3.120312031203120381e-02 3.150315031503150148e-02
3.000300030003000273e-02 3.420342034203420478e-02 2.910291029102910279e-02 3.390339033903390364e-02 3.210321032103210376e-02 3.030303030303030387e-02 3.900390039003900217e-02 2.520252025202520188e-02 3.660366036603660694e-02 4.140414041404140433e-02 3.300330033003300023e-02 3.300330033003300023e-02
4.200420042004200660e-02 3.270327032703270603e-02 3.390339033903390364e-02 4.020402040204020672e-02 3.480348034803480012e-02 3.240324032403240490e-02 4.230423042304230080e-02 3.480348034803480012e-02 3.150315031503150148e-02 3.600360036003600467e-02 2.520252025202520188e-02 2.370237023702370313e-02
4.410441044104410763e-02 3.570357035703570353e-02 3.420342034203420478e-02 3.990399039903990558e-02 3.330333033303330137e-02 2.670267026702670410e-02 3.930393039303930330e-02 3.060306030603060154e-02 3.150315031503150148e-02 4.050405040504050092e-02 3.060306030603060154e-02 3.270327032703270603e-02
3.420342034203420478e-02 3.060306030603060154e-02 3.120312031203120381e-02 4.500450045004500410e-02 2.760276027602760404e-02 3.720372037203720228e-02 3.840384038403840683e-02 2.460246024602460307e-02 3.210321032103210376e-02 3.840384038403840683e-02 3.150315031503150148e-02 3.120312031203120381e-02
3.570357035703570353e-02 3.120312031203120381e-02 3.360336033603360251e-02 3.870387038703870103e-02 3.690369036903690114e-02 3.300330033003300023e-02 3.930393039303930330e-02 3.420342034203420478e-02 2.910291029102910279e-02 3.600360036003600467e-02 2.580258025802580416e-02 2.760276027602760404e-02
3.720372037203720228e-02 2.760276027602760404e-02 3.360336033603360251e-02 4.140414041404140433e-02 3.090309030903090268e-02 3.780378037803780455e-02 3.810381038103810569e-02 3.150315031503150148e-02 3.360336033603360251e-02 3.180318031803180262e-02 3.480348034803480012e-02 2.940294029402940393e-02
3.600360036003600467e-02 2.850285028502850398e-02 3.780378037803780455e-02 3.840384038403840683e-02 3.300330033003300023e-02 3.150315031503150148e-02 3.600360036003600467e-02 2.820282028202820285e-02 2.970297029702970160e-02 3.810381038103810569e-02 3.780378037803780455e-02 3.420342034203420478e-02
