9.714000000000000412e-01 9.717000000000000082e-01 9.612000000000000544e-01 9.634000000000000341e-01
9.370000000000000551e-01 9.189000000000000501e-01 9.197999999999999510e-01 9.315999999999999837e-01
8.856000000000000538e-01 8.961999999999999966e-01 9.052000000000000046e-01 8.800999999999999934e-01
8.537000000000000144e-01 8.604000000000000536e-01 8.580999999999999739e-01 8.808000000000000274e-01
8.103000000000000203e-01 8.222000000000000419e-01 7.868000000000000549e-01 8.474000000000000421e-01
8.165999999999999925e-01 7.945999999999999730e-01 7.581999999999999851e-01 7.925999999999999712e-01
7.655999999999999472e-01 7.338999999999999968e-01 7.906999999999999584e-01 7.546000000000000485e-01
7.399000000000000021e-01 7.812000000000000055e-01 6.886999999999999789e-01 6.866999999999999771e-01
6.772000000000000242e-01 6.590000000000000302e-01 6.917999999999999705e-01 6.671000000000000263e-01
6.683999999999999941e-01 6.260000000000000009e-01 6.393999999999999684e-01 6.402999999999999803e-01
6.236000000000000432e-01 6.059999999999999831e-01 6.451000000000000068e-01 6.432999999999999829e-01
6.188000000000000167e-01 6.238000000000000211e-01 5.755000000000000115e-01 6.219000000000000083e-01
5.782000000000000473e-01 5.392000000000000126e-01 6.451000000000000068e-01 5.491000000000000325e-01
5.205999999999999517e-01 5.358000000000000540e-01 5.473999999999999977e-01 5.240000000000000213e-01
4.890999999999999792e-01 5.194999999999999618e-01 5.792000000000000481e-01 5.620000000000000551e-01
4.636000000000000121e-01 4.848999999999999977e-01 5.738999999999999657e-01 4.615000000000000213e-01
4.557999999999999829e-01 4.425999999999999934e-01 4.374000000000000110e-01 4.736000000000000210e-01
4.329000000000000070e-01 4.454000000000000181e-01 4.611000000000000099e-01 4.529000000000000248e-01
4.415000000000000036e-01 4.747999999999999998e-01 4.429000000000000159e-01 4.045000000000000262e-01
4.477999999999999758e-01 4.308000000000000163e-01 4.383000000000000229e-01 4.021000000000000130e-01
3.962999999999999856e-01 3.635999999999999788e-01 3.990000000000000213e-01 3.674999999999999933e-01
3.643000000000000127e-01 4.551000000000000045e-01 3.770999999999999908e-01 4.310999999999999832e-01
3.729999999999999982e-01 3.998999999999999777e-01 3.401000000000000134e-01 3.479999999999999760e-01
3.345000000000000195e-01 3.629000000000000004e-01 3.774000000000000132e-01 3.753000000000000225e-01
3.342999999999999861e-01 3.309000000000000274e-01 3.444999999999999729e-01 3.462999999999999967e-01
3.229000000000000203e-01 3.503999999999999893e-01 3.063000000000000167e-01 3.226999999999999869e-01
3.040999999999999814e-01 2.973999999999999977e-01 2.847999999999999976e-01 2.911000000000000254e-01
2.737999999999999878e-01 3.111999999999999766e-01 2.790000000000000258e-01 2.778999999999999804e-01
2.847000000000000086e-01 2.945999999999999730e-01 2.919999999999999818e-01 2.671000000000000041e-01
2.690000000000000169e-01 2.574000000000000177e-01 2.508000000000000229e-01 2.539000000000000146e-01
3.037000000000000255e-01 2.364999999999999880e-01 2.776000000000000134e-01 2.437999999999999889e-01
2.610000000000000098e-01 2.424999999999999933e-01 2.600000000000000089e-01 2.396999999999999964e-01
2.354999999999999871e-01 2.600999999999999979e-01 2.280000000000000082e-01 2.515000000000000013e-01
2.127999999999999892e-01 2.270000000000000073e-01 1.988000000000000045e-01 2.104999999999999927e-01
2.467000000000000026e-01 2.056000000000000050e-01 1.988000000000000045e-01 2.247000000000000108e-01
2.189000000000000112e-01 1.845999999999999863e-01 2.073000000000000120e-01 2.109999999999999931e-01
1.731000000000000039e-01 2.025000000000000133e-01 2.192000000000000060e-01 2.248999999999999888e-01
1.691000000000000003e-01 2.008000000000000063e-01 1.738999999999999990e-01 1.857999999999999929e-01
1.862000000000000044e-01 1.824000000000000066e-01 1.686999999999999889e-01 1.912000000000000088e-01
1.766999999999999960e-01 1.804000000000000048e-01 1.660999999999999976e-01 1.733999999999999986e-01
1.756000000000000061e-01 1.663999999999999924e-01 1.779000000000000026e-01 1.829000000000000070e-01
1.663000000000000034e-01 1.572999999999999954e-01 1.436999999999999944e-01 1.645999999999999963e-01
1.554999999999999993e-01 1.350999999999999979e-01 1.486000000000000099e-01 1.618999999999999884e-01
1.424999999999999878e-01 1.436000000000000054e-01 1.426999999999999935e-01 1.325000000000000067e-01
1.428000000000000103e-01 1.522999999999999909e-01 1.443000000000000116e-01 1.325999999999999956e-01
1.395000000000000129e-01 1.260000000000000009e-01 1.227000000000000035e-01 1.300000000000000044e-01
1.474000000000000032e-01 1.298999999999999877e-01 1.330999999999999961e-01 1.221000000000000002e-01
1.297000000000000097e-01 1.327000000000000124e-01 1.226000000000000006e-01 1.456000000000000072e-01
1.194999999999999951e-01 1.325000000000000067e-01 1.414999999999999869e-01 1.155999999999999944e-01
1.302999999999999992e-01 1.280999999999999917e-01 1.160999999999999949e-01 1.171999999999999986e-01
1.145999999999999935e-01 1.363000000000000045e-01 1.084999999999999992e-01 1.155999999999999944e-01
1.026999999999999996e-01 1.112999999999999962e-01 1.126999999999999946e-01 1.194000000000000061e-01
1.093999999999999972e-01 9.740000000000000047e-02 1.035999999999999976e-01 9.959999999999999409e-02
1.131999999999999951e-01 9.020000000000000240e-02 9.379999999999999449e-02 9.489999999999999825e-02
9.979999999999999982e-02 9.760000000000000620e-02 9.859999999999999321e-02 1.005999999999999950e-01
1.040999999999999981e-01 9.239999999999999603e-02 9.229999999999999316e-02 9.600000000000000200e-02
9.160000000000000087e-02 1.021999999999999992e-01 9.710000000000000575e-02 8.490000000000000324e-02
9.260000000000000175e-02 1.005000000000000060e-01 7.929999999999999549e-02 9.439999999999999780e-02
8.580000000000000127e-02 8.649999999999999356e-02 8.930000000000000437e-02 8.840000000000000635e-02
7.920000000000000651e-02 8.429999999999999993e-02 8.999999999999999667e-02 8.999999999999999667e-02
8.179999999999999771e-02 1.092000000000000054e-01 8.060000000000000497e-02 8.219999999999999529e-02
8.459999999999999465e-02 7.549999999999999767e-02 7.030000000000000138e-02 8.340000000000000191e-02
7.439999999999999392e-02 8.300000000000000433e-02 7.939999999999999836e-02 7.080000000000000182e-02
7.850000000000000033e-02 8.000000000000000167e-02 8.820000000000000062e-02 7.860000000000000320e-02
6.550000000000000266e-02 7.299999999999999545e-02 8.880000000000000393e-02 8.160000000000000586e-02
8.210000000000000631e-02 7.230000000000000315e-02 7.879999999999999505e-02 7.159999999999999698e-02
6.310000000000000331e-02 6.629999999999999782e-02 7.240000000000000602e-02 7.340000000000000691e-02
6.460000000000000464e-02 7.040000000000000424e-02 7.249999999999999500e-02 6.060000000000000109e-02
6.539999999999999980e-02 6.759999999999999343e-02 6.600000000000000311e-02 5.920000000000000262e-02
6.090000000000000274e-02 6.419999999999999318e-02 6.510000000000000508e-02 6.230000000000000121e-02
6.479999999999999649e-02 5.820000000000000173e-02 6.270000000000000573e-02 5.530000000000000193e-02
5.949999999999999734e-02 5.349999999999999895e-02 5.999999999999999778e-02 5.800000000000000294e-02
5.739999999999999963e-02 5.829999999999999766e-02 5.369999999999999774e-02 6.019999999999999657e-02
6.019999999999999657e-02 5.120000000000000245e-02 6.010000000000000064e-02 6.069999999999999701e-02
5.480000000000000149e-02 5.709999999999999798e-02 5.559999999999999665e-02 5.290000000000000258e-02
5.550000000000000072e-02 5.800000000000000294e-02 4.920000000000000068e-02 5.569999999999999951e-02
4.909999999999999781e-02 4.959999999999999826e-02 5.299999999999999850e-02 5.500000000000000028e-02
5.199999999999999761e-02 4.499999999999999833e-02 5.739999999999999963e-02 5.129999999999999838e-02
4.619999999999999801e-02 5.099999999999999672e-02 5.029999999999999749e-02 5.220000000000000334e-02
5.190000000000000169e-02 4.929999999999999660e-02 5.190000000000000169e-02 5.149999999999999717e-02
4.939999999999999947e-02 5.630000000000000282e-02 5.020000000000000157e-02 4.889999999999999902e-02
5.319999999999999729e-02 5.689999999999999919e-02 5.009999999999999870e-02 5.899999999999999689e-02
4.819999999999999979e-02 4.299999999999999656e-02 5.170000000000000290e-02 4.979999999999999705e-02
4.410000000000000031e-02 4.780000000000000221e-02 4.540000000000000285e-02 4.270000000000000184e-02
4.789999999999999813e-02 4.329999999999999821e-02 4.549999999999999878e-02 4.000000000000000083e-02
4.619999999999999801e-02 4.830000000000000265e-02 4.700000000000000011e-02 4.669999999999999846e-02
4.440000000000000197e-02 4.370000000000000273e-02 4.089999999999999886e-02 4.700000000000000011e-02
4.309999999999999942e-02 4.139999999999999930e-02 4.229999999999999732e-02 4.279999999999999777e-02
4.009999999999999676e-02 4.329999999999999821e-02 4.560000000000000164e-02 4.610000000000000209e-02
4.340000000000000108e-02 5.029999999999999749e-02 4.390000000000000152e-02 4.309999999999999942e-02
3.780000000000000027e-02 4.750000000000000056e-02 4.299999999999999656e-02 4.250000000000000305e-02
3.969999999999999918e-02 4.170000000000000095e-02 3.960000000000000325e-02 4.130000000000000338e-02
4.080000000000000293e-02 4.370000000000000273e-02 4.349999999999999700e-02 4.050000000000000128e-02
4.240000000000000019e-02 4.619999999999999801e-02 3.919999999999999873e-02 4.610000000000000209e-02
4.120000000000000051e-02 4.290000000000000063e-02 4.370000000000000273e-02 4.179999999999999688e-02
3.799999999999999906e-02 4.019999999999999962e-02 4.379999999999999866e-02 4.070000000000000007e-02
3.989999999999999797e-02 4.279999999999999777e-02 3.610000000000000014e-02 3.760000000000000148e-02
3.860000000000000236e-02 3.740000000000000269e-02 3.919999999999999873e-02 4.159999999999999809e-02
4.050000000000000128e-02 3.729999999999999982e-02 4.150000000000000216e-02 3.930000000000000160e-02
3.790000000000000313e-02 4.220000000000000140e-02 4.019999999999999962e-02 4.209999999999999853e-02
4.159999999999999809e-02 3.919999999999999873e-02 4.150000000000000216e-02 3.780000000000000027e-02
3.559999999999999970e-02 3.529999999999999805e-02 4.050000000000000128e-02 3.760000000000000148e-02
3.919999999999999873e-02 3.989999999999999797e-02 3.540000000000000091e-02 4.019999999999999962e-02
4.059999999999999720e-02 3.729999999999999982e-02 3.729999999999999982e-02 3.590000000000000135e-02
3.579999999999999849e-02 4.100000000000000172e-02 3.729999999999999982e-02 3.880000000000000115e-02
