9.855985598559845462e-01 1.009000900090009978e+00 9.945994599459928587e-01 9.945994599459947461e-01
9.411941194119401999e-01 9.933993399339932084e-01 1.006900690069006510e+00 9.207920792079197225e-01
9.420942094209423523e-01 1.099909990999099474e+00 9.399939993999393284e-01 1.084608460846084643e+00
9.825982598259817014e-01 9.768976897689767291e-01 9.186918691869186970e-01 9.999999999999997780e-01
8.625862586258628006e-01 9.120912091209115724e-01 1.069606960696069642e+00 1.036603660366036683e+00
9.483948394839474272e-01 8.799879987998797670e-01 9.552955295529539370e-01 1.026102610261025561e+00
8.385838583858390427e-01 8.970897089708965710e-01 8.814881488148810229e-01 9.015901590159015599e-01
9.450945094509458633e-01 1.011401140114011499e+00 9.453945394539461367e-01 9.045904590459047379e-01
9.780978097809772676e-01 8.898889888988895658e-01 1.041404140414041724e+00 1.042304230423042988e+00
1.091209120912091768e+00 9.237923792379238996e-01 9.066906690669069846e-01 9.306930693069316307e-01
9.930993099309938232e-01 8.835883588358842688e-01 9.681968196819682460e-01 9.960996099609957799e-01
9.942994299429945837e-01 8.931893189318932391e-01 9.858985898589870400e-01 1.006900690069007398e+00
9.192919291929197989e-01 8.652865286528658162e-01 8.361836183618355234e-01 9.726972697269733459e-01
9.675967596759685874e-01 8.685868586858693785e-01 9.243924392439252236e-01 9.162916291629175092e-01
9.006900690069014059e-01 9.117911791179132974e-01 9.780978097809783778e-01 8.712871287128717279e-01
8.349834983498355401e-01 9.156915691569165183e-01 8.601860186018605026e-01 8.160816081608167627e-01
8.988898889888999877e-01 8.022802280228036320e-01 7.641764176417646937e-01 7.998799879988002237e-01
7.833783378337837444e-01 7.851785178517854957e-01 7.941794179417948074e-01 8.064806480648071263e-01
8.901890189018909494e-01 8.433843384338435278e-01 7.695769576957700586e-01 6.861686168616866199e-01
8.652865286528658162e-01 8.499849984998509855e-01 7.776777677767781061e-01 7.815781578157826592e-01
7.452745274527459163e-01 7.617761776177628397e-01 7.602760276027608066e-01 6.639663966396642802e-01
7.464746474647468988e-01 8.385838583858394868e-01 7.389738973897396201e-01 7.926792679267935515e-01
7.512751275127522721e-01 7.275727572757280104e-01 7.110711071107116421e-01 6.777677767776780771e-01
6.486648664866494496e-01 7.074707470747085836e-01 7.395739573957401669e-01 6.834683468346840485e-01
6.468646864686475872e-01 6.552655265526557971e-01 6.807680768076814770e-01 6.687668766876696536e-01
6.948694869486954362e-01 6.519651965196527899e-01 6.297629762976304502e-01 6.477647764776484074e-01
6.114611461146122195e-01 6.336633663366345592e-01 6.051605160516058124e-01 6.303630363036309969e-01
5.874587458745882396e-01 6.117611761176121599e-01 5.649564956495657375e-01 5.526552655265529745e-01
5.964596459645971072e-01 5.427542754275433978e-01 6.066606660666072903e-01 5.448544854485454225e-01
5.694569456945700603e-01 5.643564356435650797e-01 5.373537353735378108e-01 5.631563156315640972e-01
6.966696669666974095e-01 4.776477647764781342e-01 5.268526852685273543e-01 4.950495049504954892e-01
5.610561056105617395e-01 4.698469846984702492e-01 5.754575457545763051e-01 5.190519051905199133e-01
5.268526852685274653e-01 5.796579657965803545e-01 5.307530753075313523e-01 5.529552955295536920e-01
4.722472247224728803e-01 4.920492049204926444e-01 4.803480348034810943e-01 4.662466246624668575e-01
5.949594959495959623e-01 4.317431743174323100e-01 4.296429642964300633e-01 5.136513651365141042e-01
5.205520552055212802e-01 4.602460246024608348e-01 4.854485448544860748e-01 4.488448844884494471e-01
3.420342034203422976e-01 4.827482748274833368e-01 5.046504650465055697e-01 5.262526252625266965e-01
3.783378337833788740e-01 4.449444944494457266e-01 4.077407740774082190e-01 4.173417341734179109e-01
4.611461146114616549e-01 4.236423642364242625e-01 3.849384938493855546e-01 4.161416141614166508e-01
4.092409240924095859e-01 4.521452145214527318e-01 3.543354335433546165e-01 3.801380138013806254e-01
4.176417641764181843e-01 3.876387638763882926e-01 3.897389738973902618e-01 4.239423942394244249e-01
3.714371437143720311e-01 3.720372037203724669e-01 3.285328532853290517e-01 3.600360036003603104e-01
3.879387938793884549e-01 3.390339033903395083e-01 3.540354035403544541e-01 3.705370537053708779e-01
3.276327632763280095e-01 3.336333633363339213e-01 3.507350735073512804e-01 2.904290429042908905e-01
3.330333033303335410e-01 3.621362136213626126e-01 3.330333033303334300e-01 2.754275427542757781e-01
3.087308730873092877e-01 2.415241524152417496e-01 2.565256525652569453e-01 2.799279927992802675e-01
3.264326432643268605e-01 3.030303030303033718e-01 2.922292229222927529e-01 3.138313831383141017e-01
2.823282328232826766e-01 2.688268826882692641e-01 2.976297629762980623e-01 3.459345934593464622e-01
2.841284128412845944e-01 3.165316531653168952e-01 3.231323132313235202e-01 2.454245424542457754e-01
2.646264626462650482e-01 3.219321932193223712e-01 2.469246924692473921e-01 2.715271527152718356e-01
2.394239423942396694e-01 2.853285328532855769e-01 2.457245724572460488e-01 2.721272127212726044e-01
2.577257725772580388e-01 2.937293729372941753e-01 2.529252925292532761e-01 2.691269126912694820e-01
2.328232823282330721e-01 2.385238523852388770e-01 2.436243624362439686e-01 2.220222022202222034e-01
2.091209120912094488e-01 2.496249624962499636e-01 2.331233123312334010e-01 2.190219021902192476e-01
1.941194119411942531e-01 2.067206720672068732e-01 1.878187818781881235e-01 2.598259825982602300e-01
2.280228022802283649e-01 1.596159615961598444e-01 1.884188418841887813e-01 2.016201620162018926e-01
1.866186618661869190e-01 2.295229522952298429e-01 2.238223822382241213e-01 1.824182418241825643e-01
1.812181218121814430e-01 2.121212121212123769e-01 1.485148514851486468e-01 1.887188718871889992e-01
2.013201320132016747e-01 2.058205820582061363e-01 1.824182418241826198e-01 1.833183318331834677e-01
1.542154215421544239e-01 1.626162616261628280e-01 1.980198019801983067e-01 2.070207020702073686e-01
1.788178817881790894e-01 2.502250225022504826e-01 1.842184218421844266e-01 1.575157515751577086e-01
1.797179717971799928e-01 1.971197119711974310e-01 1.257125712571258158e-01 1.845184518451847833e-01
1.554155415541555729e-01 1.704170417041704910e-01 1.968196819681970744e-01 1.365136513651366845e-01
1.755175517551757769e-01 1.833183318331835787e-01 1.713171317131714499e-01 1.455145514551456909e-01
1.227122712271227767e-01 1.431143114311432540e-01 1.881188118811883414e-01 1.980198019801983067e-01
1.782178217821784594e-01 1.458145814581460198e-01 1.581158115811582554e-01 1.644164416441646070e-01
1.533153315331535205e-01 1.548154815481550539e-01 1.485148514851487023e-01 1.413141314131414195e-01
8.220822082208220638e-02 1.731173117311733956e-01 1.482148214821483734e-01 1.275127512751276782e-01
1.125112511251126352e-01 1.398139813981400525e-01 1.242124212421243934e-01 1.299129912991300873e-01
1.431143114311432540e-01 1.338133813381340020e-01 1.176117611761177129e-01 1.125112511251126213e-01
1.062106210621063668e-01 1.350135013501352066e-01 1.275127512751276226e-01 1.092109210921093226e-01
1.320132013201321952e-01 9.240924092409247281e-02 9.300930093009308897e-02 1.197119711971198069e-01
1.218121812181219565e-01 1.140114011401141131e-01 1.146114611461147292e-01 1.257125712571258713e-01
1.290129012901292116e-01 8.790879087908801126e-02 1.134113411341135663e-01 9.870987098709882446e-02
9.570957095709586859e-02 1.083108310831083776e-01 1.245124512451247223e-01 1.035103510351035871e-01
1.110111011101111156e-01 1.251125112511251858e-01 9.630963096309644311e-02 9.330933093309343174e-02
1.113111311131114167e-01 7.590759075907595188e-02 1.155115511551156882e-01 9.450945094509455302e-02
1.110111011101111850e-01 1.083108310831084470e-01 1.431143114311433373e-01 1.068106810681069274e-01
9.870987098709883834e-02 1.116111611161117734e-01 9.420942094209433515e-02 7.440744074407450170e-02
8.970897089708974870e-02 1.002100210021003579e-01 7.350735073507358441e-02 8.010801080108011230e-02
6.240624062406236600e-02 8.370837083708376758e-02 1.119111911191120884e-01 9.150915091509155552e-02
1.140114011401140437e-01 1.017101710171018358e-01 7.410741074107414506e-02 9.390939093909396462e-02
9.090909090909102264e-02 1.053105310531054911e-01 8.670867086708670957e-02 1.095109510951096793e-01
8.250825082508260466e-02 9.360936093609369124e-02 6.330633063306331798e-02 7.890789078907892162e-02
9.240924092409248669e-02 5.640564056405644039e-02 9.270927092709276007e-02 6.150615061506153891e-02
8.670867086708673732e-02 5.070507050705074653e-02 6.330633063306334574e-02 6.090609060906089500e-02
5.940594059405945176e-02 7.320732073207324164e-02 5.070507050705070490e-02 5.940594059405940319e-02
8.460846084608467099e-02 7.650765076507656803e-02 9.270927092709281558e-02 9.420942094209434903e-02
6.480648064806485142e-02 6.660666066606664437e-02 7.980798079807985279e-02 6.780678067806786280e-02
6.690669066906693163e-02 9.120912091209133765e-02 6.090609060906088112e-02 7.500750075007513173e-02
7.440744074407441844e-02 6.990699069906992913e-02 6.330633063306334574e-02 6.690669066906691775e-02
4.800480048004802242e-02 5.460546054605463356e-02 6.300630063006303072e-02 6.840684068406843732e-02
5.550555055505553698e-02 7.200720072007202321e-02 8.910891089108920193e-02 6.510651065106512481e-02
5.580558055805585893e-02 9.090909090909098100e-02 5.340534053405340126e-02 6.240624062406243538e-02
7.530753075307537736e-02 6.600660066006604210e-02 8.550855085508564379e-02 6.000600060006003322e-02
4.590459045904590057e-02 3.480348034803471685e-02 4.410441044104411457e-02 2.340234023402328750e-02
3.900390039003898135e-02 4.740474047404746871e-02 6.120612061206121002e-02 3.330333033303325280e-02
7.770777077707777258e-02 7.710771077107719806e-02 5.580558055805586587e-02 3.330333033303328749e-02
1.650165016501646195e-02 3.570357035703570353e-02 7.800780078007807372e-02 5.820582058205826803e-02
6.180618061806178454e-02 4.860486048604861081e-02 5.400540054005398966e-02 5.610561056105613231e-02
5.940594059405942401e-02 4.650465046504648897e-02 5.760576057605763106e-02 6.240624062406240763e-02
4.200420042004199966e-02 8.940894089408948919e-02 7.350735073507362605e-02 5.190519051905188863e-02
4.710471047104712594e-02 3.840384038403835132e-02 4.440444044404436713e-02 5.820582058205824028e-02
6.240624062406241457e-02 6.930693069306938237e-02 5.340534053405342901e-02 2.040204020402035939e-02
6.030603060306036906e-02 4.770477047704768658e-02 5.310531053105316257e-02 3.510351035103507350e-02
