8.773999999999999577e-01 8.911999999999999922e-01 8.891000000000000014e-01 8.810000000000000053e-01
8.010000000000000453e-01 8.253000000000000336e-01 8.243000000000000327e-01 8.372000000000000552e-01
7.962000000000000188e-01 7.410999999999999810e-01 7.711999999999999966e-01 7.954999999999999849e-01
6.822000000000000286e-01 7.269999999999999796e-01 6.966999999999999860e-01 7.196000000000000174e-01
6.746999999999999664e-01 6.513999999999999790e-01 6.556999999999999496e-01 6.471000000000000085e-01
6.106000000000000316e-01 6.249000000000000110e-01 5.436999999999999611e-01 6.121999999999999664e-01
5.786000000000000032e-01 5.628999999999999559e-01 5.946000000000000174e-01 5.151999999999999913e-01
5.165999999999999481e-01 5.066000000000000503e-01 5.449000000000000510e-01 4.909999999999999920e-01
4.904999999999999916e-01 4.580000000000000182e-01 4.440000000000000058e-01 5.038000000000000256e-01
4.015000000000000235e-01 4.791000000000000258e-01 3.996999999999999997e-01 4.158000000000000029e-01
4.188999999999999946e-01 3.705999999999999850e-01 3.916000000000000036e-01 3.886000000000000010e-01
3.291999999999999926e-01 3.204000000000000181e-01 4.042999999999999927e-01 4.163999999999999924e-01
3.262999999999999790e-01 3.827999999999999736e-01 3.906999999999999917e-01 3.225999999999999979e-01
3.020999999999999797e-01 3.139000000000000123e-01 3.311999999999999944e-01 3.660999999999999810e-01
3.007000000000000228e-01 3.119999999999999996e-01 3.138000000000000234e-01 3.049000000000000044e-01
2.792999999999999927e-01 2.901000000000000245e-01 2.924999999999999822e-01 2.781000000000000139e-01
2.551999999999999824e-01 2.439000000000000057e-01 2.331000000000000016e-01 2.384999999999999898e-01
2.529000000000000137e-01 2.237000000000000099e-01 2.479999999999999982e-01 2.841000000000000192e-01
1.948000000000000009e-01 2.286999999999999866e-01 2.444999999999999951e-01 1.940999999999999948e-01
1.996999999999999886e-01 2.079999999999999905e-01 2.444999999999999951e-01 1.991999999999999882e-01
1.708999999999999964e-01 1.862999999999999934e-01 1.948999999999999899e-01 1.842000000000000026e-01
2.305000000000000104e-01 1.831000000000000127e-01 1.827000000000000013e-01 1.950000000000000067e-01
1.628000000000000003e-01 1.585999999999999910e-01 1.852999999999999925e-01 1.787999999999999867e-01
1.408000000000000085e-01 1.612000000000000099e-01 1.575999999999999901e-01 1.593999999999999861e-01
1.428999999999999992e-01 1.416999999999999926e-01 1.554999999999999993e-01 1.602999999999999980e-01
1.295000000000000040e-01 1.350999999999999979e-01 1.653999999999999915e-01 1.731000000000000039e-01
1.648999999999999910e-01 1.343000000000000027e-01 1.192000000000000004e-01 1.557000000000000051e-01
1.199000000000000066e-01 1.267999999999999960e-01 1.426999999999999935e-01 1.302000000000000102e-01
1.328999999999999904e-01 1.156999999999999973e-01 1.154000000000000026e-01 1.150999999999999940e-01
1.237000000000000044e-01 1.135000000000000037e-01 1.376000000000000001e-01 1.386999999999999900e-01
1.023000000000000020e-01 1.169000000000000039e-01 9.869999999999999607e-02 1.236000000000000015e-01
9.790000000000000091e-02 1.035999999999999976e-01 1.098999999999999977e-01 1.116000000000000048e-01
1.020999999999999963e-01 1.058999999999999941e-01 1.042000000000000010e-01 1.071000000000000008e-01
9.940000000000000224e-02 1.096000000000000030e-01 1.203999999999999931e-01 1.057000000000000023e-01
9.299999999999999933e-02 9.009999999999999953e-02 1.039000000000000062e-01 1.001999999999999974e-01
9.030000000000000526e-02 1.142999999999999988e-01 9.080000000000000571e-02 8.780000000000000304e-02
8.870000000000000107e-02 1.165000000000000063e-01 9.279999999999999361e-02 8.870000000000000107e-02
1.068000000000000060e-01 8.609999999999999598e-02 7.820000000000000562e-02 8.559999999999999554e-02
9.750000000000000333e-02 8.019999999999999352e-02 9.539999999999999869e-02 1.045999999999999985e-01
8.780000000000000304e-02 7.009999999999999565e-02 8.329999999999999905e-02 8.709999999999999687e-02
8.200000000000000344e-02 7.520000000000000295e-02 8.709999999999999687e-02 7.870000000000000606e-02
8.200000000000000344e-02 8.730000000000000260e-02 7.610000000000000098e-02 9.249999999999999889e-02
7.449999999999999678e-02 7.140000000000000513e-02 7.520000000000000295e-02 7.779999999999999416e-02
7.389999999999999347e-02 7.720000000000000473e-02 7.639999999999999569e-02 7.839999999999999747e-02
8.269999999999999574e-02 7.249999999999999500e-02 7.789999999999999702e-02 7.159999999999999698e-02
7.130000000000000226e-02 6.840000000000000246e-02 6.969999999999999807e-02 8.690000000000000502e-02
7.589999999999999525e-02 7.330000000000000404e-02 7.449999999999999678e-02 6.790000000000000202e-02
6.729999999999999871e-02 7.349999999999999589e-02 7.530000000000000582e-02 7.320000000000000118e-02
7.290000000000000646e-02 6.840000000000000246e-02 7.489999999999999436e-02 6.640000000000000069e-02
6.529999999999999694e-02 7.589999999999999525e-02 7.309999999999999831e-02 6.990000000000000380e-02
7.149999999999999412e-02 7.009999999999999565e-02 7.030000000000000138e-02 7.850000000000000033e-02
7.109999999999999654e-02 6.419999999999999318e-02 6.130000000000000032e-02 7.220000000000000029e-02
7.159999999999999698e-02 6.969999999999999807e-02 6.610000000000000597e-02 6.700000000000000400e-02
6.550000000000000266e-02 7.230000000000000315e-02 6.880000000000000004e-02 6.569999999999999452e-02
6.400000000000000133e-02 6.429999999999999605e-02 6.389999999999999847e-02 6.809999999999999387e-02
6.829999999999999960e-02 6.099999999999999867e-02 6.840000000000000246e-02 6.919999999999999762e-02
6.629999999999999782e-02 6.819999999999999674e-02 6.460000000000000464e-02 6.329999999999999516e-02
6.590000000000000024e-02 6.840000000000000246e-02 6.560000000000000553e-02 7.009999999999999565e-02
6.629999999999999782e-02 5.890000000000000097e-02 6.410000000000000420e-02 6.909999999999999476e-02
7.499999999999999722e-02 6.629999999999999782e-02 6.450000000000000178e-02 6.379999999999999560e-02
6.519999999999999407e-02 6.439999999999999891e-02 6.500000000000000222e-02 6.450000000000000178e-02
6.329999999999999516e-02 5.979999999999999899e-02 6.840000000000000246e-02 6.750000000000000444e-02
6.619999999999999496e-02 6.300000000000000044e-02 6.579999999999999738e-02 6.429999999999999605e-02
6.569999999999999452e-02 6.740000000000000158e-02 6.850000000000000533e-02 6.700000000000000400e-02
6.640000000000000069e-02 6.890000000000000291e-02 6.500000000000000222e-02 6.729999999999999871e-02
6.619999999999999496e-02 6.350000000000000089e-02 6.429999999999999605e-02 6.439999999999999891e-02
6.880000000000000004e-02 6.169999999999999790e-02 6.450000000000000178e-02 6.119999999999999746e-02
6.110000000000000153e-02 6.429999999999999605e-02 6.379999999999999560e-02 6.460000000000000464e-02
6.160000000000000198e-02 6.060000000000000109e-02 6.069999999999999701e-02 6.719999999999999585e-02
5.970000000000000306e-02 6.539999999999999980e-02 6.310000000000000331e-02 6.329999999999999516e-02
5.960000000000000020e-02 5.330000000000000016e-02 6.679999999999999827e-02 6.759999999999999343e-02
6.489999999999999936e-02 6.600000000000000311e-02 6.049999999999999822e-02 6.469999999999999363e-02
6.310000000000000331e-02 6.119999999999999746e-02 5.850000000000000339e-02 6.260000000000000286e-02
5.940000000000000141e-02 5.979999999999999899e-02 6.519999999999999407e-02 6.250000000000000000e-02
6.149999999999999911e-02 6.239999999999999714e-02 6.180000000000000077e-02 6.250000000000000000e-02
