9.486948694869474785e-01 9.684968496849671871e-01 9.438943894389437705e-01 9.399939993999399945e-01
9.192919291929191328e-01 9.405940594059394311e-01 9.276927692769272316e-01 9.201920192019201750e-01
9.189918991899185263e-01 8.811881188118810826e-01 9.816981698169816584e-01 9.336933693369334764e-01
9.015901590159015599e-01 9.573957395739570719e-01 9.498949894989499043e-01 9.411941194119407550e-01
9.120912091209123496e-01 8.472847284728473038e-01 9.192919291929191328e-01 8.418841884188417168e-01
8.349834983498354291e-01 9.129912991299136138e-01 8.520852085208525661e-01 8.637863786378641162e-01
8.943894389438948878e-01 8.628862886288624079e-01 7.653765376537653431e-01 8.397839783978405803e-01
8.397839783978401362e-01 7.833783378337833003e-01 7.986798679867986861e-01 8.301830183018310549e-01
8.199819981998202056e-01 6.966696669666974095e-01 7.779777977797787125e-01 7.704770477047711008e-01
6.795679567956793843e-01 7.902790279027906983e-01 6.963696369636964700e-01 7.767776777677773969e-01
7.569756975697577994e-01 7.257725772577270362e-01 7.320732073207325552e-01 7.752775277527763631e-01
5.934593459345937072e-01 6.408640864086415645e-01 7.575757575757582352e-01 6.753675367536755569e-01
6.471647164716478606e-01 6.975697569756976746e-01 6.585658565856591373e-01 6.138613861386141846e-01
5.589558955895593817e-01 6.150615061506157222e-01 6.696669666966703627e-01 6.489648964896496119e-01
5.994599459945999520e-01 6.372637263726378398e-01 6.228622862286238293e-01 5.808580858085814480e-01
5.208520852085214425e-01 5.106510651065110373e-01 5.844584458445848396e-01 5.568556855685574680e-01
5.046504650465052366e-01 5.067506750675073723e-01 4.272427242724274321e-01 5.160516051605165133e-01
4.953495349534962067e-01 4.347434743474349328e-01 5.160516051605166243e-01 5.538553855385546232e-01
3.756375637563759695e-01 4.731473147314739225e-01 5.133513351335139419e-01 4.608460846084615481e-01
3.939393939393943667e-01 4.236423642364240960e-01 4.434443444344436935e-01 3.861386138613867036e-01
3.177317731773180443e-01 3.705370537053710445e-01 3.636363636363640905e-01 3.624362436243630525e-01
4.410441044104413399e-01 4.161416141614164843e-01 3.525352535253529207e-01 3.756375637563761360e-01
3.288328832883292141e-01 3.348334833483351813e-01 3.894389438943899329e-01 3.594359435943598746e-01
2.898289828982901772e-01 3.444344434443449288e-01 3.324332433243330498e-01 2.895289528952898483e-01
2.811281128112813610e-01 3.105310531053110390e-01 3.075307530753078611e-01 2.967296729672971312e-01
2.268226822682269939e-01 2.790279027902794473e-01 3.522352235223525363e-01 3.420342034203424086e-01
3.072307230723076987e-01 2.400240024002403272e-01 1.995199519951997569e-01 2.979297929792982247e-01
2.166216621662167552e-01 2.007200720072009892e-01 2.544254425442546985e-01 2.514251425142517427e-01
2.409240924092410918e-01 2.277227722772279250e-01 1.974197419741975101e-01 2.319231923192321132e-01
2.667266726672669619e-01 2.142214221422144849e-01 2.349234923492350691e-01 2.298229822982299775e-01
1.959195919591961987e-01 1.743174317431744613e-01 1.608160816081609101e-01 2.748274827482751759e-01
1.863186318631863680e-01 1.617161716171617858e-01 1.776177617761776906e-01 2.319231923192321410e-01
2.088208820882089534e-01 1.299129912991298930e-01 1.785178517851787050e-01 1.950195019501951843e-01
1.614161416141615679e-01 1.827182718271828377e-01 2.475247524752478001e-01 1.383138313831384081e-01
1.530153015301532193e-01 1.650165016501651816e-01 1.887188718871888604e-01 1.443144314431444586e-01
1.638163816381638938e-01 2.211221122112212722e-01 1.755175517551756659e-01 1.518151815181519038e-01
1.449144914491449776e-01 1.887188718871888049e-01 1.521152115211522327e-01 1.470147014701469468e-01
1.833183318331834954e-01 8.040804080408037180e-02 9.960996099609954746e-02 1.392139213921393670e-01
1.413141314131414195e-01 1.191119111911191353e-01 1.623162316231623048e-01 2.169216921692171118e-01
1.686168616861687120e-01 8.850885088508855802e-02 1.440144014401441575e-01 1.347134713471347667e-01
1.320132013201321119e-01 1.158115811581157673e-01 1.449144914491450054e-01 9.810981098109801402e-02
1.272127212721272382e-01 1.104110411041104856e-01 9.210921092109203290e-02 1.494149414941495224e-01
1.152115211521151927e-01 1.071107110711072286e-01 1.128112811281128530e-01 1.089108910891088550e-01
8.100810081008086305e-02 1.233123312331233651e-01 1.047104710471048056e-01 8.550855085508546338e-02
9.570957095709563267e-02 9.930993099309941285e-02 7.320732073207314450e-02 1.068106810681068580e-01
8.070807080708067294e-02 1.050105010501050790e-01 9.240924092409243118e-02 6.900690069006890082e-02
6.330633063306324859e-02 1.209120912091210115e-01 4.800480048004793915e-02 7.890789078907892162e-02
6.090609060906079786e-02 5.790579057905788363e-02 5.880588058805862745e-02 9.330933093309336235e-02
7.740774077407738818e-02 6.840684068406838181e-02 1.302130213021303051e-01 8.520852085208521776e-02
7.950795079507955165e-02 1.203120312031204786e-01 1.107110711071108144e-01 4.560456045604547454e-02
1.101110111011101983e-01 7.650765076507640150e-02 7.200720072007200934e-02 7.500750075007486806e-02
8.040804080408049670e-02 6.120612061206107124e-02 7.350735073507347339e-02 6.840684068406842344e-02
9.060906090609062435e-02 4.350435043504331106e-02 7.380738073807373290e-02 8.790879087908788636e-02
7.860786078607859273e-02 1.068106810681068580e-01 7.650765076507645701e-02 5.520552055205518033e-02
8.460846084608455997e-02 9.540954095409548419e-02 7.170717071707169432e-02 4.230423042304218978e-02
8.100810081008087693e-02 8.580858085808569513e-02 8.220822082208219250e-02 1.029102910291029016e-01
1.122112211221122369e-01 5.520552055205513176e-02 4.470447044704447398e-02 9.570957095709578533e-02
9.660966096609668874e-02 8.310831083108310979e-02 4.050405040504043847e-02 8.340834083408334154e-02
6.180618061806163882e-02 9.870987098709882446e-02 9.000900090008998045e-02 8.370837083708367043e-02
3.660366036603645429e-02 5.310531053105298216e-02 3.060306030603049399e-02 6.330633063306326247e-02
7.470747074707458080e-02 9.450945094509456690e-02 9.360936093609367736e-02 5.130513051305114758e-02
6.150615061506146952e-02 7.590759075907585474e-02 8.250825082508256303e-02 6.540654065406537043e-02
7.920792079207912562e-02 7.410741074107413118e-02 7.410741074107407567e-02 1.011101110111011780e-01
7.470747074707469182e-02 6.000600060006003322e-02 8.160816081608161798e-02 6.360636063606348034e-02
5.220522052205219671e-02 6.900690069006891469e-02 4.770477047704766577e-02 8.100810081008097407e-02
7.170717071707162493e-02 4.080408040804071879e-02 7.350735073507354278e-02 2.610261026102585549e-02
4.260426042604246316e-02 8.970897089708979033e-02 5.970597059705960025e-02 2.310231023102292738e-02
8.340834083408339705e-02 6.060606060606049672e-02 8.940894089408937817e-02 9.090909090909092549e-02
5.670567056705665132e-02 8.220822082208212311e-02 5.820582058205815701e-02 8.640864086408635292e-02
6.660666066606661662e-02 7.650765076507652640e-02 6.840684068406836793e-02 5.940594059405930605e-02
8.370837083708376758e-02 7.920792079207920888e-02 6.240624062406231048e-02 4.890489048904880093e-02
7.830783078307829159e-02 6.420642064206416588e-02 7.350735073507344564e-02 6.090609060906088112e-02
6.840684068406836793e-02 5.430543054305429773e-02 6.360636063606348034e-02 8.340834083408343869e-02
5.760576057605757555e-02 6.090609060906086031e-02 7.770777077707760605e-02 6.930693069306925747e-02
8.640864086408642231e-02 5.430543054305417283e-02 7.110711071107110592e-02 6.060606060606047590e-02
