1.000000000000000000e+01 1.000000000000000000e+01 1.000000000000000000e+01 1.000000000000000000e+01
2.800000000000000000e+01 3.000000000000000000e+01 2.600000000000000000e+01 2.600000000000000000e+01
4.800000000000000000e+01 4.600000000000000000e+01 4.400000000000000000e+01 4.600000000000000000e+01
6.000000000000000000e+01 6.200000000000000000e+01 6.800000000000000000e+01 6.400000000000000000e+01
7.600000000000000000e+01 8.600000000000000000e+01 8.400000000000000000e+01 8.600000000000000000e+01
9.800000000000000000e+01 9.800000000000000000e+01 1.020000000000000000e+02 1.000000000000000000e+02
1.200000000000000000e+02 1.200000000000000000e+02 1.160000000000000000e+02 1.200000000000000000e+02
1.400000000000000000e+02 1.440000000000000000e+02 1.360000000000000000e+02 1.400000000000000000e+02
1.580000000000000000e+02 1.640000000000000000e+02 1.560000000000000000e+02 1.480000000000000000e+02
1.780000000000000000e+02 1.740000000000000000e+02 1.680000000000000000e+02 1.740000000000000000e+02
1.920000000000000000e+02 2.020000000000000000e+02 1.940000000000000000e+02 1.920000000000000000e+02
2.120000000000000000e+02 2.080000000000000000e+02 2.140000000000000000e+02 2.080000000000000000e+02
2.260000000000000000e+02 2.300000000000000000e+02 2.280000000000000000e+02 2.320000000000000000e+02
2.520000000000000000e+02 2.500000000000000000e+02 2.520000000000000000e+02 2.500000000000000000e+02
2.720000000000000000e+02 2.760000000000000000e+02 2.680000000000000000e+02 2.740000000000000000e+02
2.860000000000000000e+02 2.940000000000000000e+02 2.880000000000000000e+02 2.900000000000000000e+02
3.040000000000000000e+02 3.100000000000000000e+02 3.060000000000000000e+02 3.080000000000000000e+02
3.240000000000000000e+02 3.160000000000000000e+02 3.260000000000000000e+02 3.140000000000000000e+02
3.340000000000000000e+02 3.380000000000000000e+02 3.480000000000000000e+02 3.420000000000000000e+02
3.580000000000000000e+02 3.580000000000000000e+02 3.580000000000000000e+02 3.500000000000000000e+02
3.840000000000000000e+02 3.780000000000000000e+02 3.840000000000000000e+02 3.800000000000000000e+02
3.940000000000000000e+02 3.840000000000000000e+02 3.980000000000000000e+02 4.040000000000000000e+02
4.240000000000000000e+02 4.080000000000000000e+02 4.080000000000000000e+02 4.160000000000000000e+02
4.360000000000000000e+02 4.340000000000000000e+02 4.400000000000000000e+02 4.220000000000000000e+02
4.460000000000000000e+02 4.580000000000000000e+02 4.560000000000000000e+02 4.540000000000000000e+02
4.620000000000000000e+02 4.680000000000000000e+02 4.640000000000000000e+02 4.540000000000000000e+02
4.860000000000000000e+02 4.900000000000000000e+02 5.040000000000000000e+02 4.900000000000000000e+02
5.080000000000000000e+02 5.000000000000000000e+02 4.920000000000000000e+02 5.140000000000000000e+02
5.260000000000000000e+02 5.300000000000000000e+02 5.160000000000000000e+02 5.180000000000000000e+02
5.500000000000000000e+02 5.380000000000000000e+02 5.480000000000000000e+02 5.320000000000000000e+02
