7.914999999999999813e-01 7.730000000000000204e-01 8.022000000000000242e-01 7.871000000000000218e-01
6.441999999999999948e-01 6.333999999999999631e-01 6.644999999999999796e-01 6.713999999999999968e-01
5.568999999999999506e-01 5.492000000000000215e-01 5.863000000000000433e-01 5.191999999999999948e-01
5.064999999999999503e-01 4.307000000000000273e-01 4.545000000000000151e-01 4.563999999999999724e-01
4.410000000000000031e-01 3.725999999999999868e-01 3.819000000000000172e-01 3.508999999999999897e-01
3.175999999999999934e-01 3.377000000000000002e-01 2.940999999999999726e-01 3.282999999999999807e-01
2.635000000000000120e-01 2.903999999999999915e-01 2.783999999999999808e-01 2.641000000000000014e-01
1.741999999999999937e-01 1.781999999999999973e-01 2.436000000000000110e-01 1.943000000000000005e-01
1.665999999999999981e-01 1.632000000000000117e-01 1.855999999999999872e-01 1.605999999999999928e-01
1.295999999999999930e-01 1.537999999999999923e-01 1.414999999999999869e-01 1.416999999999999926e-01
1.328999999999999904e-01 9.529999999999999583e-02 9.529999999999999583e-02 1.195999999999999980e-01
7.320000000000000118e-02 8.740000000000000546e-02 8.709999999999999687e-02 6.900000000000000577e-02
6.900000000000000577e-02 6.829999999999999960e-02 6.930000000000000049e-02 5.639999999999999875e-02
4.900000000000000189e-02 5.140000000000000124e-02 4.560000000000000164e-02 6.439999999999999891e-02
4.610000000000000209e-02 4.850000000000000144e-02 5.020000000000000157e-02 5.040000000000000036e-02
6.230000000000000121e-02 3.500000000000000333e-02 3.950000000000000039e-02 3.200000000000000067e-02
3.080000000000000099e-02 3.139999999999999736e-02 4.490000000000000241e-02 2.620000000000000107e-02
2.019999999999999921e-02 2.409999999999999989e-02 3.230000000000000232e-02 1.919999999999999832e-02
1.559999999999999928e-02 2.259999999999999856e-02 1.729999999999999941e-02 1.799999999999999864e-02
1.770000000000000046e-02 1.400000000000000029e-02 1.220000000000000077e-02 1.619999999999999912e-02
1.430000000000000021e-02 1.230000000000000017e-02 1.170000000000000033e-02 1.370000000000000037e-02
9.499999999999999764e-03 9.700000000000000289e-03 1.919999999999999832e-02 1.129999999999999928e-02
5.100000000000000366e-03 6.400000000000000307e-03 8.099999999999999561e-03 8.500000000000000611e-03
7.000000000000000146e-03 5.799999999999999600e-03 7.799999999999999642e-03 8.000000000000000167e-03
8.600000000000000006e-03 8.300000000000000086e-03 5.400000000000000286e-03 5.300000000000000024e-03
5.700000000000000205e-03 4.100000000000000346e-03 5.499999999999999681e-03 4.100000000000000346e-03
3.599999999999999901e-03 5.300000000000000024e-03 3.700000000000000164e-03 4.700000000000000185e-03
3.299999999999999982e-03 2.899999999999999800e-03 4.899999999999999842e-03 1.899999999999999996e-03
3.399999999999999811e-03 3.599999999999999901e-03 2.899999999999999800e-03 2.599999999999999881e-03
3.099999999999999891e-03 2.799999999999999972e-03 1.600000000000000077e-03 2.299999999999999961e-03
