7.923792379237923900e-01 6.936693669366936765e-01 6.096609660966096911e-01 7.764776477647764574e-01 6.663666366636663563e-01 5.952595259525952365e-01 8.124812481248124829e-01 7.140714071407140429e-01 6.759675967596759927e-01 7.929792979297929367e-01 6.978697869786978369e-01 6.126612661266126469e-01
6.417641764176417185e-01 4.692469246924692583e-01 3.495349534953495207e-01 6.360636063606360802e-01 4.641464146414641667e-01 3.234323432343234050e-01 6.543654365436543108e-01 4.962496249624962497e-01 3.456345634563456337e-01 6.699669966996699699e-01 4.983498349834983299e-01 3.741374137413741585e-01
5.538553855385538460e-01 3.546354635463546123e-01 2.130213021302130305e-01 5.439543954395439362e-01 3.468346834683468383e-01 2.067206720672067344e-01 6.072607260726072820e-01 4.155415541554155490e-01 2.616261626162616483e-01 5.214521452145214342e-01 3.048304830483048455e-01 1.767176717671767039e-01
5.016501650165016146e-01 3.147314731473147553e-01 1.812181218121812210e-01 4.458445844584458251e-01 2.136213621362136328e-01 1.059105910591059130e-01 4.740474047404740210e-01 2.535253525352535453e-01 1.257125712571257048e-01 4.659465946594659735e-01 2.283228322832283330e-01 1.431143114311431153e-01
4.539453945394539280e-01 2.400240024002400219e-01 1.170117011701170134e-01 3.840384038403840128e-01 1.665166516651665207e-01 8.250825082508250752e-02 3.837383738373837394e-01 1.764176417641764305e-01 9.030903090309030934e-02 3.669366936693669312e-01 1.566156615661566109e-01 7.320732073207321389e-02
3.327332733273327126e-01 1.317131713171316998e-01 5.580558055805580342e-02 3.267326732673267453e-01 1.347134713471347112e-01 5.640564056405640569e-02 3.108310831083108128e-01 9.720972097209720775e-02 3.990399039903990558e-02 3.207320732073207226e-01 1.380138013801380237e-01 5.550555055505550228e-02
2.724272427242724337e-01 8.190819081908190524e-02 3.480348034803480012e-02 2.976297629762976182e-01 1.035103510351035039e-01 3.510351035103510126e-02 2.730273027302730360e-01 9.360936093609360797e-02 2.670267026702670410e-02 2.487248724872487271e-01 8.160816081608160411e-02 2.940294029402940393e-02
1.800180018001800164e-01 4.110411041104110319e-02 1.470147014701470196e-02 1.743174317431743225e-01 3.630363036303630581e-02 7.800780078007800954e-03 2.415241524152415276e-01 8.130813081308130297e-02 2.910291029102910279e-02 1.800180018001800164e-01 4.530453045304530524e-02 1.620162016201620245e-02
1.578157815781578155e-01 3.780378037803780455e-02 1.050105010501050165e-02 1.581158115811581166e-01 3.780378037803780455e-02 1.020102010201020051e-02 1.938193819381938132e-01 4.230423042304230080e-02 1.230123012301230154e-02 1.542154215421542018e-01 3.420342034203420478e-02 8.700870087008700030e-03
1.248124812481248153e-01 2.430243024302430194e-02 5.100510051005100257e-03 1.410141014101410073e-01 3.240324032403240490e-02 6.900690069006901010e-03 1.425142514251425130e-01 2.610261026102610182e-02 6.600660066006600740e-03 1.419141914191419107e-01 3.060306030603060154e-02 1.050105010501050165e-02
1.314131413141314264e-01 2.460246024602460307e-02 6.600660066006600740e-03 9.780978097809781002e-02 1.230123012301230154e-02 2.400240024002400427e-03 9.900990099009901457e-02 1.440144014401440083e-02 1.200120012001200213e-03 1.209120912091209143e-01 2.460246024602460307e-02 5.700570057005700797e-03
7.590759075907591025e-02 5.400540054005400527e-03 1.500150015001500050e-03 8.730873087308731184e-02 1.260126012601260094e-02 1.200120012001200213e-03 8.820882088208821525e-02 1.500150015001500137e-02 3.300330033003300370e-03 6.660666066606660274e-02 6.300630063006300470e-03 1.800180018001800103e-03
8.580858085808580615e-02 9.300930093009300570e-03 2.400240024002400427e-03 5.670567056705670683e-02 7.200720072007200413e-03 6.000600060006001067e-04 6.660666066606660274e-02 6.300630063006300470e-03 1.200120012001200213e-03 6.210621062106210649e-02 5.700570057005700797e-03 6.000600060006001067e-04
5.010501050105010262e-02 6.600660066006600740e-03 3.300330033003300370e-03 5.160516051605160831e-02 4.800480048004800854e-03 0.000000000000000000e+00 5.220522052205220365e-02 3.300330033003300370e-03 9.000900090009000517e-04 6.330633063306330410e-02 1.050105010501050165e-02 1.800180018001800103e-03
3.990399039903990558e-02 4.500450045004500584e-03 1.500150015001500050e-03 4.380438043804380649e-02 5.100510051005100257e-03 3.000300030003000534e-04 4.950495049504950729e-02 4.500450045004500584e-03 2.100210021002100157e-03 5.280528052805280592e-02 4.800480048004800854e-03 1.800180018001800103e-03
6.150615061506150422e-02 9.900990099009901110e-03 3.300330033003300370e-03 3.690369036903690114e-02 2.700270027002700263e-03 0.000000000000000000e+00 3.600360036003600467e-02 3.300330033003300370e-03 6.000600060006001067e-04 3.240324032403240490e-02 2.400240024002400427e-03 6.000600060006001067e-04
3.150315031503150148e-02 2.700270027002700263e-03 1.200120012001200213e-03 2.790279027902790171e-02 2.100210021002100157e-03 1.200120012001200213e-03 4.620462046204620171e-02 6.300630063006300470e-03 2.700270027002700263e-03 2.670267026702670410e-02 2.100210021002100157e-03 1.200120012001200213e-03
2.220222022202220091e-02 2.400240024002400427e-03 9.000900090009000517e-04 2.370237023702370313e-02 9.000900090009000517e-04 1.200120012001200213e-03 2.880288028802880165e-02 2.100210021002100157e-03 3.000300030003000534e-04 1.950195019501950108e-02 0.000000000000000000e+00 0.000000000000000000e+00
1.710171017101710239e-02 1.200120012001200213e-03 6.000600060006001067e-04 2.190219021902190324e-02 6.000600060006001067e-04 3.000300030003000534e-04 1.800180018001800233e-02 1.200120012001200213e-03 1.200120012001200213e-03 1.800180018001800233e-02 1.500150015001500050e-03 3.000300030003000534e-04
1.320132013201320148e-02 3.000300030003000534e-04 6.000600060006001067e-04 1.740174017401740006e-02 1.800180018001800103e-03 6.000600060006001067e-04 9.900990099009901110e-03 1.800180018001800103e-03 9.000900090009000517e-04 1.830183018301830347e-02 1.500150015001500050e-03 3.000300030003000534e-04
1.350135013501350088e-02 9.000900090009000517e-04 3.000300030003000534e-04 1.350135013501350088e-02 6.000600060006001067e-04 1.800180018001800103e-03 1.260126012601260094e-02 1.500150015001500050e-03 3.000300030003000534e-04 1.080108010801080105e-02 9.000900090009000517e-04 0.000000000000000000e+00
9.300930093009300570e-03 1.200120012001200213e-03 9.000900090009000517e-04 1.200120012001200040e-02 6.000600060006001067e-04 0.000000000000000000e+00 2.070207020702070216e-02 1.800180018001800103e-03 6.000600060006001067e-04 1.260126012601260094e-02 1.800180018001800103e-03 3.000300030003000534e-04
5.400540054005400527e-03 0.000000000000000000e+00 3.000300030003000534e-04 6.900690069006901010e-03 0.000000000000000000e+00 3.000300030003000534e-04 1.020102010201020051e-02 9.000900090009000517e-04 0.000000000000000000e+00 7.200720072007200413e-03 1.200120012001200213e-03 6.000600060006001067e-04
9.900990099009901110e-03 3.000300030003000534e-04 0.000000000000000000e+00 3.600360036003600207e-03 9.000900090009000517e-04 9.000900090009000517e-04 7.800780078007800954e-03 1.500150015001500050e-03 6.000600060006001067e-04 8.100810081008101224e-03 1.200120012001200213e-03 6.000600060006001067e-04
7.500750075007500683e-03 3.000300030003000534e-04 3.000300030003000534e-04 5.700570057005700797e-03 6.000600060006001067e-04 3.000300030003000534e-04 5.400540054005400527e-03 3.000300030003000534e-04 6.000600060006001067e-04 4.800480048004800854e-03 6.000600060006001067e-04 3.000300030003000534e-04
4.800480048004800854e-03 3.000300030003000534e-04 1.200120012001200213e-03 3.600360036003600207e-03 9.000900090009000517e-04 1.500150015001500050e-03 3.300330033003300370e-03 9.000900090009000517e-04 3.000300030003000534e-04 3.000300030003000100e-03 6.000600060006001067e-04 3.000300030003000534e-04
3.600360036003600207e-03 0.000000000000000000e+00 0.000000000000000000e+00 2.700270027002700263e-03 0.000000000000000000e+00 0.000000000000000000e+00 2.700270027002700263e-03 6.000600060006001067e-04 3.000300030003000534e-04 4.800480048004800854e-03 6.000600060006001067e-04 3.000300030003000534e-04
2.100210021002100157e-03 9.000900090009000517e-04 6.000600060006001067e-04 2.400240024002400427e-03 3.000300030003000534e-04 1.200120012001200213e-03 5.700570057005700797e-03 0.000000000000000000e+00 1.800180018001800103e-03 2.700270027002700263e-03 6.000600060006001067e-04 3.000300030003000534e-04
3.300330033003300370e-03 1.200120012001200213e-03 9.000900090009000517e-04 4.500450045004500584e-03 9.000900090009000517e-04 9.000900090009000517e-04 3.300330033003300370e-03 3.000300030003000534e-04 3.000300030003000534e-04 2.100210021002100157e-03 6.000600060006001067e-04 0.000000000000000000e+00
3.000300030003000100e-03 3.000300030003000534e-04 2.100210021002100157e-03 3.000300030003000100e-03 3.000300030003000534e-04 0.000000000000000000e+00 2.400240024002400427e-03 1.800180018001800103e-03 9.000900090009000517e-04 1.800180018001800103e-03 3.000300030003000534e-04 3.000300030003000534e-04
