9.057905790579054983e-01 9.255925592559252069e-01 9.711971197119712018e-01 8.979897989798971691e-01
8.670867086708665683e-01 8.391839183918395895e-01 8.199819981998205387e-01 8.889888988898890787e-01
8.106810681068107316e-01 7.980798079807982504e-01 8.367836783678367363e-01 8.265826582658265531e-01
7.419741974197413548e-01 8.025802580258030172e-01 7.872787278727876314e-01 8.559855985598566752e-01
7.587758775877588846e-01 7.350735073507357331e-01 7.122712271227127356e-01 7.041704170417052433e-01
6.588658865886592997e-01 6.324632463246331326e-01 6.807680768076814770e-01 6.036603660366038904e-01
6.063606360636074610e-01 6.174617461746180203e-01 5.649564956495656265e-01 5.307530753075313523e-01
4.314431443144319811e-01 4.218421842184225112e-01 5.097509750975102172e-01 4.203420342034208668e-01
3.705370537053710445e-01 3.711371137113715912e-01 4.668466846684675153e-01 3.687368736873691266e-01
3.066306630663070409e-01 3.327332733273329901e-01 3.558355835583564830e-01 3.444344434443448177e-01
3.270327032703274628e-01 2.589258925892593544e-01 2.550255025502554673e-01 2.946294629462949954e-01
2.130213021302133636e-01 2.253225322532257380e-01 2.229222922292232734e-01 1.827182718271830597e-01
2.319231923192323075e-01 1.491149114911493601e-01 1.821182118211823464e-01 1.698169816981700830e-01
1.338133813381340298e-01 1.404140414041406271e-01 1.476147614761478266e-01 1.602160216021603911e-01
1.077107710771079141e-01 1.164116411641166055e-01 1.371137113711373701e-01 1.458145814581460198e-01
1.581158115811583109e-01 1.026102610261028086e-01 9.870987098709889385e-02 9.060906090609079089e-02
8.760876087608772400e-02 7.860786078607877314e-02 1.224122412241226143e-01 7.500750075007514561e-02
6.030603060306041069e-02 6.960696069606972514e-02 8.040804080408052446e-02 5.850585058505860386e-02
4.830483048304838600e-02 6.420642064206433242e-02 5.160516051605170545e-02 4.980498049804989169e-02
3.930393039303937963e-02 4.740474047404746871e-02 2.520252025202524698e-02 5.070507050705078816e-02
3.810381038103815426e-02 4.050405040504057724e-02 3.360336033603365108e-02 2.970297029702975364e-02
2.520252025202524004e-02 3.420342034203426723e-02 5.730573057305742013e-02 3.270327032703274767e-02
1.650165016501653481e-02 2.100210021002104147e-02 2.790279027902794334e-02 1.860186018601863236e-02
2.880288028802885023e-02 9.000900090009015045e-03 1.950195019501953231e-02 2.130213021302134260e-02
2.190219021902193100e-02 1.560156015601562793e-02 1.590159015901592560e-02 1.290129012901292636e-02
1.470147014701473145e-02 9.600960096009615585e-03 7.500750075007511092e-03 7.500750075007510224e-03
1.080108010801082360e-02 8.100810081008118571e-03 6.600660066006613751e-03 1.290129012901292636e-02
4.200420042004206385e-03 7.500750075007515429e-03 1.890189018901893697e-02 6.600660066006613751e-03
7.200720072007210822e-03 1.170117011701172181e-02 9.300930093009319652e-03 4.500450045004504920e-03
1.020102010201022480e-02 8.100810081008111632e-03 2.700270027002697661e-03 4.800480048004806058e-03
